0
0
0
3
54
86
92
92
93
82
98
90
78
69
70
62
44
55
88
92
123
123
148
153
220
195
151
188
177
183
176
129
100
136
155
145
163
154
159
157
111
78
79
123
157
174
181
101
103
164
164
191
172
165
158
120
92
82
122
127
169
197
195
178
116
103
104
102
112
95
112
107
108
120
126
142
120
102
103
55
56
106
105
107
119
145
127
95
85
130
116
117
108
92
121
142
122
124
93
92
101
79
62
83
80
106
154
177
175
173
138
98
89
92
91
101
147
168
139
140
143
147
127
128
145
136
113
122
125
94
115
143
110
118
138
138
131
136
137
87
90
75
93
130
112
88
111
120
99
93
89
111
108
108
137
147
119
88
87
86
91
58
40
63
57
43
44
40
62
66
113
135
136
108
63
60
63
97
126
173
187
144
124
106
53
48
60
68
94
122
127
127
132
151
127
117
110
152
140
148
172
180
155
153
140
128
106
77
100
151
154
165
140
129
122
113
111
150
169
173
162
156
137
124
122
163
118
115
94
68
39
45
80
115
141
145
153
107
112
98
63
51
27
48
54
91
119
126
139
106
108
97
75
76
98
106
128
136
152
136
106
100
104
118
99
83
100
117
146
164
179
193
192
151
118
95
76
47
57
55
69
93
127
131
114
92
83
80
88
83
81
117
132
125
172
185
181
190
186
215
