0
0
0
0
0
0
0
0
0
3
25
26
24
24
21
18
18
19
20
18
18
18
20
19
18
18
33
41
19
18
36
36
33
77
85
81
81
115
94
82
97
117
113
115
110
109
104
118
109
124
109
143
162
161
179
204
182
157
198
225
267
262
272
241
214
201
210
192
178
206
226
198
209
204
250
266
287
305
285
232
244
240
200
211
197
183
202
238
218
212
243
267
248
222
219
216
183
170
168
193
186
207
218
203
201
216
240
236
257
302
329
335
332
336
346
377
404
402
372
373
336
340
343
350
348
380
384
353
327
274
226
229
257
271
280
294
322
332
320
346
334
368
395
349
325
301
310
297
285
298
295
329
358
362
388
405
416
417
442
415
387
372
340
365
305
295
306
318
340
362
383
418
410
437
432
386
387
396
352
338
374
381
398
397
385
368
329
309
286
291
318
334
354
347
299
303
308
299
280
275
299
312
329
315
307
288
295
291
323
325
326
315
321
297
346
351
338
339
358
292
267
265
284
282
284
304
315
304
282
262
267
278
297
295
321
320
270
273
276
314
286
257
281
290
275
237
242
297
342
370
386
422
351
288
271
264
260
270
256
231
241
237
237
266
319
362
416
405
423
431
387
315
287
253
268
319
329
347
345
347
374
394
399
364
353
348
357
375
352
333
320
289
268
251
254
277
250
250
236
252
