0
23
38
50
48
50
97
174
182
191
189
203
203
226
175
180
337
353
377
439
480
485
518
538
528
515
520
555
589
616
631
616
568
575
635
638
643
619
631
628
655
688
680
741
787
840
826
827
906
894
901
922
967
995
1017
1014
1030
1080
1111
1119
1169
1190
1200
1231
1218
1166
1177
1181
1188
1162
1175
1239
1295
1337
1416
1449
1486
1473
1509
1534
1558
1556
1543
1530
1552
1606
1680
1750
1772
1758
1787
1784
1775
1801
1842
1880
1945
2001
2048
2013
1973
1925
1999
2006
2062
2097
2114
2112
2104
2124
2079
2075
2097
2164
2200
2244
2262
2217
2192
2191
2233
2290
2330
2285
2245
2275
2365
2403
2413
2340
2373
2377
2382
2415
2511
2576
2526
2523
2474
2447
2434
2455
2558
2603
2629
2598
2610
2660
2664
2694
2743
2789
2827
2789
2763
2763
2755
2864
2908
2881
2856
2850
2763
2734
2764
2868
2840
2846
2835
2926
2967
2924
2885
2894
2917
2933
2931
2870
2855
2857
2861
2819
2807
2794
2787
2833
2831
2848
2934
2952
2881
2820
2822
2839
2849
2836
2811
2784
2742
2738
2770
2756
2741
2820
2818
2790
2797
2876
2898
2929
2939
2941
2952
2934
2901
2930
2927
2944
2927
2897
2898
2912
2924
2939
2960
2985
3048
3030
3049
3057
3087
3063
3076
3059
3060
3036
3018
3017
2993
2985
2924
2832
2855
2892
2886
2891
2857
2821
2791
2764
2807
2796
2754
2724
2700
2737
2706
2694
2740
2729
2788
2795
2784
2795
2720
2718
2753
2752
2747
2732
2680
2615
2597
2594
2674
2732
2739
2732
2754
2801
2745
2683
2628
2602
2651
2654
2649
2693
2719
2736
2695
2723
2759
2727
2681
2696
2700
2623
2655
2668
