0
0
0
0
0
27
41
57
55
77
90
85
78
58
44
33
33
43
29
39
29
40
59
78
65
86
116
124
111
78
48
38
63
107
113
118
132
137
96
69
75
102
112
119
106
80
63
52
99
118
114
105
82
73
71
92
86
72
66
68
58
63
56
54
54
59
69
121
155
139
155
106
106
95
63
45
39
55
65
84
87
91
72
71
124
113
88
104
99
87
75
73
55
46
42
44
37
70
71
72
93
75
50
60
70
92
103
116
129
147
125
128
117
139
111
82
67
77
74
98
98
65
68
94
104
107
103
133
136
141
158
158
99
74
89
99
121
126
136
114
111
61
57
105
121
137
121
105
76
40
44
48
69
72
75
82
119
126
136
82
61
160
149
175
215
147
92
91
70
50
57
65
75
82
87
83
84
82
86
112
114
99
114
141
133
121
139
152
91
81
66
74
89
111
140
154
173
166
154
149
155
136
124
123
121
110
139
148
190
180
179
155
91
77
78
99
82
66
84
92
102
137
148
187
191
168
162
109
86
60
57
72
61
105
117
123
138
105
82
109
140
177
190
170
128
186
215
203
178
158
137
107
93
131
201
278
282
262
240
191
178
164
175
159
145
142
140
140
176
183
163
203
191
191
178
159
190
195
134
139
181
148
142
164
187
179
156
119
149
162
198
228
224
219
205
211
176
217
186
168
