17
118
145
146
150
170
175
177
184
209
224
249
275
290
288
283
338
410
393
431
461
468
491
485
447
441
478
493
564
593
621
598
633
647
653
653
695
746
741
756
842
902
970
946
922
933
986
1086
1101
1067
1087
1087
1153
1216
1225
1230
1287
1338
1303
1312
1311
1252
1280
1297
1325
1275
1374
1387
1468
1459
1453
1422
1437
1418
1525
1578
1608
1650
1639
1652
1658
1661
1650
1679
1718
1759
1759
1739
1724
1737
1782
1715
1742
1780
1835
1845
1855
1887
1894
1903
1958
2052
2057
2052
2052
2024
1983
2058
2071
2102
2161
2228
2238
2272
2264
2323
2338
2299
2309
2297
2302
2334
2325
2338
2378
2363
2329
2310
2368
2384
2420
2420
2376
2398
2388
2428
2417
2428
2411
2423
2430
2383
2418
2446
2509
2509
2477
2479
2483
2549
2527
2497
2532
2510
2538
2550
2526
2510
2493
2485
2491
2472
2515
2509
2559
2536
2557
2602
2611
2603
2584
2530
2477
2546
2566
2578
2566
2550
2521
2497
2501
2507
2524
2567
2565
2562
2556
2550
2512
2589
2611
2685
2676
2613
2607
2637
2621
2587
2571
2634
2641
2561
2565
2550
2559
2620
2566
2534
2540
2598
2611
2665
2775
2895
2893
2836
2779
2794
2760
2777
2864
2848
2841
2785
2721
2671
2656
2693
2679
2702
2657
2620
2612
2604
2604
2597
2635
2608
2596
2565
2610
2590
2606
2605
2642
2701
2698
2667
2650
2621
2676
2725
2680
2675
2672
2691
2725
2692
2621
2608
2621
2675
2672
2656
2715
2746
2761
2733
2714
2749
2731
2751
2752
2740
2797
2838
2834
2835
2876
2942
2959
3031
3038
3017
3022
2942
2924
2895
2864
2912
2886
2828
2807
2837
2896
2856
2882
2799
2829
2770
