0
0
0
0
0
0
0
0
0
0
0
0
0
12
49
76
88
106
92
68
48
37
36
25
38
36
30
18
15
0
6
36
72
76
108
126
101
99
81
83
52
40
62
57
71
101
154
168
162
177
133
108
133
157
136
137
157
146
137
110
61
75
88
121
139
137
130
139
144
126
82
69
89
120
121
117
102
121
101
66
86
124
138
127
100
79
87
92
78
64
54
45
50
64
43
26
60
65
97
117
106
109
88
72
35
46
69
84
158
202
216
190
92
85
111
125
117
82
72
80
100
137
159
153
172
161
142
108
77
100
138
153
152
136
128
111
96
85
75
48
33
44
39
46
44
57
61
56
45
66
69
57
67
64
73
54
96
99
92
91
75
36
3
18
35
109
184
266
259
223
184
192
174
185
148
153
163
170
137
121
122
123
123
163
165
143
86
74
123
105
124
159
138
121
129
110
100
101
104
135
137
127
105
123
119
149
144
146
103
92
95
100
84
89
43
38
73
114
90
116
91
73
70
97
111
104
108
103
87
60
24
36
97
120
158
127
148
148
120
120
75
51
45
27
27
21
18
30
82
98
99
83
52
36
15
30
24
36
57
88
144
230
232
236
207
193
189
193
181
182
148
130
166
132
89
89
103
112
144
132
136
141
126
109
120
129
130
147
129
112
109
116
136
141
122
106
92
66
86
100
