0
0
0
0
0
0
0
0
26
58
60
95
112
113
97
66
88
109
103
115
108
95
79
111
131
173
182
184
177
188
180
154
133
118
135
100
88
66
94
149
126
129
111
103
78
81
54
44
42
18
18
18
6
0
0
0
0
21
43
45
68
79
89
97
123
155
199
153
165
203
159
142
119
83
93
104
65
63
57
43
45
68
78
72
36
24
6
34
71
71
86
128
135
108
108
129
147
119
108
73
57
48
84
109
101
81
84
93
76
77
30
24
29
46
50
58
60
72
68
36
47
58
66
66
76
113
127
123
137
170
174
142
126
121
93
90
72
54
66
78
75
90
121
130
109
108
138
105
88
117
89
74
61
57
36
21
24
57
80
84
97
126
127
143
138
141
122
70
45
34
20
48
74
81
67
102
102
130
126
148
196
185
142
148
156
108
111
97
70
69
81
75
51
57
87
112
133
144
132
132
114
140
156
162
156
138
134
148
164
160
160
148
116
87
103
104
110
92
78
71
64
120
153
141
171
168
216
221
247
280
244
273
262
206
203
159
105
83
76
86
134
132
109
94
78
61
64
90
99
107
96
69
93
118
177
194
183
176
152
116
129
124
140
154
158
154
143
152
170
115
103
133
153
183
199
167
138
111
84
42
60
81
129
153
185
194
146
129
113
61
56
67
96
93
101
107
107
131
111
140
