0
0
0
0
0
0
0
0
0
0
0
0
0
0
14
25
33
49
38
24
24
8
25
24
56
69
104
121
139
155
146
127
70
46
97
126
126
134
101
87
86
103
125
115
87
83
76
65
102
114
123
140
154
159
126
104
115
113
92
77
37
39
52
53
62
79
112
133
162
133
111
135
148
127
108
88
33
26
25
28
40
37
45
54
80
100
137
164
171
123
140
111
105
96
89
118
134
155
171
145
102
73
72
73
74
79
122
113
107
109
139
167
160
156
150
132
118
135
150
144
144
160
135
148
132
90
127
120
80
78
85
90
84
65
91
94
145
156
156
153
130
99
128
129
155
127
117
115
121
100
76
47
51
123
219
244
251
246
251
177
145
129
134
100
90
84
81
93
123
142
168
200
197
235
231
201
150
123
83
109
103
92
122
130
130
113
149
197
170
156
150
78
73
96
134
149
168
205
208
177
134
128
111
125
118
55
36
38
37
54
74
58
96
96
108
118
137
120
124
74
59
43
36
29
90
124
132
123
90
74
77
68
69
42
60
80
79
43
68
78
89
109
73
99
94
80
62
27
19
68
108
129
91
84
101
78
74
56
53
45
59
66
63
99
104
92
61
58
91
105
103
128
104
82
111
125
169
160
171
137
148
151
166
160
123
122
94
92
100
78
111
111
79
55
51
83
82
78
81
69
