0
0
0
0
0
0
0
0
21
40
89
95
91
61
38
43
50
49
60
123
109
110
143
114
109
90
74
60
51
19
44
93
115
130
124
98
86
102
162
193
212
230
274
256
218
176
105
66
66
82
64
50
47
36
15
25
40
63
82
81
75
82
88
79
107
131
133
98
110
115
122
138
140
133
108
58
86
177
187
177
166
154
162
125
52
68
61
66
70
88
136
132
172
189
128
92
70
60
94
101
103
118
87
123
70
48
44
46
102
125
91
113
100
84
43
65
76
68
68
98
106
104
90
119
108
98
89
56
60
107
133
180
147
132
111
90
108
86
97
57
54
54
66
69
78
72
75
98
148
152
165
184
135
133
92
82
66
105
91
85
78
81
39
62
55
61
80
90
118
164
148
161
135
119
64
18
31
47
33
33
33
27
34
44
42
74
94
118
111
132
126
116
113
114
111
82
85
83
88
108
131
104
110
134
171
126
95
169
161
185
144
162
144
114
111
92
85
71
33
66
72
92
115
153
138
123
125
124
145
134
129
147
112
103
110
99
115
79
48
45
36
21
15
15
18
40
73
118
126
87
88
66
26
22
56
54
79
88
78
69
54
43
21
38
61
70
56
51
58
65
82
113
126
123
136
113
82
108
101
153
154
152
144
176
127
65
87
101
129
151
166
163
213
124
139
101
102
104
88
63
