0
0
0
0
0
0
0
0
0
0
0
0
0
0
0
0
0
0
0
0
0
24
98
112
130
139
147
140
142
120
100
90
91
95
59
43
45
30
30
60
78
93
81
108
130
119
123
152
131
99
85
99
119
134
116
128
86
57
51
74
96
88
54
57
64
41
26
37
50
49
48
54
54
81
81
111
106
71
87
124
104
76
76
41
26
37
38
18
25
23
18
18
18
34
44
24
39
63
57
82
86
69
72
92
88
106
112
126
139
176
169
145
169
152
122
105
152
190
147
132
120
114
173
147
106
87
81
81
45
36
75
62
64
91
95
69
66
54
57
48
33
54
83
87
127
131
117
140
136
105
96
61
78
101
106
101
151
175
168
136
151
123
99
69
39
36
62
61
72
96
142
155
132
148
134
105
90
81
97
99
107
72
84
110
111
138
181
130
157
168
137
118
102
114
128
127
184
235
225
210
172
109
92
84
64
49
46
43
43
62
85
83
162
214
198
185
204
156
162
188
133
121
160
151
145
161
134
137
114
127
153
145
131
183
205
162
129
119
91
60
51
65
129
173
182
201
171
130
131
95
73
78
51
54
60
76
121
175
167
138
98
94
93
97
81
68
43
60
60
81
91
89
94
145
148
127
147
168
182
167
156
157
159
156
174
161
142
140
142
144
117
152
145
112
98
140
234
258
263
248
