0
0
0
0
0
0
0
0
0
0
0
0
0
0
0
0
0
0
0
21
25
26
24
24
42
59
90
83
131
157
126
118
106
112
98
58
35
33
57
57
63
81
120
126
144
159
167
130
125
118
112
169
180
187
200
172
144
171
189
191
195
163
129
102
114
126
118
86
60
72
57
62
64
44
34
62
61
57
45
72
120
144
173
170
116
95
64
30
6
27
60
53
38
59
91
88
76
111
119
104
95
87
80
91
108
98
72
101
98
81
57
73
71
44
37
36
33
66
108
151
182
217
156
134
117
54
26
68
74
69
98
94
47
67
67
94
76
73
82
82
108
132
129
94
89
93
94
141
169
154
124
139
122
89
111
97
160
189
174
165
137
98
90
69
81
127
171
231
236
226
197
153
135
120
90
105
75
51
100
123
115
97
127
113
147
151
156
133
140
116
76
75
86
106
128
140
151
141
120
86
73
51
36
63
85
101
87
112
125
108
103
125
121
119
144
135
116
114
88
64
56
39
48
63
111
162
154
149
142
98
69
69
78
72
68
80
95
120
135
155
130
105
145
152
135
134
151
143
110
92
114
97
118
103
115
80
91
97
111
148
165
181
150
137
121
107
78
60
48
39
84
118
135
144
122
115
74
60
25
55
56
76
91
102
106
123
86
71
70
88
96
125
117
141
115
99
102
80
105
163
