0
0
0
9
15
15
15
15
31
38
48
54
48
45
60
64
67
67
60
57
57
58
65
72
84
84
86
89
71
66
81
108
124
138
132
107
96
84
119
129
132
158
189
180
188
212
188
167
181
163
174
184
180
173
191
184
217
200
187
177
141
157
161
185
180
186
176
163
153
163
193
188
142
161
165
174
259
255
278
289
283
250
242
226
219
233
276
283
233
235
272
293
297
315
313
276
243
242
234
240
231
244
256
260
236
252
252
247
270
265
297
297
302
275
260
289
307
314
299
258
212
208
227
236
241
247
266
283
300
293
364
393
383
381
353
366
324
314
314
323
326
303
301
304
292
315
323
300
328
324
296
319
293
292
351
332
327
313
304
297
329
345
360
305
300
310
318
329
352
324
307
292
293
315
315
346
345
284
241
237
229
253
264
290
319
311
278
234
226
256
282
284
284
278
274
279
255
244
245
244
267
296
309
348
356
352
366
353
368
357
349
318
258
284
334
356
362
338
310
305
303
299
306
338
325
295
267
241
275
302
319
371
421
438
437
410
373
373
342
357
355
319
316
323
353
355
349
356
358
357
345
319
294
286
267
263
261
284
287
319
388
371
389
359
286
276
246
262
289
303
300
345
298
288
292
209
202
219
217
215
250
285
276
285
317
304
299
252
216
237
233
257
236
263
284
243
246
250
259
293
