0
0
0
9
24
24
24
21
18
20
19
18
18
18
20
21
43
42
43
44
36
36
38
38
38
71
73
77
129
177
190
190
161
168
168
205
198
182
120
141
124
131
150
171
163
186
213
222
232
222
198
190
183
195
222
237
255
243
231
210
251
257
261
298
347
386
373
370
330
342
353
353
374
351
363
368
438
474
436
482
464
466
452
413
432
442
471
450
497
514
518
531
502
497
496
516
501
488
484
494
515
538
543
552
546
558
547
553
645
676
704
720
719
753
712
687
676
676
680
651
648
649
695
712
741
767
816
791
747
730
709
704
753
804
852
892
892
855
797
798
809
816
886
904
899
908
899
889
877
886
914
912
890
913
920
904
883
929
962
980
988
1037
1037
1080
1030
1027
1048
1071
1078
1057
1054
1032
1030
1028
1039
1039
1064
1007
1003
1028
1054
1080
1071
1052
1061
1051
1108
1125
1148
1182
1156
1211
1252
1261
1246
1290
1309
1301
1294
1328
1252
1307
1309
1304
1285
1267
1247
1257
1291
1286
1334
1341
1283
1251
1257
1273
1254
1252
1237
1217
1196
1149
1135
1148
1138
1138
1144
1168
1113
1088
1101
1117
1157
1142
1140
1138
1166
1112
1078
1085
1125
1132
1120
1109
1094
1108
1110
1118
1129
1158
1180
1185
1177
1180
1175
1191
1150
1180
1172
1167
1206
1189
1214
1207
1228
1226
1190
1145
1111
1105
1100
1119
1154
1160
1151
1166
1145
1138
1153
1202
1178
1213
1238
1203
1177
1158
1115
1088
1047
1011
1013
1060
1057
1097
1116
1129
1144
1107
1097
1098
