0
0
0
0
0
0
0
0
0
0
0
0
0
0
0
0
0
19
25
25
24
15
0
15
18
18
27
78
90
93
106
102
98
106
99
81
66
104
114
128
139
129
145
116
124
153
167
129
120
141
130
91
67
39
72
70
56
56
90
118
153
171
152
85
72
92
104
86
66
82
86
146
162
118
98
142
193
170
239
258
220
141
111
110
136
151
119
108
92
109
120
117
135
174
188
164
122
142
136
190
243
218
211
217
198
171
135
147
138
128
117
96
120
134
128
125
110
106
112
117
126
154
147
161
155
166
163
151
160
136
139
144
147
130
145
138
154
142
142
132
142
159
154
165
199
198
176
152
134
137
163
178
206
226
258
228
194
191
149
163
168
164
131
117
125
116
139
141
160
180
170
168
236
235
250
254
235
195
172
156
146
147
146
181
175
181
159
109
94
75
82
131
139
155
134
151
161
151
160
140
139
136
121
122
139
161
187
238
251
221
250
280
272
333
314
254
226
199
134
103
116
132
121
142
154
214
201
178
176
135
171
173
160
168
156
143
172
177
179
159
146
119
118
126
101
120
125
92
112
126
175
166
145
130
75
76
93
157
187
184
162
155
176
157
142
135
149
119
148
171
194
201
194
176
221
204
184
185
189
214
210
219
198
142
99
93
83
90
97
129
156
161
101
136
160
167
168
204
149
160
