0
0
15
93
135
138
198
218
228
220
197
191
215
271
315
354
360
398
394
394
432
455
473
466
476
492
547
549
541
522
539
607
628
566
528
538
620
641
664
691
717
727
730
763
745
786
832
874
911
894
928
960
999
1008
1034
1035
1129
1140
1162
1158
1262
1287
1255
1243
1183
1204
1192
1233
1287
1346
1317
1252
1304
1303
1312
1345
1375
1431
1417
1469
1499
1467
1456
1464
1498
1515
1482
1453
1446
1513
1535
1582
1612
1629
1626
1618
1625
1657
1671
1696
1698
1706
1740
1807
1840
1843
1794
1800
1803
1833
1859
1844
1830
1857
1876
1996
2048
2092
2130
2178
2212
2314
2321
2287
2241
2248
2255
2217
2216
2250
2224
2209
2294
2311
2361
2420
2487
2524
2526
2532
2503
2461
2456
2462
2428
2450
2471
2503
2546
2569
2604
2645
2518
2504
2531
2557
2594
2529
2549
2568
2558
2577
2540
2510
2518
2595
2665
2684
2761
2756
2783
2771
2689
2737
2808
2840
2862
2838
2789
2794
2837
2910
2935
2915
2885
2904
2924
2919
2900
2927
2917
2889
2956
2990
3040
3039
3079
3135
3057
2996
2984
2996
2955
2946
2907
2950
2939
2930
2877
2852
2835
2844
2826
2889
2878
2855
2892
2859
2805
2812
2873
2889
2853
2865
2870
2851
2903
2916
3034
3075
3116
3091
3052
3044
3016
2994
2898
2906
2948
2965
3038
2954
2947
2877
2896
2915
2978
3017
3007
3041
3087
3098
3082
3075
3047
3047
3020
2997
2974
3004
3040
3020
3042
3101
3115
3064
3038
3015
3025
3018
3054
3061
3067
3070
3050
3016
3059
3036
3075
3056
3064
3022
3068
3048
3001
3007
3013
3092
2999
2951
2949
2962
3001
2943
2933
2934
2955
2934
2918
2937
