0
0
0
0
0
0
0
0
0
0
0
0
0
0
15
36
67
97
111
135
144
108
75
92
85
92
115
100
84
123
149
150
107
103
113
113
131
139
125
93
53
90
119
138
142
134
130
84
43
40
51
54
54
55
47
30
42
48
22
30
56
65
103
72
76
106
112
95
109
97
80
39
48
78
106
114
136
142
182
229
265
258
206
165
130
105
105
127
147
176
137
91
68
72
74
69
73
36
48
73
98
81
96
89
94
131
134
155
140
159
155
147
113
91
65
67
58
66
51
81
128
160
185
205
131
91
112
147
153
130
166
185
138
145
193
175
216
218
185
181
213
156
149
178
146
128
117
123
83
57
58
71
83
88
117
166
130
144
100
96
78
62
73
42
42
60
82
97
94
93
88
119
111
150
142
155
138
66
49
50
42
53
65
68
63
57
87
98
116
128
131
115
66
64
65
48
36
16
30
33
33
35
37
23
27
57
75
81
96
103
89
66
51
73
78
110
81
57
59
49
53
52
51
55
71
75
84
87
91
65
82
89
76
78
68
78
71
128
129
130
130
114
100
116
150
158
165
161
174
162
156
135
111
119
117
139
160
122
106
108
88
83
102
103
98
120
113
134
154
174
186
169
157
164
135
144
214
228
235
228
232
261
210
179
160
124
81
75
98
83
82
94
128
143
105
111
122
123
110
108
