0
0
0
0
0
0
0
0
0
0
0
0
0
9
26
25
24
21
0
3
24
39
90
102
107
79
48
42
62
62
51
49
28
27
77
106
116
157
188
211
157
129
112
84
100
93
79
108
128
145
143
102
74
34
42
24
35
34
25
34
28
36
55
116
132
106
114
92
102
120
134
150
126
117
157
158
151
115
131
159
154
154
176
227
213
174
171
90
72
21
63
74
92
123
162
157
149
129
98
153
133
110
87
86
79
108
137
189
162
121
108
106
96
96
83
119
165
157
149
118
69
89
168
203
219
176
127
119
102
81
139
151
198
208
191
202
179
94
82
110
96
117
134
165
152
136
129
108
104
96
112
106
125
136
145
149
93
82
104
98
90
88
125
126
146
129
131
135
118
87
96
98
90
81
101
87
95
95
115
150
168
176
173
140
146
125
118
114
111
119
123
128
161
162
166
204
196
200
206
189
155
148
133
113
113
134
140
109
88
96
73
63
63
71
93
70
88
92
74
98
74
72
60
70
56
81
111
111
98
57
46
31
47
79
138
199
213
188
202
143
136
155
176
128
76
50
27
25
33
49
65
63
64
74
81
87
73
55
46
72
103
130
152
148
151
111
127
133
152
154
167
183
200
218
243
217
209
192
170
122
105
81
77
86
97
186
205
199
202
200
169
156
129
111
79
97
83
91
80
80
