0
12
24
24
25
26
18
33
51
68
88
90
89
83
79
73
72
74
90
94
94
117
142
147
139
129
123
131
158
171
198
217
231
237
259
267
249
290
337
328
287
255
257
255
241
240
273
259
260
280
366
396
405
423
416
422
409
398
438
479
468
412
387
380
405
420
461
439
431
454
452
474
477
466
489
475
489
502
513
534
506
502
518
551
565
548
570
628
631
654
649
634
647
717
741
721
703
704
717
691
667
636
644
687
714
733
768
814
812
789
789
860
889
863
875
890
890
900
905
857
835
819
849
844
831
864
881
880
851
804
822
846
839
860
882
902
961
1009
1025
1024
1019
952
947
963
958
951
939
983
1020
997
1001
1014
1007
1008
1011
998
1001
1021
1009
1043
1064
1069
1059
1060
1060
1061
1041
997
974
939
927
973
966
971
981
973
988
994
1029
1037
1050
1064
1100
1049
994
976
991
1000
1017
1024
1043
1053
1065
1066
1082
1152
1121
1112
1082
1040
1070
1061
1023
1018
1024
1037
1082
1076
1070
1064
1067
1051
1042
1057
1076
1089
1051
1013
999
1007
972
977
938
955
948
962
943
948
949
970
984
926
956
980
986
956
960
1016
1056
1081
1039
1028
1036
1004
975
997
976
995
984
962
932
918
956
1046
1081
1078
1110
1137
1105
1070
1072
1075
1039
1049
1017
1049
1093
1072
1082
1093
1047
1039
1062
1062
1049
1061
1052
1081
1106
1146
1208
1235
1192
1171
1187
1105
1033
1028
990
1019
1040
1055
1064
1035
1054
1011
1012
1033
1066
1065
