0
0
0
0
0
0
0
0
0
0
0
0
0
27
50
58
72
69
57
64
56
60
108
102
103
151
124
109
91
118
93
123
195
198
195
198
206
183
120
93
105
88
70
80
51
48
77
122
168
186
163
153
166
157
120
123
167
159
141
114
69
98
97
81
89
85
101
107
86
104
84
76
93
90
71
99
108
121
106
104
100
83
117
144
163
106
76
82
85
91
99
67
62
77
82
116
97
72
106
92
101
55
65
67
66
100
148
156
147
164
144
136
150
119
108
110
163
103
79
106
88
85
111
139
108
101
102
72
55
66
98
95
106
132
147
157
174
155
155
143
125
130
102
107
107
103
72
57
54
58
47
71
94
107
122
122
117
110
124
129
140
132
136
130
127
141
142
120
75
80
96
105
149
131
155
182
194
176
151
141
100
77
102
138
171
170
128
113
93
36
33
38
50
70
100
116
104
95
124
132
167
135
103
135
155
161
180
140
127
94
151
165
130
139
153
146
143
124
121
147
123
102
114
118
117
113
99
96
88
92
99
105
132
142
134
114
112
136
136
113
76
46
32
82
97
110
107
78
58
38
42
61
97
100
95
93
85
66
83
88
81
63
66
100
123
134
142
140
140
152
138
109
88
85
73
49
57
40
58
86
99
104
113
130
146
158
176
136
116
112
95
42
42
54
106
129
156
188
175
153
