0
22
38
48
80
79
78
89
123
146
179
190
215
243
258
266
274
309
312
302
301
311
348
398
434
497
534
540
512
499
506
502
555
570
573
582
614
644
720
761
798
890
881
834
829
824
829
857
904
880
869
871
850
876
920
916
947
983
973
949
1003
1094
1150
1169
1168
1240
1286
1254
1260
1270
1320
1417
1396
1408
1455
1485
1502
1584
1609
1608
1582
1577
1591
1590
1595
1597
1663
1743
1733
1725
1756
1789
1778
1752
1746
1792
1853
1902
1891
1921
1957
1942
1956
1936
2022
2063
2038
2050
2019
2044
2088
2081
2125
2176
2191
2174
2154
2188
2183
2197
2239
2266
2311
2299
2294
2372
2411
2392
2357
2345
2370
2386
2345
2352
2398
2448
2434
2416
2448
2490
2483
2467
2440
2468
2525
2596
2562
2528
2530
2546
2581
2585
2651
2636
2625
2608
2553
2598
2588
2606
2580
2531
2514
2469
2455
2429
2427
2414
2414
2404
2424
2482
2496
2504
2487
2431
2440
2469
2496
2476
2542
2497
2456
2474
2441
2430
2421
2436
2364
2320
2349
2410
2411
2398
2437
2466
2557
2522
2415
2412
2460
2534
2545
2475
2468
2487
2521
2545
2545
2656
2665
2672
2635
2641
2672
2641
2589
2582
2647
2690
2698
2758
2729
2688
2655
2637
2632
2696
2730
2768
2787
2725
2758
2774
2803
2832
2773
2791
2797
2869
2861
2830
2779
2694
2684
2758
2823
2879
2863
2861
2792
2785
2766
2817
2791
2727
2766
2807
2819
2809
2825
2830
2788
2834
2827
2868
2923
2877
2814
2753
2804
2850
2811
2778
2789
2898
2869
2919
2885
2820
2839
2834
2844
2841
2968
3010
3089
3113
3126
3127
3045
3095
3077
3102
3084
3042
3029
3007
3046
3011
