0
0
0
0
0
0
18
21
26
37
86
104
119
171
141
138
115
72
54
33
15
15
15
15
38
57
84
96
125
121
112
95
87
63
70
57
105
162
174
129
128
75
57
66
63
42
47
67
48
45
67
80
62
71
92
88
89
80
82
66
62
67
43
29
39
48
67
79
97
170
191
219
261
220
179
194
177
159
169
147
141
118
100
111
114
142
184
182
187
206
169
122
101
100
127
128
180
166
190
159
131
158
142
129
139
127
104
107
129
144
121
129
152
160
165
156
165
159
156
202
245
239
238
220
190
146
128
119
142
138
102
78
82
74
81
81
112
98
109
101
87
121
155
140
139
118
116
103
93
71
77
85
109
126
105
129
125
109
149
176
148
117
134
115
117
139
152
185
173
158
174
129
125
180
148
134
139
122
75
60
67
57
100
117
119
145
130
140
104
78
91
87
53
42
83
78
78
46
57
63
72
100
102
93
74
75
84
104
104
100
110
123
117
127
105
61
63
84
61
67
100
125
143
124
91
57
37
35
24
54
54
99
127
109
112
143
114
97
79
71
89
109
110
79
63
78
69
69
75
91
116
112
113
108
124
98
149
178
147
157
160
148
100
89
126
117
115
161
156
134
93
64
90
92
100
93
117
136
155
146
121
129
98
80
68
76
71
103
140
155
161
173
167
214
208
161
161
168
156
127
