0
0
0
0
0
0
0
0
0
21
24
26
25
23
19
18
18
24
57
60
67
83
89
82
101
123
125
172
177
181
216
222
246
220
207
176
216
220
240
259
249
264
285
348
298
274
269
253
270
334
339
307
293
293
294
284
312
306
295
315
335
315
268
262
277
310
311
311
359
379
390
394
387
394
395
379
374
429
449
435
429
396
411
370
357
348
354
368
389
411
397
401
444
483
527
528
546
552
486
485
459
482
495
489
456
488
494
479
426
445
440
436
443
423
431
456
473
487
514
511
500
512
505
493
462
481
454
425
502
569
581
576
586
583
531
522
482
484
479
460
477
503
519
510
498
478
469
494
515
533
530
502
491
525
532
525
528
501
499
538
596
635
604
613
592
546
524
526
514
509
505
490
496
476
511
578
570
559
521
428
446
442
456
515
524
547
537
511
529
545
522
490
530
519
511
484
501
506
499
548
556
573
570
571
519
468
460
459
500
530
527
550
529
546
539
533
547
594
580
583
636
725
779
755
691
686
612
555
516
551
553
537
541
525
508
459
448
458
453
479
517
517
517
547
547
525
491
476
465
462
456
462
440
451
435
450
450
489
521
508
521
515
497
415
396
416
418
413
443
465
494
461
434
394
402
412
457
460
457
424
462
522
558
576
558
533
545
556
572
576
593
612
604
563
591
575
547
543
544
533
