0
0
0
0
0
0
0
0
0
0
0
0
0
0
0
0
0
0
0
0
0
0
0
0
0
10
26
48
48
68
73
81
103
98
135
110
97
81
39
39
27
0
0
21
34
56
81
94
136
142
108
106
108
139
137
150
143
139
122
67
62
60
81
63
86
73
48
48
48
24
43
77
99
126
117
118
89
53
55
77
87
106
108
99
142
154
124
120
129
142
134
117
107
134
165
148
126
109
119
130
165
188
193
144
120
129
154
190
212
168
155
185
164
177
203
166
160
114
82
108
156
193
218
236
238
183
152
158
149
170
157
192
202
226
253
243
264
224
205
231
234
207
217
196
157
154
152
111
113
118
126
131
153
139
132
163
192
181
213
239
240
236
245
191
160
146
143
120
144
168
199
193
200
194
172
206
211
230
214
169
165
205
186
200
227
241
268
241
241
264
266
274
278
241
202
164
164
183
176
159
165
131
133
173
218
208
212
213
215
213
222
220
184
133
108
97
102
145
136
121
125
166
173
160
185
188
196
216
192
192
184
188
160
187
232
259
261
230
183
154
160
144
145
186
196
159
170
163
143
168
199
205
216
221
215
222
218
193
162
171
160
174
186
197
164
156
129
145
124
107
111
120
162
201
231
256
315
290
268
242
189
126
95
73
51
67
78
107
126
117
125
121
115
143
128
140
157
172
164
166
