0
0
0
0
0
0
0
0
0
0
0
0
0
0
0
0
0
0
24
36
29
55
63
77
82
83
75
73
75
78
92
136
155
151
161
183
200
176
156
136
121
118
124
149
156
208
210
212
223
219
237
259
221
205
223
266
267
284
278
233
252
247
228
236
244
232
176
184
185
213
245
261
291
295
275
308
304
287
316
292
323
344
314
282
269
260
254
274
291
292
275
260
234
272
232
251
264
271
251
269
309
293
286
282
303
313
277
265
303
311
314
331
329
356
340
335
275
232
203
241
219
223
286
343
355
373
386
344
321
291
288
278
261
244
253
250
298
330
325
316
317
325
281
242
233
227
215
208
197
188
208
244
257
230
227
258
265
256
236
269
257
259
253
243
231
239
214
215
242
262
291
324
302
331
320
344
337
306
292
298
285
300
275
275
252
254
240
240
274
311
311
308
320
327
307
306
257
223
218
219
219
256
246
264
234
241
253
271
302
323
370
358
313
298
270
236
246
254
281
313
323
285
271
278
302
247
283
255
251
259
224
204
206
218
221
216
249
263
273
308
334
334
341
296
277
249
311
291
274
257
231
225
213
233
245
202
176
169
202
209
216
240
230
245
269
306
304
306
326
318
334
321
252
235
229
247
228
271
293
332
311
250
238
240
212
208
241
260
298
276
276
251
264
251
225
229
238
248
255
267
