0
0
0
0
0
12
42
63
65
76
49
70
70
105
98
121
108
120
131
121
119
125
92
66
99
108
93
93
123
131
116
145
148
142
137
116
102
100
73
41
33
36
57
100
155
167
163
113
73
87
83
94
105
85
96
79
73
82
95
83
105
127
139
129
123
89
61
80
98
99
95
67
52
58
79
94
108
94
68
69
98
102
103
145
187
186
163
137
133
117
114
107
85
84
117
110
136
191
209
239
208
179
165
156
123
114
153
154
186
203
193
148
122
113
93
94
81
62
57
54
100
110
117
126
127
128
128
111
124
144
137
138
139
152
144
141
146
133
85
69
62
58
90
107
116
132
128
94
127
125
148
139
125
146
126
122
132
130
143
131
139
126
111
98
144
139
142
180
208
171
100
71
35
48
48
44
55
51
41
57
54
39
71
86
63
63
79
88
102
111
77
118
126
91
47
45
48
75
88
128
147
130
124
155
126
150
147
144
136
121
95
58
83
82
71
75
75
55
99
121
166
157
162
147
128
105
88
97
124
170
167
140
166
156
108
111
123
120
151
156
148
83
72
62
57
60
67
71
69
114
126
149
112
137
147
163
184
199
184
157
140
173
168
129
127
125
91
50
85
81
120
153
109
120
122
112
109
126
175
167
153
140
106
101
104
87
100
163
148
143
161
263
317
290
249
155
93
83
111
129
