0
0
21
36
36
36
45
69
96
118
151
139
91
94
95
95
110
138
125
131
104
124
126
123
129
119
103
97
74
73
74
101
112
111
116
94
88
64
46
45
45
45
84
92
133
116
94
111
87
85
105
89
57
40
48
57
72
73
92
116
142
133
111
80
89
96
117
123
90
86
98
105
81
77
78
89
120
121
117
104
79
94
103
121
170
153
161
202
142
117
148
115
88
64
68
55
55
37
36
45
74
76
118
120
162
181
163
142
142
144
166
221
253
283
303
228
134
102
85
83
81
81
99
127
144
151
192
202
205
204
188
182
169
152
195
161
152
120
138
157
196
166
155
166
152
140
144
129
118
105
114
100
79
89
120
128
144
141
139
189
185
159
166
131
143
204
232
217
217
200
198
163
123
118
117
129
165
150
146
199
260
251
243
186
149
137
120
135
104
89
126
165
141
166
183
125
153
176
159
152
123
112
69
53
63
101
123
146
170
165
150
116
94
78
84
142
124
119
118
121
112
94
90
114
135
149
193
202
194
193
151
145
118
120
131
103
99
116
101
102
98
68
87
88
77
80
98
122
132
128
173
154
138
123
74
53
31
15
33
61
133
156
175
174
162
148
153
132
139
123
147
139
128
104
83
54
71
73
73
72
66
101
82
81
79
82
52
80
108
132
133
113
84
88
68
57
33
45
34
20
