0
0
0
0
0
0
0
0
0
0
0
0
0
0
0
0
0
0
0
0
0
0
0
0
0
0
0
0
0
0
0
0
0
0
0
0
0
0
0
0
0
0
0
0
0
0
0
0
0
0
0
0
0
0
0
0
0
0
0
0
9
37
49
49
48
9
0
0
0
15
24
24
21
0
21
24
24
67
83
77
79
72
57
21
62
91
83
100
131
107
56
39
85
102
149
159
162
152
124
105
100
80
90
81
63
81
75
72
66
51
52
88
102
101
122
124
96
117
125
123
96
93
59
43
63
62
119
152
128
141
105
101
61
46
78
103
101
86
68
68
101
132
124
115
131
102
54
55
35
24
21
20
19
18
15
14
36
55
54
85
79
106
52
68
78
118
100
87
103
138
135
135
193
191
196
165
122
88
88
78
122
138
134
143
133
105
99
93
93
89
51
58
90
82
82
84
68
86
90
102
135
147
123
93
77
102
117
100
85
100
109
115
122
162
165
171
163
170
120
107
104
86
66
75
93
126
144
180
180
176
127
108
111
129
143
172
156
143
83
104
135
143
124
103
92
90
90
94
106
115
125
131
124
79
108
131
141
140
99
101
126
150
198
205
210
171
190
156
137
142
129
135
122
82
76
66
69
68
63
100
90
99
93
117
90
82
29
3
18
27
36
69
130
137
137
157
160
178
179
168
