0
0
0
0
0
0
0
0
0
0
0
0
0
0
0
0
0
0
0
0
0
0
0
0
0
0
0
0
0
0
0
0
0
0
0
0
0
0
9
24
24
28
65
58
74
50
25
24
0
0
0
3
18
18
22
38
60
80
82
100
89
84
88
50
70
89
137
125
117
113
131
142
144
131
110
97
49
12
45
56
86
111
122
117
104
124
123
171
181
169
144
121
117
169
177
192
146
86
104
94
98
95
51
57
106
95
74
79
42
48
75
94
112
142
153
159
129
140
145
138
197
193
220
198
164
148
98
63
33
18
41
70
117
184
208
200
177
166
186
178
168
138
130
111
98
89
40
24
122
142
167
177
133
87
64
55
63
57
60
72
99
81
78
75
67
72
83
70
80
71
59
68
61
78
76
82
92
89
72
51
69
105
143
154
142
140
164
157
162
150
134
95
78
80
78
80
111
125
141
176
144
153
165
116
111
110
128
96
90
84
52
52
34
24
30
43
74
102
172
206
205
157
123
108
105
103
127
128
137
138
127
126
142
155
180
172
145
97
99
114
116
110
83
102
129
105
131
144
166
186
221
240
232
180
187
168
133
147
148
139
169
188
158
100
62
42
44
52
57
72
78
108
157
158
202
215
175
172
163
158
201
195
214
177
124
126
130
125
127
140
110
111
114
110
100
96
43
44
42
30
