0
0
0
0
0
0
0
0
0
0
0
0
0
0
0
0
0
0
0
0
0
0
0
0
0
0
0
0
0
0
0
0
0
0
0
18
25
26
24
15
21
49
50
48
39
3
21
66
86
105
84
61
39
59
86
127
148
127
117
136
94
85
95
107
120
127
120
129
102
78
66
82
103
110
90
106
110
81
123
150
186
212
204
201
182
161
110
122
94
57
63
48
48
51
56
61
66
60
102
172
214
223
215
170
144
150
134
153
139
133
91
79
83
53
37
36
33
51
105
126
123
97
68
51
39
48
54
60
71
107
109
109
84
63
69
69
73
104
106
109
152
153
159
163
151
111
103
112
145
158
161
149
191
166
133
119
105
53
46
27
12
28
104
120
141
140
142
130
162
173
161
146
120
114
107
106
90
44
27
36
24
55
98
115
168
208
224
181
149
124
125
118
174
145
130
102
95
115
112
93
88
91
109
110
120
113
75
57
86
171
166
162
151
163
131
126
102
116
111
100
140
138
105
104
80
99
74
78
110
130
155
120
112
114
150
169
170
212
218
215
197
146
116
78
106
86
92
87
91
82
71
67
87
78
92
104
75
54
72
101
148
191
194
206
186
145
147
131
97
133
113
45
55
83
91
86
80
55
66
67
50
48
69
86
89
85
55
75
88
103
103
141
135
126
129
106
97
67
78
61
