0
0
0
0
0
0
0
0
0
0
0
0
0
0
0
0
0
0
0
0
0
0
0
0
0
0
0
0
0
0
0
0
0
0
0
0
0
0
22
36
37
31
24
24
26
25
42
50
64
50
55
66
93
97
113
120
112
104
124
118
125
109
79
63
84
90
114
126
126
106
110
110
129
150
137
136
134
136
140
115
112
162
210
258
215
185
157
124
104
104
76
52
55
68
106
143
129
98
70
94
105
102
89
107
118
136
126
119
120
135
113
111
109
99
101
101
89
84
117
180
158
151
149
124
130
158
169
185
192
153
98
88
84
63
51
74
124
96
94
133
149
162
140
108
110
126
151
132
147
139
99
85
66
57
79
96
82
121
153
197
204
186
206
165
112
84
68
24
69
76
90
87
92
88
90
101
106
112
74
62
68
67
45
54
78
98
122
101
128
104
93
104
106
111
115
109
98
52
69
74
88
87
65
46
30
33
37
61
73
60
77
79
49
57
57
57
45
90
115
164
162
150
115
91
90
126
153
107
109
118
73
60
66
85
116
140
154
156
121
87
31
14
33
36
66
57
55
59
63
81
108
154
163
176
166
171
167
191
165
221
238
179
152
134
86
65
65
58
91
148
214
210
176
111
104
67
66
87
72
67
67
55
48
54
54
57
90
95
128
140
139
110
88
84
98
102
88
87
99
111
