0
0
0
0
0
0
0
0
0
0
0
0
0
0
0
0
0
0
0
0
0
0
0
0
0
0
0
0
0
0
0
8
25
24
24
24
18
39
42
45
45
39
36
36
40
38
42
61
63
64
58
56
61
63
89
88
78
76
83
112
139
187
221
212
205
171
136
109
115
110
110
135
179
197
218
227
247
241
255
266
228
245
257
237
217
165
216
229
262
278
272
248
225
188
177
191
143
156
198
208
226
238
251
234
290
284
293
301
333
317
293
279
275
276
282
336
349
291
271
254
246
257
251
213
214
248
245
218
213
219
223
226
252
243
261
250
234
218
219
261
314
324
312
278
214
215
281
307
322
333
328
316
296
286
288
291
269
267
266
272
265
279
317
341
325
331
311
297
268
257
256
227
249
248
261
243
237
241
289
364
381
341
287
259
276
291
272
224
222
225
223
263
307
346
364
334
245
245
269
246
235
236
235
218
215
221
205
216
236
237
274
322
353
327
275
302
287
278
276
261
219
174
172
174
176
208
217
233
260
249
273
297
282
249
230
206
208
199
183
183
207
224
244
237
245
213
208
204
240
260
282
293
304
300
304
299
271
249
220
220
221
230
240
217
203
178
168
177
171
191
189
189
205
215
217
219
216
213
235
218
243
222
215
225
218
229
186
203
231
221
220
236
284
305
307
312
304
302
295
313
