0
0
0
0
0
0
0
0
0
0
0
0
0
0
0
0
0
0
0
0
0
0
0
0
0
0
0
0
0
0
0
0
0
0
0
0
0
0
0
0
0
0
0
0
0
0
0
12
15
15
15
36
73
89
125
123
85
51
15
33
58
71
81
115
124
134
98
121
163
136
123
132
119
132
110
102
100
140
196
202
221
192
147
104
104
93
124
152
154
193
195
171
182
142
126
139
165
199
216
212
152
129
148
176
136
129
156
176
181
134
91
60
98
116
117
102
92
62
52
39
43
56
70
92
114
109
125
112
106
110
74
76
108
128
115
136
142
157
161
190
177
132
127
128
110
117
87
83
96
117
114
114
138
111
127
118
125
103
102
119
101
94
92
115
99
98
89
41
38
40
123
155
154
155
115
96
105
84
68
41
56
123
135
166
198
220
213
174
98
80
102
105
98
98
75
78
84
75
79
130
177
160
168
144
152
157
124
106
141
116
64
33
30
27
43
50
66
126
138
156
156
88
115
97
94
77
36
30
80
95
110
97
75
81
97
109
114
96
84
84
90
72
56
66
126
140
141
157
91
90
69
73
95
81
79
77
55
35
30
50
37
27
63
105
142
135
125
108
105
83
82
95
87
91
95
88
90
105
104
109
145
164
142
166
159
229
201
166
150
135
122
102
130
122
108
145
105
95
75
72
