0
0
0
0
0
0
0
0
0
0
0
0
0
0
0
0
0
0
0
0
0
0
0
0
0
0
0
0
0
0
0
0
0
0
0
0
0
0
0
0
0
0
0
0
0
0
0
0
0
0
0
0
0
21
26
36
61
96
89
61
42
6
0
12
45
54
60
57
59
100
141
123
84
63
28
32
82
94
111
138
161
142
103
99
91
71
66
66
54
33
45
74
56
52
68
77
69
96
83
97
117
160
157
128
135
98
60
51
30
6
18
66
86
118
142
148
158
128
99
41
70
99
96
84
75
58
47
51
48
54
84
109
114
100
76
63
59
63
89
173
196
184
152
128
138
128
114
110
86
69
85
80
99
105
63
45
24
36
64
70
72
68
77
96
82
80
82
59
84
99
105
114
99
74
85
121
113
85
84
74
82
82
70
50
76
85
94
79
100
128
157
164
119
100
66
81
108
127
176
173
175
146
106
64
71
47
67
81
102
98
142
162
153
225
227
181
200
187
208
213
214
155
107
86
76
84
76
85
115
118
132
89
84
60
73
63
94
105
88
66
57
15
55
77
102
110
82
120
123
115
140
122
94
76
80
106
131
161
206
193
188
183
131
87
108
159
148
145
130
117
78
57
42
52
71
75
74
64
50
44
47
49
69
95
93
102
121
101
101
83
65
36
33
25
28
42
59
102
108
98
