0
0
0
0
0
0
0
0
0
0
0
0
0
0
0
0
0
0
0
0
0
0
0
0
0
0
0
0
0
0
0
0
0
0
0
0
0
0
0
0
0
0
6
18
21
68
89
89
58
47
37
35
36
59
105
155
160
154
134
95
68
67
96
89
112
134
125
88
51
99
150
144
159
155
134
153
166
141
117
122
131
118
101
72
72
89
83
107
80
127
140
141
101
83
85
48
40
97
131
140
122
98
55
52
80
80
91
99
114
87
67
56
48
30
36
23
43
59
74
83
103
133
133
132
130
92
75
71
81
81
79
88
83
80
84
89
95
91
125
121
110
129
85
72
95
102
97
83
81
63
67
69
41
47
52
68
103
99
122
85
67
38
48
87
78
84
131
136
132
92
95
89
49
53
39
49
50
57
87
128
133
178
176
148
135
123
74
51
50
79
118
107
108
118
125
99
99
107
97
106
103
79
63
39
21
47
49
60
36
43
56
58
44
42
45
24
78
105
123
125
121
155
142
111
110
139
158
197
221
191
144
178
211
175
170
206
191
209
193
181
148
125
95
59
33
35
67
70
74
67
87
99
96
136
155
184
209
200
152
123
168
189
167
170
128
106
136
137
155
169
171
152
136
102
119
167
167
235
222
162
139
81
76
91
96
125
134
113
114
106
105
116
114
103
103
129
128
102
108
84
