0
0
0
0
0
0
0
0
0
0
0
0
0
0
0
0
0
0
0
0
0
0
0
0
0
0
0
0
0
0
0
0
0
0
0
0
0
0
0
9
24
25
26
24
16
50
49
50
39
0
24
52
86
90
85
41
43
80
79
97
117
166
169
164
102
48
67
68
90
102
97
116
127
92
98
94
106
123
86
92
94
88
104
133
160
157
185
167
167
188
162
154
143
100
72
66
47
43
34
40
58
69
78
157
198
190
175
138
131
118
175
170
158
167
157
102
54
61
45
36
42
62
76
82
87
102
94
70
51
39
18
27
48
80
96
102
118
72
33
32
46
84
87
102
123
145
141
162
169
127
102
149
124
145
182
202
203
243
233
192
141
110
97
85
70
59
82
125
132
138
158
172
162
170
186
130
133
164
145
127
143
132
83
87
51
42
74
148
179
206
151
183
169
160
150
135
135
144
158
150
106
147
143
116
97
72
109
134
134
138
128
131
120
122
167
164
190
196
187
127
116
114
143
157
167
153
171
154
108
94
78
88
115
147
173
178
163
145
112
114
133
175
214
238
217
163
167
157
108
98
103
70
64
79
63
66
93
121
87
80
60
45
64
55
87
139
146
156
162
133
124
158
154
119
88
67
40
57
54
48
57
60
68
70
51
21
48
51
60
51
44
40
66
72
76
105
107
119
97
118
