0
0
0
0
0
0
0
0
0
0
0
0
0
0
0
0
0
0
0
0
0
0
0
0
0
0
0
0
0
0
0
0
0
0
0
0
0
0
0
0
0
0
0
0
0
0
0
0
0
0
0
0
0
0
0
0
0
0
0
0
0
0
0
0
0
0
0
0
0
0
0
0
0
0
0
0
0
0
0
0
0
0
0
0
0
21
47
54
73
71
40
58
64
69
64
54
59
54
74
67
76
112
128
121
115
139
142
143
112
109
94
102
122
128
148
124
89
59
66
71
95
120
182
185
208
231
204
198
110
96
85
74
70
74
69
66
99
125
193
186
186
182
143
85
65
91
121
112
89
125
133
181
211
214
217
158
143
133
117
138
143
152
171
185
199
180
146
135
116
160
137
118
115
119
112
106
127
112
64
53
68
90
104
104
109
82
75
78
90
87
91
101
103
116
111
111
90
74
92
134
136
164
174
150
179
145
96
81
60
57
42
45
73
84
86
112
83
56
55
27
0
0
0
13
31
76
105
120
129
103
59
49
23
54
82
137
184
158
183
206
198
153
120
100
87
48
45
76
75
53
98
131
128
87
79
74
45
102
136
128
120
119
112
133
128
82
118
100
72
72
85
59
22
34
65
137
138
130
116
90
96
116
133
144
135
138
128
94
77
49
57
66
45
55
35
30
30
30
48
48
