0
0
0
0
0
0
0
0
0
0
0
0
0
0
0
0
0
0
0
0
0
0
0
0
0
0
0
0
0
0
0
0
0
0
6
24
30
61
75
64
61
46
26
36
36
39
63
89
98
47
39
83
103
96
111
96
76
63
48
25
49
63
49
41
39
23
34
18
41
78
99
132
109
114
117
68
79
63
80
91
103
124
124
99
87
69
84
81
54
51
42
56
97
87
93
117
116
88
93
66
59
73
102
87
105
146
144
157
123
103
118
94
66
51
39
36
51
82
100
109
105
95
106
96
84
70
44
43
35
49
62
60
33
46
73
78
88
66
57
87
119
139
152
162
136
89
70
54
39
40
75
115
124
138
163
227
205
229
207
181
135
135
132
113
116
112
90
67
119
138
159
175
141
130
143
193
221
283
317
322
267
233
230
209
209
169
143
160
167
129
135
141
137
134
133
127
141
100
101
123
134
149
178
217
208
196
170
127
122
118
124
134
140
134
94
106
110
125
128
138
147
162
190
157
143
103
55
50
50
48
27
26
46
48
58
71
80
121
129
137
146
108
110
108
99
110
115
150
120
117
114
140
154
120
159
159
148
140
99
119
131
144
141
113
123
139
130
122
132
83
74
88
95
105
85
63
50
37
78
138
148
143
139
108
101
139
127
118
93
90
81
92
121
140
159
144
123
124
112
103
