0
0
0
0
0
0
0
0
0
0
0
0
0
0
0
0
0
0
0
0
0
0
0
0
0
0
0
0
0
0
0
0
0
0
0
0
0
0
0
0
0
0
0
0
0
0
0
0
0
0
0
0
0
0
18
24
26
10
15
26
25
24
24
15
12
45
64
63
47
48
75
123
140
109
100
83
64
70
69
111
106
167
177
163
135
88
48
43
43
42
48
69
100
136
154
129
113
85
46
21
32
36
21
18
19
20
30
41
58
68
89
126
128
105
117
151
113
90
88
110
77
75
110
146
133
119
102
85
81
103
94
93
74
61
57
63
45
53
91
95
100
117
123
117
117
142
133
136
137
130
146
87
61
48
84
105
115
78
44
27
27
22
25
33
79
120
130
116
69
112
107
126
129
104
105
67
60
44
40
51
66
67
88
89
107
88
109
132
110
146
135
129
137
174
175
165
150
158
150
105
100
102
80
99
106
72
60
57
86
88
95
104
152
135
159
189
181
136
88
72
69
102
133
167
153
138
113
90
85
102
90
83
79
107
117
163
200
246
244
204
188
160
106
83
42
30
18
39
56
52
66
81
87
89
91
103
90
80
81
123
124
138
129
160
145
143
112
98
94
89
91
97
116
105
132
155
157
139
137
154
178
177
198
190
147
90
61
91
103
116
136
128
178
197
181
173
188
146
117
81
