0
0
0
0
0
0
0
0
0
0
0
0
0
0
0
0
0
0
0
0
0
0
0
0
0
0
0
0
0
0
0
0
0
0
0
0
0
0
0
0
0
0
0
0
0
0
0
0
0
0
0
0
0
0
0
0
0
0
0
0
0
0
0
0
0
0
0
0
0
0
0
0
0
0
0
0
0
30
36
30
24
26
58
90
98
79
77
92
102
104
88
95
72
66
68
79
78
117
119
171
157
126
150
144
142
133
115
130
143
127
110
85
59
54
71
79
100
161
177
219
227
209
149
159
119
88
78
57
51
50
73
87
125
171
194
188
172
171
91
91
84
72
124
140
123
162
173
216
224
217
212
139
140
155
147
138
140
153
163
168
189
183
136
111
115
116
140
132
137
103
98
75
77
90
113
108
84
118
132
116
102
102
91
110
90
99
102
109
107
108
99
78
69
51
51
73
106
141
151
122
121
119
70
49
26
18
33
54
63
81
95
91
62
55
36
3
0
3
18
42
75
105
128
116
103
57
22
21
27
60
92
143
191
178
209
213
190
171
126
79
58
72
81
72
125
123
133
129
144
138
99
81
72
94
152
140
146
142
119
113
94
110
102
72
57
60
19
24
60
81
106
127
129
127
110
51
93
143
147
150
133
94
74
50
46
21
39
57
55
56
42
21
15
12
18
36
53
67
59
83
