0
0
0
0
0
0
0
0
0
0
0
0
0
0
0
0
0
0
0
0
0
0
0
0
0
0
0
0
0
0
0
0
0
0
0
0
0
0
0
0
0
0
0
0
0
0
0
0
0
0
0
0
0
0
0
0
0
0
0
0
0
11
36
34
0
0
0
0
0
0
0
0
0
0
0
0
0
0
0
0
6
24
46
50
51
66
74
68
68
65
40
36
36
39
68
109
115
108
99
65
53
55
56
79
123
139
146
130
127
127
113
92
95
67
65
90
119
138
148
180
180
174
171
166
146
126
126
109
112
127
184
203
212
204
159
137
90
86
87
108
89
103
122
159
171
162
148
143
137
169
152
180
165
157
115
115
89
83
67
54
72
63
99
142
171
153
130
88
90
86
61
59
58
42
58
84
74
147
147
171
162
150
99
55
50
48
39
54
88
121
130
123
128
125
126
116
133
99
167
171
180
195
155
131
168
146
204
250
265
229
187
146
105
82
79
93
117
139
151
139
132
106
72
72
62
40
39
60
72
113
127
134
172
138
123
82
83
90
95
86
132
153
177
183
178
168
152
134
111
123
78
59
99
115
148
170
148
151
153
118
63
92
101
115
131
145
142
161
165
143
110
111
96
88
98
119
119
86
81
84
80
103
99
106
123
141
128
111
93
84
87
120
131
113
100
79
63
72
76
74
