0
0
0
0
0
0
0
0
0
0
0
0
0
0
0
0
0
0
0
0
0
0
0
0
0
0
0
0
0
0
0
0
0
0
0
0
0
0
0
0
0
0
0
0
0
0
0
0
0
0
0
0
0
0
0
0
0
0
0
0
0
0
0
0
0
0
0
0
0
0
0
0
0
3
24
36
50
75
69
70
48
45
39
24
43
32
51
75
65
85
94
31
40
83
97
120
120
189
176
192
192
170
165
125
143
148
103
88
97
90
77
77
139
167
138
112
138
164
157
173
177
153
118
115
96
79
65
75
81
101
96
43
42
45
54
67
89
156
131
120
116
99
77
77
91
97
117
121
132
172
189
202
176
158
139
179
188
156
157
139
130
115
117
116
92
79
73
83
83
114
124
155
177
137
118
105
92
93
91
81
91
123
131
183
191
133
100
91
104
130
134
143
126
119
75
43
54
54
54
61
76
113
119
131
116
109
106
107
100
81
65
87
122
160
191
178
209
176
187
207
191
149
142
143
117
97
80
58
55
68
78
64
90
79
89
99
110
105
51
30
30
63
91
118
112
117
107
90
75
37
33
39
39
30
30
55
74
126
183
187
197
171
139
121
80
84
77
69
57
102
116
121
132
101
89
53
72
91
105
125
93
98
115
100
124
137
135
140
132
142
122
108
100
82
100
100
88
79
78
53
