0
0
0
0
0
0
0
0
0
0
0
0
0
0
0
0
0
0
0
0
0
0
0
0
0
0
0
0
0
0
0
0
0
0
0
0
0
0
0
0
0
0
0
0
0
0
0
0
0
0
0
0
0
0
0
0
0
0
0
0
9
25
26
24
9
17
25
24
24
18
24
25
34
31
24
25
41
36
46
58
68
86
90
86
119
113
104
92
99
91
83
65
48
24
41
22
33
39
78
125
115
106
109
110
92
92
97
116
115
96
103
78
58
59
48
39
26
26
43
42
54
60
81
128
137
117
108
94
108
117
98
112
97
90
75
95
94
110
110
83
99
127
137
122
127
78
82
87
114
113
108
98
101
130
156
159
183
177
150
158
173
168
166
145
113
158
174
192
195
190
154
118
94
110
116
135
118
123
153
119
141
124
113
91
116
146
149
162
160
126
144
165
165
150
148
148
133
135
151
140
133
124
178
147
118
117
119
89
127
143
152
175
187
172
148
137
131
112
114
151
177
187
187
193
183
177
227
238
217
193
173
166
178
156
185
186
193
180
156
184
165
137
131
119
78
62
63
97
128
161
177
215
238
215
222
200
152
144
165
172
126
110
116
148
136
146
151
148
160
178
150
174
146
84
79
99
109
122
140
141
118
129
136
118
120
99
82
71
102
110
105
90
74
55
48
32
33
63
62
82
