0
0
0
0
0
0
0
0
0
0
0
0
0
0
0
0
0
0
0
0
0
0
0
0
0
0
0
0
0
0
0
0
0
0
0
0
0
0
0
0
0
0
0
0
0
0
0
0
0
0
0
0
0
0
0
0
0
0
0
0
0
0
0
0
0
0
0
0
9
24
29
49
49
29
9
0
0
0
9
24
24
24
25
19
40
66
63
82
105
110
112
164
149
133
146
192
156
139
90
69
51
51
54
54
45
54
36
37
50
75
78
79
77
134
137
169
162
135
121
71
55
76
53
42
77
74
71
74
78
63
92
84
112
104
103
79
79
122
118
149
119
94
93
110
133
136
113
66
58
105
151
162
172
174
158
127
118
126
110
138
106
89
81
80
101
130
147
165
157
164
154
131
100
73
123
108
92
87
45
36
64
77
57
57
39
38
63
90
115
105
130
123
69
93
117
114
91
92
124
220
201
232
228
177
119
78
57
63
54
42
44
43
59
72
69
84
81
77
87
72
86
116
150
200
214
215
215
171
86
70
42
51
60
74
92
113
106
102
98
72
75
69
80
85
97
74
92
108
93
106
72
72
83
140
128
117
111
115
92
100
116
66
59
61
54
75
70
41
57
93
108
114
126
100
74
42
24
34
60
71
84
145
146
137
153
154
114
95
97
125
104
125
109
136
171
181
166
167
149
136
