0
0
0
0
0
0
0
0
0
0
0
0
0
0
0
0
0
0
0
0
0
0
0
0
0
0
0
0
0
0
0
0
0
0
0
0
0
0
0
0
0
0
0
0
0
0
0
0
0
0
0
0
0
0
0
0
18
26
25
24
48
24
25
26
9
3
24
42
68
58
64
62
70
52
76
74
73
87
67
69
73
55
63
100
104
93
89
100
95
98
111
111
114
147
205
250
227
177
127
77
67
89
91
100
99
125
122
103
60
34
35
44
43
42
42
42
63
72
91
93
98
92
110
113
92
58
39
66
77
104
102
98
90
79
60
100
106
131
148
132
79
108
130
123
123
106
63
18
0
6
36
44
77
77
87
105
126
114
122
82
63
48
63
82
75
86
93
93
90
111
95
96
121
134
112
151
134
167
144
183
181
126
69
79
88
103
103
105
131
93
73
89
109
115
116
81
44
59
70
65
70
117
139
140
153
132
123
124
124
118
107
98
101
67
74
54
67
90
92
75
93
121
120
107
111
110
109
67
82
76
81
91
129
124
165
150
159
193
186
129
114
108
76
87
139
126
108
134
167
161
189
181
136
104
114
109
101
81
54
74
76
95
156
154
163
159
111
102
125
120
137
222
240
265
292
211
166
114
91
119
175
244
262
251
196
156
99
69
81
84
120
145
150
132
130
119
115
91
69
72
