0
0
0
0
0
0
0
0
0
0
0
0
0
0
0
0
0
0
0
0
0
0
0
0
0
0
0
0
0
0
0
0
0
0
0
0
0
0
0
0
0
0
12
39
85
118
119
100
79
45
66
107
106
98
85
98
46
36
39
38
56
77
69
60
63
104
97
96
127
125
127
122
122
141
156
136
135
195
153
127
121
114
85
87
82
95
99
93
126
114
145
106
110
135
162
224
196
165
185
167
106
60
60
42
69
60
64
75
63
116
113
133
121
100
93
58
27
12
27
44
72
95
125
109
97
94
96
123
107
76
57
15
18
30
37
38
36
56
55
63
55
80
96
116
126
148
137
144
129
123
126
90
105
112
135
147
146
115
90
96
103
95
82
99
87
123
161
165
166
149
168
124
101
60
72
69
77
76
61
44
33
48
76
104
135
134
137
129
117
173
181
162
127
134
128
126
140
147
160
169
161
132
115
120
124
136
148
113
72
60
56
57
56
72
109
103
95
94
97
86
36
39
72
76
100
104
80
86
128
173
199
136
127
92
79
70
44
24
25
48
68
73
122
142
176
171
149
91
88
108
122
122
109
73
59
152
209
206
188
128
129
134
116
163
181
204
170
185
200
201
170
146
81
97
119
125
110
96
122
128
114
110
75
57
57
64
67
91
108
139
117
122
145
152
166
149
130
141
147
134
