0
0
0
0
0
0
0
0
0
0
0
0
0
0
0
0
0
0
0
0
0
0
0
0
0
0
0
0
0
0
0
0
0
0
0
0
0
0
0
0
0
0
0
0
0
0
0
0
0
0
0
0
0
0
0
0
0
0
0
0
0
0
0
0
0
0
0
0
0
0
0
0
0
0
0
0
0
0
0
0
0
0
0
0
0
0
0
0
0
0
0
0
0
0
0
0
0
0
0
0
0
0
0
0
0
0
0
0
0
0
0
0
12
24
24
24
24
48
60
63
50
31
24
3
0
0
0
0
0
0
0
0
6
24
25
25
19
0
15
24
24
66
92
96
76
36
54
72
78
122
119
151
215
217
205
162
153
155
143
134
85
63
38
24
36
42
24
44
70
66
78
75
74
52
48
29
43
44
55
86
94
75
75
105
105
84
125
184
169
161
186
170
163
145
142
78
70
75
103
103
96
105
79
81
90
92
114
142
132
120
94
100
88
57
80
85
86
82
81
88
108
132
158
183
190
173
120
79
41
36
64
71
72
79
68
62
44
60
72
58
55
54
67
55
34
33
42
54
77
109
102
171
234
206
224
221
160
113
51
54
42
37
44
57
91
98
71
94
99
108
133
135
117
91
87
88
93
81
66
42
39
61
98
138
150
158
127
163
124
145
143
134
128
122
102
109
95
82
86
88
