0
0
0
0
0
0
0
0
0
0
0
0
0
0
0
0
0
0
0
0
0
0
0
0
0
0
0
0
0
0
0
0
0
0
0
0
0
0
0
0
0
0
0
0
0
0
0
0
0
0
0
0
0
0
0
0
0
0
0
0
0
0
0
0
0
0
0
0
0
0
0
0
0
0
0
0
0
0
0
0
0
0
0
0
0
0
0
0
0
0
0
0
0
0
0
0
0
0
0
0
0
0
24
26
25
27
25
26
24
26
25
24
24
3
6
24
24
24
40
35
24
24
9
24
25
25
7
0
15
34
50
49
62
93
99
89
117
151
162
124
98
77
55
24
24
39
67
114
158
168
93
60
45
56
66
46
76
83
83
79
74
90
106
114
108
123
90
114
132
158
177
130
132
115
81
74
48
48
72
83
83
85
61
67
111
145
126
134
143
150
147
105
51
64
80
132
165
197
188
171
145
115
93
149
168
202
220
236
224
153
118
111
101
102
106
109
104
109
110
108
116
135
137
89
90
113
118
108
96
100
158
151
127
118
114
111
141
151
162
140
121
92
68
83
133
151
143
158
145
102
104
82
71
71
90
84
70
105
134
186
219
230
259
231
161
125
159
163
159
155
140
113
82
105
111
125
155
159
144
199
220
188
178
142
139
116
145
151
209
261
265
221
223
205
113
145
190
164
155
171
