0
0
0
0
0
0
0
0
0
0
0
0
0
0
0
0
0
0
0
0
0
0
0
0
0
0
0
0
0
0
0
0
0
0
0
0
33
36
33
24
25
26
24
24
24
25
26
24
24
24
25
26
24
24
24
25
26
24
24
24
25
26
24
24
24
25
25
25
24
24
24
26
25
24
24
24
26
25
24
24
24
26
25
24
24
24
26
25
24
24
24
26
25
24
24
24
26
25
24
24
24
25
26
24
24
24
25
26
24
24
24
25
26
24
24
26
50
50
48
48
59
50
50
42
45
48
46
30
50
48
48
33
26
25
45
48
50
51
34
24
24
48
107
126
167
127
117
97
104
101
124
113
122
104
109
131
117
154
156
138
114
98
66
82
61
26
18
15
18
20
34
60
84
93
111
81
81
81
66
63
85
92
93
87
72
79
88
76
87
96
92
121
120
120
135
163
214
198
158
130
130
101
88
95
84
81
88
62
52
32
37
49
81
99
134
146
133
157
158
120
111
122
110
92
93
48
39
59
40
82
117
109
101
100
88
96
83
88
117
111
119
113
113
60
42
38
34
33
42
66
57
42
99
134
141
149
102
85
63
16
36
54
66
90
100
86
105
113
112
119
164
149
136
86
65
90
79
99
141
114
108
100
77
83
94
110
115
129
131
129
142
126
126
104
117
114
121
105
75
80
