0
0
0
0
0
0
0
0
0
0
0
0
0
0
0
0
0
0
0
0
0
0
0
0
0
0
0
0
0
0
0
9
36
36
27
24
24
25
26
24
24
24
25
26
24
24
24
25
26
24
24
24
25
26
24
24
24
25
25
25
24
24
24
26
25
24
24
24
26
31
48
48
50
63
74
62
48
48
38
25
24
24
27
52
50
48
66
71
51
49
30
48
49
51
50
72
80
79
90
127
138
146
102
99
81
92
130
123
135
189
230
223
189
120
119
115
95
79
68
54
75
62
65
91
105
124
122
125
129
153
166
168
141
125
107
109
106
82
88
70
101
105
102
108
95
123
130
127
165
151
107
115
129
125
104
54
40
23
27
45
62
73
52
61
55
85
95
112
118
102
37
6
36
55
71
69
63
42
30
32
40
61
94
98
72
98
59
38
62
73
94
82
85
107
150
193
162
163
170
140
105
27
37
50
40
63
59
48
39
44
63
73
78
45
33
52
35
45
66
101
96
94
78
72
51
57
123
125
103
129
102
98
105
88
85
105
101
84
113
134
74
70
74
113
120
124
157
155
180
144
195
210
198
167
139
129
110
112
86
58
74
97
94
133
119
98
117
123
153
150
121
89
106
104
93
107
105
133
159
178
187
164
140
139
129
130
112
91
91
67
57
58
85
106
111
150
134
135
95
74
