0
0
0
0
0
0
0
0
0
0
0
0
0
0
0
0
0
0
0
0
0
0
0
0
0
0
0
0
0
0
0
0
0
0
0
0
0
0
0
0
0
0
0
0
0
0
0
0
0
0
0
0
0
0
0
0
0
0
0
0
0
0
0
0
0
0
0
0
0
0
0
0
0
0
0
0
0
0
0
0
0
0
0
0
0
0
0
0
0
0
0
0
0
0
0
0
0
0
0
0
0
0
6
24
24
26
22
15
39
48
49
29
21
30
50
50
50
45
12
0
0
0
0
33
49
52
28
21
0
0
0
0
21
24
38
22
21
38
91
102
89
103
75
48
48
74
62
87
93
68
66
73
92
115
105
131
111
90
49
38
27
37
44
62
47
65
88
88
105
130
138
129
105
139
129
112
102
60
42
24
36
75
124
132
180
172
167
154
95
72
61
59
75
55
104
125
131
141
116
48
30
38
82
128
156
132
112
129
127
126
115
148
159
196
172
135
118
111
63
56
58
54
54
52
60
59
57
60
97
99
87
97
95
92
70
80
92
118
122
119
128
105
159
191
164
158
163
187
191
169
112
90
62
49
58
66
115
132
133
120
119
129
185
221
238
249
221
229
172
186
152
131
149
170
144
148
159
172
168
206
194
231
215
199
200
159
164
165
141
139
190
186
175
164
160
152
143
132
99
77
