0
0
0
0
0
0
0
0
0
0
0
0
0
0
0
0
0
0
0
0
0
0
0
0
0
0
0
0
0
0
0
0
0
0
0
0
0
0
0
0
0
0
0
0
0
0
0
0
0
0
0
0
0
0
0
0
0
0
34
31
25
24
24
24
26
25
24
24
24
26
25
24
24
24
26
25
24
24
24
26
25
24
24
24
26
25
24
24
24
25
26
24
24
24
25
26
41
49
48
78
99
90
63
49
30
50
48
48
24
25
26
24
24
24
49
77
75
93
109
93
70
83
95
116
170
139
136
122
112
128
105
100
102
84
84
86
82
104
103
106
112
93
98
98
81
95
113
129
131
216
227
216
194
159
190
151
152
147
152
192
149
155
143
149
137
110
90
64
67
106
136
145
150
145
163
139
132
113
69
70
72
63
81
102
83
67
52
64
97
113
155
127
140
149
104
121
156
147
112
71
70
70
80
89
108
117
96
114
140
145
133
96
89
72
86
87
69
61
63
64
75
77
81
86
63
36
44
46
46
61
63
56
46
37
37
36
42
61
53
39
59
64
69
97
107
96
105
121
125
117
91
101
94
107
119
156
163
149
117
152
152
147
111
85
77
75
74
97
142
127
124
142
122
89
86
59
52
53
60
53
55
69
45
32
58
84
119
124
163
167
144
117
114
122
112
114
105
95
78
93
