0
0
0
0
0
0
0
0
0
0
0
0
0
0
0
0
0
0
0
0
0
0
0
0
0
0
0
0
0
0
0
0
0
0
0
0
0
0
0
0
0
0
0
0
0
0
0
0
0
0
0
0
0
0
0
0
0
0
0
0
0
0
0
0
0
0
0
0
0
0
0
0
0
0
0
0
0
0
0
0
0
0
0
0
0
0
0
0
0
0
0
0
0
0
0
0
0
0
0
0
0
0
0
0
0
0
0
0
0
0
0
0
0
0
0
0
0
0
10
35
48
48
40
32
27
48
48
40
8
15
24
43
32
24
24
25
26
15
30
73
71
51
67
68
74
70
42
37
44
118
129
131
98
67
9
6
39
57
55
47
46
63
65
66
79
71
67
81
91
100
77
49
24
51
116
149
152
134
168
163
142
128
142
131
93
99
126
143
120
85
57
72
60
57
54
41
40
48
70
77
67
62
74
118
102
118
138
151
113
88
59
65
60
62
88
123
144
177
199
215
201
184
119
87
133
154
162
170
157
175
172
161
156
138
163
122
92
87
88
96
103
103
80
86
77
67
68
68
68
72
95
96
130
124
110
132
137
152
158
133
106
137
116
149
153
100
86
137
167
156
185
143
103
109
156
164
186
219
197
194
216
234
228
191
176
123
66
35
39
82
96
102
138
137
135
128
118
113
108
105
