0
0
0
0
0
0
0
0
0
0
0
0
0
0
0
0
0
0
0
0
0
0
0
0
0
0
0
0
0
0
0
0
0
0
0
0
0
0
0
0
0
0
0
0
0
0
0
0
0
0
0
0
0
0
0
0
0
0
0
0
0
0
0
0
0
0
0
0
0
0
0
0
0
0
0
0
0
0
0
0
0
0
0
0
0
0
0
0
0
0
7
26
24
27
37
25
13
0
0
30
78
98
98
44
3
9
24
25
32
43
50
50
43
18
0
0
0
0
0
21
24
47
64
51
55
69
71
79
93
120
113
137
155
131
123
105
90
98
103
152
145
164
153
100
48
42
44
45
61
77
102
130
132
131
138
122
101
77
82
79
143
176
190
184
164
156
152
141
130
135
132
112
83
116
150
142
133
115
114
118
164
168
155
137
108
90
87
60
53
82
146
184
195
177
140
69
70
82
111
118
127
116
99
91
60
73
99
113
150
137
121
138
173
183
159
169
211
217
197
181
194
145
113
126
140
142
139
113
111
172
164
157
147
124
125
142
185
188
168
177
189
150
116
135
88
70
91
71
75
86
76
80
67
58
72
95
100
74
73
60
38
19
48
65
79
90
114
118
95
74
80
64
58
33
19
30
36
60
65
51
39
51
46
80
105
82
73
69
47
68
94
83
67
56
50
55
71
70
97
143
