0
0
0
0
0
0
0
0
0
0
0
0
0
0
0
0
0
0
0
0
0
0
0
0
0
0
0
0
0
0
0
0
0
0
0
0
0
0
0
0
0
0
0
0
0
0
0
0
0
0
0
0
0
0
0
0
0
0
0
0
0
0
0
0
0
0
0
0
0
0
0
0
0
0
0
0
0
0
0
0
0
0
0
0
0
0
6
24
34
55
73
72
41
25
3
0
0
0
0
0
7
26
24
24
45
33
24
9
0
0
15
24
25
50
33
24
45
39
63
72
59
61
89
119
102
130
124
108
99
90
155
169
150
118
102
83
75
79
95
109
132
192
191
227
218
177
148
118
104
70
60
71
83
108
95
108
80
106
122
121
115
138
117
164
177
162
142
158
166
192
143
118
126
146
169
197
215
176
179
174
141
167
168
149
143
121
130
151
147
130
116
94
89
109
100
121
111
91
109
111
88
60
54
56
45
57
85
108
130
153
153
117
80
78
72
84
101
119
169
181
207
210
165
157
196
208
180
156
155
177
147
130
137
137
110
110
113
88
73
102
117
108
111
120
106
109
109
129
87
146
175
160
125
115
113
109
115
97
96
54
18
50
61
95
136
123
94
74
63
39
18
20
4
0
0
9
12
12
24
33
42
102
137
120
88
108
126
92
59
72
82
82
93
93
59
73
81
66
91
169
