0
0
0
0
0
0
0
0
0
0
0
0
0
0
0
0
0
0
0
0
0
0
0
0
0
0
0
0
0
0
0
0
0
0
0
0
0
0
0
0
0
0
0
0
0
0
0
0
24
36
36
36
27
24
24
26
25
24
24
24
26
25
24
24
24
25
44
50
49
48
49
47
42
42
42
45
45
42
42
42
46
65
66
51
43
45
44
46
67
69
101
94
91
90
83
64
51
69
75
108
146
150
163
179
187
141
119
94
83
106
127
139
118
122
92
96
82
94
113
108
125
166
161
166
178
176
175
191
158
229
196
138
158
126
144
184
138
121
97
113
103
108
100
98
96
94
103
97
143
155
137
92
69
82
108
148
167
183
193
194
223
217
199
191
133
71
43
46
82
88
123
124
76
85
77
100
115
121
134
130
141
123
93
110
102
94
107
132
102
84
82
65
54
61
74
105
115
112
105
106
117
120
120
129
110
88
78
75
79
89
87
84
75
96
141
159
226
203
185
147
106
111
106
127
139
126
103
114
107
94
86
72
99
81
103
156
164
198
166
145
153
138
105
144
145
158
111
90
113
152
138
123
133
101
87
107
85
91
114
136
159
169
195
147
104
70
95
43
15
30
48
60
72
39
84
93
84
104
125
87
102
123
148
120
125
117
132
133
119
139
130
149
109
82
83
58
42
72
76
102
