0
0
0
0
0
0
0
0
0
0
0
0
0
0
0
0
0
0
0
0
0
0
0
0
0
0
0
0
0
0
0
0
0
0
0
0
0
0
0
0
0
0
0
0
0
0
0
0
0
0
0
0
33
36
36
30
24
25
26
24
24
24
25
26
24
24
24
25
26
24
24
24
25
26
24
24
24
25
26
24
24
24
25
26
24
24
24
25
25
37
48
48
59
69
49
48
33
24
41
67
73
75
56
50
46
24
24
24
26
28
50
58
73
90
86
63
60
63
61
45
74
73
74
74
72
63
73
78
88
83
69
102
104
83
62
33
28
58
68
75
106
161
99
95
100
109
98
76
107
122
102
99
102
88
100
100
87
91
121
144
137
128
122
124
155
168
97
75
60
57
48
70
99
126
136
153
168
168
171
165
164
115
109
103
92
57
59
82
97
116
125
90
59
50
55
86
81
105
132
145
113
104
142
129
81
109
104
96
77
102
116
125
120
114
66
50
76
103
105
110
156
173
201
168
147
136
99
116
107
74
75
96
89
105
99
105
120
114
102
63
87
67
56
67
66
67
68
63
82
119
135
125
85
54
87
78
48
76
83
69
62
113
135
178
160
163
86
136
137
120
147
127
122
116
114
117
124
123
108
106
97
106
91
113
114
127
139
107
98
72
78
82
80
81
99
103
80
78
54
24
