0
0
0
0
0
0
0
23
36
28
26
25
24
24
24
26
25
24
24
24
26
25
24
24
24
26
25
24
24
24
25
26
24
24
24
25
26
24
24
24
25
26
24
24
24
25
26
24
24
24
25
26
24
24
24
25
25
25
24
24
24
26
25
24
24
24
26
25
24
24
24
26
25
24
24
24
26
25
24
24
24
26
25
24
24
24
26
25
24
24
24
25
26
45
48
48
73
92
98
88
89
71
29
24
24
47
65
124
123
85
74
48
64
72
81
122
106
91
107
87
88
101
130
166
156
148
120
86
101
122
99
119
152
156
111
110
111
123
84
121
138
161
161
159
140
94
77
62
21
18
21
15
29
44
44
42
57
46
80
93
77
88
93
69
39
49
59
45
68
91
107
71
92
63
74
79
108
116
110
107
101
93
125
151
126
118
126
75
78
76
75
83
60
45
47
76
107
106
118
128
151
128
126
84
74
50
29
57
98
108
109
99
87
117
130
98
83
81
67
36
37
66
62
53
60
72
68
84
68
48
41
45
100
112
106
122
107
141
165
123
128
152
147
142
114
81
66
74
70
76
120
129
143
146
124
114
136
131
113
83
61
96
82
73
74
64
53
40
42
85
95
91
72
80
54
48
47
60
57
76
48
75
114
141
123
138
167
134
133
119
194
187
185
134
106
98
67
99
101
94
