0
0
0
0
0
0
0
0
0
0
0
0
0
0
0
0
0
0
0
0
0
0
0
0
0
0
0
0
0
0
0
0
0
0
0
0
0
0
0
0
0
0
0
0
0
0
0
0
0
0
0
0
0
0
0
0
0
0
0
0
0
0
0
0
0
0
0
0
0
0
0
0
0
0
0
0
0
0
0
0
0
0
0
0
0
0
0
0
0
21
36
33
24
25
26
24
24
24
25
26
24
24
24
25
26
24
24
24
25
25
25
24
24
24
26
25
24
24
24
26
25
24
24
24
26
25
30
50
49
50
49
57
72
48
51
75
54
48
42
25
26
39
48
50
74
74
48
39
34
51
50
50
73
73
51
59
57
57
62
62
65
57
69
69
98
128
134
120
135
103
100
113
101
96
93
76
53
65
114
140
146
163
152
108
108
115
77
76
119
135
118
136
164
158
152
157
171
149
116
79
87
90
85
102
100
150
212
214
146
141
141
142
133
136
117
104
117
108
127
115
133
103
63
21
35
43
43
56
91
124
119
132
102
74
92
119
118
113
114
63
72
64
56
89
99
84
102
73
77
42
35
34
27
48
72
95
106
107
97
101
117
125
107
96
54
70
57
72
62
57
69
100
105
147
174
170
171
143
127
96
69
66
46
43
52
65
56
65
89
109
135
149
113
71
49
80
97
148
191
173
