6
36
36
27
24
26
25
24
24
24
26
25
24
24
24
25
26
24
24
24
25
26
24
24
24
25
26
24
24
24
25
26
24
24
24
25
26
24
24
24
25
26
24
24
24
25
25
25
24
24
24
26
25
24
24
24
26
25
24
24
24
26
25
24
24
24
26
25
24
24
24
26
25
24
24
24
25
26
24
24
24
25
26
24
24
24
25
26
24
24
24
25
26
24
24
24
25
26
24
24
24
25
26
24
24
24
25
25
25
24
24
24
26
25
39
48
50
67
83
7
0
0
21
46
95
97
83
48
30
0
21
24
24
41
49
50
50
50
18
0
0
0
0
0
0
6
24
26
34
28
26
24
6
33
64
95
99
102
85
67
62
74
81
102
130
131
124
95
60
51
39
42
62
73
105
122
113
119
87
61
49
46
40
20
18
21
51
58
71
67
76
97
129
119
136
129
112
90
71
50
40
39
87
87
136
150
130
127
141
159
117
91
109
67
71
85
119
103
105
91
44
44
47
89
69
75
98
103
130
137
139
136
137
117
81
72
70
90
60
67
72
93
123
117
109
110
92
112
140
193
172
130
152
149
121
112
97
80
72
49
87
104
125
117
95
82
121
137
151
162
155
161
125
152
158
105
77
52
66
70
69
83
87
86
104
113
132
133
117
109
99
78
94
95
80
50
30
25
38
55
