0
0
0
0
0
0
0
0
0
0
0
0
0
0
0
0
0
0
0
0
0
0
0
0
0
0
0
0
0
0
0
0
0
0
0
0
0
0
0
0
0
0
0
0
0
0
0
0
0
0
0
0
0
0
0
0
0
0
0
0
0
0
0
0
0
0
16
36
36
29
24
24
24
25
25
25
24
24
24
26
25
24
24
24
26
25
24
24
24
26
25
24
24
24
26
25
24
24
24
26
25
24
24
24
26
25
24
24
24
25
26
24
24
24
25
26
24
24
24
25
70
73
112
164
171
147
114
54
50
56
63
50
48
39
25
49
73
87
91
74
74
74
53
27
24
26
25
36
48
48
50
28
24
24
51
68
69
96
112
144
146
115
141
151
168
151
139
143
136
128
113
117
101
109
116
79
69
69
77
42
43
44
45
61
89
36
37
41
36
57
105
159
174
184
164
208
233
217
163
148
105
66
78
72
61
71
121
119
124
128
81
42
60
53
70
73
67
75
65
50
24
24
37
55
67
87
87
94
141
146
113
114
86
104
149
180
186
186
177
105
76
90
100
100
94
78
38
28
18
48
63
45
45
72
90
98
108
123
98
71
71
43
18
53
72
88
74
61
95
138
150
164
150
98
122
138
130
149
141
176
179
139
108
94
75
58
78
84
119
104
72
83
99
93
107
110
93
55
71
80
