0
0
0
0
0
0
0
0
0
0
0
0
0
0
0
0
0
0
0
0
0
0
0
0
0
0
0
0
0
0
0
0
0
0
0
0
0
0
0
3
24
25
26
24
18
18
19
20
18
18
18
46
56
54
42
42
45
44
43
42
42
45
44
43
42
43
44
44
43
42
43
44
44
43
42
44
43
44
43
42
45
42
44
43
43
44
42
44
43
44
43
42
43
44
44
43
42
43
44
45
42
42
43
45
44
42
42
43
46
43
42
42
43
46
43
42
42
43
46
43
42
42
43
46
43
42
42
44
45
43
42
42
45
44
43
42
43
44
44
43
42
43
44
44
43
42
44
43
44
43
42
45
42
43
44
43
44
42
43
44
43
44
42
43
44
44
43
42
43
44
45
42
18
18
19
20
18
18
18
20
19
18
18
18
20
19
18
18
18
21
18
18
18
19
20
18
18
18
20
10
0
0
0
0
0
0
0
0
0
0
0
0
0
0
0
0
0
0
0
0
0
0
0
0
0
0
0
0
0
0
0
0
0
0
0
0
0
0
0
0
0
0
0
0
0
0
0
0
0
0
0
0
0
0
0
0
0
0
0
0
0
0
0
0
0
0
0
0
0
0
0
0
0
0
0
0
0
0
0
0
0
0
0
0
0
0
0
0
0
0
0
0
0
0
0
0
0
0
0
0
