0
0
0
0
0
0
0
0
0
0
0
0
0
0
0
0
0
0
0
0
0
0
0
0
0
0
0
0
0
0
0
0
0
0
0
0
0
0
0
0
0
0
0
0
0
0
0
0
0
0
0
0
0
0
0
0
0
0
0
0
0
0
0
0
0
0
0
0
0
0
0
0
0
0
0
0
0
0
0
0
0
0
0
0
0
0
0
0
0
0
0
0
0
0
0
0
0
0
0
0
0
0
0
0
0
0
0
0
0
0
0
0
0
0
0
0
0
0
0
0
0
0
0
0
0
0
0
0
0
0
0
0
0
0
0
0
0
0
0
0
0
0
0
33
37
36
34
25
24
24
24
26
25
24
24
24
25
26
24
27
37
36
31
25
24
24
24
26
25
24
24
24
26
25
24
24
24
25
26
24
24
24
25
26
24
24
24
25
26
24
24
24
25
26
24
24
24
25
26
24
24
24
25
26
24
24
24
25
25
25
24
24
24
26
25
24
24
24
26
25
24
24
24
26
25
24
24
24
26
25
24
24
24
26
25
24
24
24
25
26
24
24
24
25
26
24
24
24
25
26
24
24
24
25
26
24
24
24
25
26
24
24
0
0
0
0
0
0
0
0
0
0
0
0
0
0
0
0
0
0
0
0
0
0
0
0
0
0
0
0
0
0
0
0
0
0
0
0
0
0
