0
0
0
0
0
0
0
0
0
15
24
24
23
19
18
18
18
20
19
18
18
18
21
18
18
18
19
20
18
18
18
20
19
18
18
18
20
19
18
18
19
20
18
18
18
19
20
18
18
18
20
19
18
18
18
21
18
18
18
19
20
18
18
18
19
20
18
18
18
20
19
18
18
18
21
18
18
18
19
20
18
18
18
20
19
18
18
18
20
19
18
18
18
21
18
18
18
19
20
18
18
18
20
19
18
18
18
20
19
18
18
18
21
18
18
18
19
20
18
18
18
20
19
18
18
18
21
18
18
18
19
20
18
18
18
19
20
18
18
18
20
19
18
18
18
21
18
18
18
19
20
18
18
18
19
20
18
18
18
20
19
18
18
18
21
18
18
18
19
8
0
0
0
0
0
0
0
0
0
0
0
0
0
0
0
0
0
7
26
24
24
18
21
18
18
18
19
20
18
18
18
27
66
66
68
67
65
57
55
56
55
57
57
54
57
55
57
56
55
56
62
74
75
76
73
74
72
70
72
69
72
72
76
95
94
98
94
90
89
89
89
90
91
88
90
89
90
91
88
89
90
91
89
88
90
90
90
89
89
90
90
90
88
90
89
90
91
88
89
90
91
89
88
90
90
91
88
89
90
90
90
88
90
89
90
91
88
90
90
90
89
89
95
126
128
124
115
114
114
116
