0
0
0
0
0
0
0
0
0
0
0
0
0
0
0
0
0
0
0
0
0
0
0
0
0
0
0
0
0
0
0
0
0
0
0
0
0
0
0
0
0
0
0
0
0
21
24
24
24
21
18
18
20
19
18
18
18
20
19
18
18
18
21
18
18
18
19
20
18
18
18
20
19
18
18
18
20
19
18
18
18
21
18
18
18
19
20
18
18
18
20
19
18
18
18
21
18
18
18
19
20
18
18
18
19
20
18
18
18
20
19
18
18
18
21
18
18
21
46
80
80
79
66
61
62
60
63
63
62
61
60
63
63
63
60
60
64
63
62
60
60
64
64
61
60
61
63
64
61
60
62
62
65
60
60
62
63
64
60
60
63
63
63
60
61
62
63
63
60
62
62
63
61
61
62
62
62
62
61
63
62
61
62
62
62
63
60
62
63
62
62
60
62
64
61
62
60
63
63
62
61
60
62
64
60
42
42
45
45
42
42
42
46
44
42
42
43
45
44
42
42
43
45
44
42
42
44
44
44
42
42
45
43
43
43
43
44
42
44
28
20
19
18
18
18
20
19
18
18
18
21
18
18
18
19
20
18
18
18
20
19
18
18
18
20
19
18
18
19
20
18
18
18
19
20
18
18
9
0
0
0
0
0
0
0
0
0
0
0
0
0
0
0
0
0
0
0
0
0
0
