0
0
0
0
0
0
0
0
0
0
0
0
0
0
0
0
0
0
0
0
0
0
0
0
0
0
0
0
0
0
0
0
0
0
12
24
24
25
23
21
18
18
18
19
20
18
18
18
20
19
18
18
18
20
19
18
18
24
58
54
54
47
43
44
44
43
42
44
43
44
43
42
44
43
44
43
43
44
42
43
44
43
44
42
43
44
44
43
42
43
44
45
42
42
43
45
44
42
42
43
45
44
42
42
43
46
43
42
42
43
46
43
42
42
43
46
43
42
42
50
69
68
68
66
65
63
61
60
62
64
62
61
60
64
62
62
61
61
64
61
61
62
61
64
61
61
62
62
64
60
61
62
64
62
60
61
63
64
61
60
61
63
65
60
60
61
65
63
60
60
61
65
63
60
60
61
66
62
39
36
38
40
36
36
36
39
39
36
36
36
40
38
36
36
22
20
18
18
18
20
19
18
18
18
20
19
18
18
19
20
18
18
18
19
20
18
18
18
20
19
18
18
18
21
18
18
18
19
20
18
18
18
19
20
18
18
18
20
19
18
18
18
21
18
18
18
19
20
18
18
18
20
19
18
18
18
20
19
18
18
18
21
18
18
18
19
20
18
18
18
20
19
18
18
18
20
19
18
18
6
0
0
0
0
0
0
0
0
0
0
0
0
0
0
0
0
0
0
0
0
