0
0
0
0
0
0
0
0
0
0
0
0
0
0
0
0
0
0
0
0
0
0
0
0
0
0
0
0
0
0
0
0
0
0
0
0
0
0
0
0
0
0
0
0
0
0
0
0
0
0
0
0
0
0
0
0
0
0
0
0
0
0
0
0
0
0
0
0
0
0
6
24
24
25
23
18
18
20
19
18
18
18
21
18
18
18
19
20
18
18
18
20
19
18
18
18
20
19
18
50
54
58
48
42
43
45
44
42
42
43
46
43
42
42
43
46
43
42
42
44
46
42
42
42
44
45
43
42
42
44
45
43
42
42
45
44
43
42
43
44
44
43
42
43
44
44
43
42
44
43
44
43
42
45
42
43
44
43
44
42
43
44
44
43
42
43
44
44
43
42
43
44
45
42
42
43
45
44
42
42
43
46
43
42
42
43
45
44
42
42
42
47
43
42
42
43
46
43
42
42
44
45
43
42
42
45
44
43
42
43
44
44
43
42
43
44
43
44
42
32
19
18
18
18
21
18
18
18
19
26
33
24
26
19
18
21
18
18
18
19
20
18
18
18
20
19
18
18
18
20
19
18
18
19
20
18
18
18
19
20
18
18
18
20
19
18
18
18
21
18
18
18
19
20
18
18
18
19
20
18
18
18
20
19
18
18
18
21
18
18
18
19
20
18
18
18
20
19
18
18
