0
0
0
0
0
0
0
0
0
0
0
12
24
25
26
24
19
20
18
18
18
20
19
18
18
18
20
19
18
18
18
21
18
18
18
19
20
18
18
18
20
19
18
18
18
20
19
18
18
18
21
18
18
18
19
20
18
18
18
20
19
18
18
18
21
18
18
18
19
20
18
18
18
29
46
42
40
38
38
37
36
37
38
39
36
36
38
38
38
36
36
39
37
38
36
37
38
38
37
36
38
37
39
36
36
38
38
38
36
36
39
38
37
36
37
38
38
37
36
38
37
39
36
36
38
38
38
36
37
38
38
37
36
44
64
62
61
59
57
56
56
54
57
57
55
56
55
57
56
56
55
56
56
56
57
54
56
57
56
56
54
57
57
55
56
55
57
56
56
55
56
39
37
36
36
38
39
37
36
37
38
39
36
36
37
39
38
36
36
38
39
37
36
36
39
38
37
36
37
38
39
36
36
37
39
38
36
36
38
39
37
36
36
39
39
36
36
37
39
38
36
36
64
74
72
60
60
64
64
61
60
60
65
55
42
42
43
46
43
42
42
44
45
43
42
60
68
70
68
67
60
63
65
61
60
64
87
88
88
81
80
80
82
82
78
81
80
81
82
79
80
81
81
81
79
81
80
82
80
80
81
80
81
100
100
98
98
99
98
96
96
95
94
86
77
77
78
75
77
78
