0
0
0
0
0
0
0
0
0
0
0
0
0
23
37
36
24
24
26
25
24
24
24
26
25
24
24
24
26
25
24
24
24
26
25
24
24
24
26
25
24
24
27
36
36
33
24
25
26
24
24
24
25
26
24
24
24
25
26
24
24
24
25
26
24
24
24
25
25
25
24
24
24
26
25
24
24
24
26
25
24
24
24
26
25
24
24
24
26
25
24
24
24
26
25
24
24
24
26
25
24
24
24
25
26
24
24
24
25
26
24
24
24
25
26
24
24
24
25
26
24
24
24
25
26
24
24
24
25
25
25
24
18
0
0
0
0
0
0
0
0
0
0
0
0
0
0
0
0
0
0
0
0
0
0
0
0
0
0
0
0
0
0
0
0
0
0
0
0
0
0
0
0
0
0
0
0
0
0
0
0
0
0
0
0
0
0
0
0
0
0
0
0
0
0
0
0
0
0
0
0
0
0
0
0
0
0
0
0
0
0
0
0
0
0
0
0
0
0
0
0
0
0
0
0
0
0
0
0
0
0
0
0
0
0
0
0
0
0
0
0
0
0
0
0
0
0
0
0
0
0
0
0
0
0
0
0
0
0
0
0
0
0
0
0
0
0
0
0
0
0
0
0
0
0
0
0
0
0
0
0
0
0
0
0
0
0
0
0
0
0
0
0
0
0
0
0
0
0
0
