0
0
0
24
24
25
26
20
19
18
18
18
21
18
18
18
19
20
18
18
18
20
19
18
18
18
20
19
18
18
18
21
18
18
18
19
20
24
25
23
20
19
18
18
18
21
18
18
18
19
20
18
18
18
20
19
47
54
49
45
42
44
43
43
44
42
44
43
43
44
42
44
43
44
43
42
44
43
45
42
42
51
55
52
43
42
42
43
46
43
42
42
44
45
43
42
42
45
43
44
42
43
44
43
44
42
44
43
43
44
42
44
43
43
44
42
45
42
43
44
43
44
42
43
43
45
43
42
42
44
45
43
42
42
45
45
42
42
42
45
45
42
42
42
46
44
42
42
42
47
43
42
42
43
46
43
42
42
43
45
44
36
24
24
25
26
24
24
24
25
26
24
24
24
25
26
0
0
0
0
0
0
0
0
0
0
0
0
0
0
0
0
0
0
0
0
0
0
0
0
0
0
0
0
0
0
0
0
0
0
0
0
0
0
0
0
0
0
0
0
0
0
0
0
0
0
0
0
0
0
0
0
0
0
0
0
0
0
0
0
0
0
0
0
0
0
0
0
0
0
0
0
0
0
0
0
0
0
0
0
0
0
0
0
0
0
0
0
0
0
0
0
0
0
0
0
0
0
0
0
0
0
0
0
0
0
0
0
0
0
0
0
0
0
0
0
0
0
0
0
