0
0
0
0
0
0
0
0
0
0
0
0
0
0
0
0
0
0
0
0
0
0
0
0
0
0
0
0
0
0
0
0
0
0
0
0
0
0
0
0
0
0
0
0
0
0
0
0
0
0
0
0
0
0
0
0
0
0
0
0
0
0
0
0
0
0
0
0
0
0
0
0
0
0
0
0
0
0
0
0
0
0
0
0
0
0
0
0
0
0
0
0
0
0
0
0
0
0
0
0
0
0
0
0
0
0
0
0
0
0
0
0
0
0
0
0
0
0
0
0
0
0
0
0
0
0
0
0
0
0
0
0
0
0
0
0
0
0
0
0
0
0
0
0
0
0
0
0
0
0
0
0
0
0
0
0
0
0
0
0
0
0
0
0
0
0
0
0
0
0
0
0
0
0
0
0
0
0
0
0
0
0
0
0
0
0
0
0
0
0
0
0
0
0
0
0
0
0
0
0
0
0
0
0
0
0
28
37
34
25
26
24
24
24
25
26
24
24
24
25
25
25
24
24
24
26
25
24
24
24
26
25
24
30
36
36
27
24
24
26
25
24
24
24
26
25
24
24
24
26
25
24
24
24
26
25
24
24
24
25
26
24
24
24
25
26
24
24
24
25
26
24
24
24
25
26
24
24
24
25
26
24
24
24
25
26
24
24
24
25
25
25
24
24
24
26
25
24
24
24
