0
0
0
0
0
0
0
0
0
0
0
0
0
0
0
0
0
0
0
0
0
0
0
0
0
0
0
0
0
0
0
0
0
0
0
0
0
0
0
0
0
0
0
0
0
0
0
0
0
0
0
0
0
0
0
0
0
0
0
0
0
0
0
0
0
0
0
0
0
0
0
0
0
0
0
0
0
0
0
0
0
0
0
0
0
0
0
0
0
0
0
0
0
0
0
0
0
0
0
0
0
0
0
0
0
0
0
0
0
0
0
0
0
0
0
0
0
0
0
0
0
0
7
36
37
34
25
26
24
24
24
25
25
25
24
24
24
26
25
24
24
24
26
25
24
24
24
26
25
27
36
36
36
27
24
26
25
24
24
24
26
25
24
24
24
26
25
24
24
24
26
25
24
24
24
25
26
24
24
24
25
26
24
24
24
25
26
24
24
24
25
26
24
24
24
25
26
24
24
24
25
25
25
24
24
24
26
25
24
24
24
26
25
24
24
24
26
25
24
24
24
26
25
24
24
24
26
25
24
24
24
26
25
24
24
24
25
26
24
24
24
18
0
0
0
0
0
0
0
0
0
0
0
0
0
0
0
0
0
0
0
0
0
0
0
0
0
0
0
0
0
0
0
0
0
0
0
0
0
0
0
0
0
0
0
0
0
0
0
0
0
0
0
0
0
0
0
0
0
0
