0
0
0
0
0
0
0
0
0
0
0
0
0
0
0
0
0
0
0
0
0
0
0
0
0
0
0
0
0
0
0
0
0
0
0
0
0
0
0
0
0
0
0
0
0
0
0
0
0
0
0
0
0
0
0
0
0
0
0
0
0
0
0
0
0
0
0
0
0
0
0
0
0
0
0
0
0
0
0
0
0
0
0
0
9
19
20
18
15
15
24
39
39
44
58
51
51
51
50
49
48
48
48
50
49
48
48
48
51
48
48
48
49
50
48
48
48
50
49
48
48
48
66
85
83
72
72
76
74
72
72
73
75
74
72
72
74
74
73
73
72
75
72
74
73
73
74
72
74
73
73
74
93
98
98
97
91
96
115
110
111
108
109
113
107
107
105
106
109
107
107
105
106
108
109
106
105
107
107
110
105
105
108
107
109
105
106
107
108
108
105
107
106
108
108
105
107
106
109
106
106
108
106
107
107
107
107
107
127
133
133
133
152
149
152
152
146
143
149
170
173
166
164
162
164
166
161
161
161
166
164
177
184
185
192
184
181
180
180
185
180
182
180
174
177
174
178
173
177
174
162
153
151
158
151
153
152
153
157
151
152
153
153
156
151
153
152
156
153
152
153
151
158
151
153
158
177
181
175
179
171
173
172
163
159
155
159
156
156
158
154
162
150
143
142
141
144
139
143
141
