0
0
3
18
18
20
19
18
18
15
15
15
15
15
15
15
15
15
15
15
15
15
15
15
15
15
15
15
15
15
15
15
15
26
30
33
33
33
51
49
48
53
49
53
52
51
52
53
42
42
42
54
63
60
60
60
57
59
58
57
63
75
75
78
77
76
72
75
75
75
75
75
78
78
78
78
83
82
77
76
75
78
87
86
85
84
78
83
102
103
99
96
91
92
90
93
90
96
99
98
94
87
87
88
89
87
87
87
87
90
87
87
87
87
89
88
87
90
90
92
94
90
90
93
97
100
97
90
87
87
88
89
87
87
87
87
90
87
87
87
87
88
89
87
87
87
87
90
87
87
87
87
89
88
87
87
87
87
90
87
87
87
87
89
88
87
87
87
88
89
87
87
87
88
109
106
105
105
104
103
104
102
102
102
102
105
102
102
102
102
103
104
102
102
102
102
99
87
87
92
112
113
124
127
130
128
126
129
133
132
131
129
125
121
122
121
120
121
122
123
120
120
120
124
122
123
127
128
127
137
138
138
129
108
111
108
110
111
109
116
115
118
107
105
105
109
92
90
90
90
93
93
90
90
90
90
78
75
75
75
78
78
75
75
76
77
76
71
63
65
64
63
63
63
65
64
63
63
63
66
63
63
63
49
50
48
48
48
50
49
48
48
48
50
49
48
48
48
51
48
