0
0
0
0
0
0
0
0
0
0
0
0
0
0
0
0
0
0
0
0
0
0
0
0
0
0
0
0
0
0
0
0
0
0
0
0
0
0
0
0
0
0
0
0
0
0
0
0
0
0
0
0
0
0
0
0
0
0
0
0
0
0
0
0
0
0
0
0
0
0
0
3
18
18
18
20
19
18
15
15
15
15
15
15
15
15
15
15
15
15
15
15
15
15
15
15
21
33
35
34
46
59
57
57
48
48
53
52
51
53
52
54
54
57
57
58
59
48
48
48
50
49
48
57
66
70
68
70
74
77
73
84
84
84
93
91
92
93
85
83
78
79
80
78
78
78
80
79
90
93
93
95
94
93
93
93
93
99
109
116
115
113
111
111
123
119
120
118
115
117
119
114
114
105
106
110
105
105
105
106
109
106
105
105
107
106
108
105
105
114
111
117
131
133
139
142
139
132
124
122
120
120
121
124
121
120
120
120
126
120
120
120
121
124
121
120
120
122
121
123
120
120
122
121
128
124
123
126
124
129
132
132
131
129
139
142
141
139
135
135
136
139
136
135
135
136
140
135
135
135
136
138
137
135
135
137
127
120
117
117
117
117
119
118
120
120
108
106
110
108
111
111
111
114
105
102
102
102
103
104
102
102
102
102
105
102
102
102
102
103
101
87
87
87
87
90
87
87
87
87
