0
0
0
0
0
0
0
0
0
0
0
0
0
0
0
0
0
0
0
0
0
0
0
0
0
0
0
0
0
0
0
0
0
0
0
0
0
0
0
0
0
0
0
0
0
0
0
0
0
0
0
0
0
0
0
0
0
0
0
0
0
0
0
0
0
0
0
0
0
0
0
0
0
0
0
0
0
0
0
0
0
0
0
1
26
24
24
23
19
18
18
18
21
18
18
18
19
20
18
18
18
20
19
18
18
18
20
19
18
24
24
25
25
37
36
33
18
21
18
18
18
19
20
18
18
18
19
20
18
18
18
20
19
18
18
18
21
18
18
18
19
20
18
18
18
20
19
18
18
18
20
19
18
18
18
21
18
18
18
19
20
18
18
18
20
19
18
18
18
20
19
18
27
36
39
37
38
36
34
35
33
33
33
35
34
33
33
33
36
33
33
33
34
35
33
33
33
34
35
33
33
33
35
34
33
33
33
36
33
36
36
39
39
36
36
44
44
44
42
42
33
35
34
33
33
33
54
51
52
53
52
50
48
48
48
50
49
48
48
45
30
30
30
30
30
30
30
30
30
30
30
30
30
30
30
30
30
30
30
30
30
30
33
33
33
33
34
35
39
40
40
40
31
30
30
30
30
30
30
30
30
30
30
30
30
30
30
30
30
30
30
30
30
30
30
30
30
30
30
30
