0
0
0
0
0
0
0
0
0
0
0
0
0
0
0
0
0
0
0
0
0
0
0
0
0
0
0
0
0
0
0
0
0
0
0
0
0
0
0
0
0
0
0
0
0
0
0
0
0
0
0
0
0
0
0
0
0
0
0
9
19
20
18
18
18
18
15
15
15
15
15
15
15
15
15
15
15
15
15
15
15
15
15
15
15
15
15
15
15
15
15
15
15
15
18
19
20
18
18
23
25
24
24
24
18
15
15
15
15
15
15
15
15
15
15
15
15
15
15
15
15
15
15
15
15
15
15
15
15
15
15
15
15
15
15
15
15
15
15
15
15
15
15
15
15
15
15
15
15
15
15
15
15
15
15
15
15
15
15
15
15
15
15
15
15
15
15
15
15
15
15
15
15
15
15
15
15
15
15
15
15
15
15
15
15
15
15
15
15
15
15
15
15
15
15
15
15
15
15
15
21
30
30
30
30
30
30
30
30
30
27
27
27
27
29
28
27
27
27
28
29
27
27
27
27
30
27
27
27
27
28
29
27
27
27
27
30
27
27
27
27
29
28
27
30
30
30
30
30
35
34
33
33
27
18
12
15
12
12
12
12
14
13
12
12
12
12
15
12
12
12
12
14
13
12
12
12
13
14
12
12
12
12
15
12
12
12
12
13
14
12
12
12
12
15
12
12
12
12
14
