0
0
0
0
0
0
0
0
0
0
0
0
0
0
0
0
0
0
0
0
0
0
0
0
0
0
0
0
0
0
0
0
0
0
0
0
0
0
0
0
0
0
0
0
0
0
0
0
0
0
0
0
0
0
0
0
0
0
0
0
0
0
0
0
0
0
0
0
0
0
0
0
0
0
0
0
0
0
0
0
0
0
0
0
0
0
0
0
0
0
0
0
0
0
0
0
0
0
0
0
0
0
0
0
0
0
0
0
0
0
0
0
0
0
0
0
0
0
0
0
0
0
0
0
0
0
0
0
0
0
0
0
0
0
0
0
0
0
0
0
0
0
0
0
0
0
0
0
0
0
0
0
0
0
0
0
0
0
0
0
0
0
0
12
15
15
15
15
15
15
15
15
12
12
12
12
14
13
12
12
12
12
15
12
12
12
12
14
13
12
12
12
13
14
12
12
12
12
14
13
12
15
15
15
15
15
15
15
15
18
18
20
19
15
12
14
13
12
12
12
12
15
12
12
12
12
14
13
12
12
12
13
14
12
12
12
12
15
12
12
12
12
13
14
12
12
12
12
15
12
12
12
12
14
13
23
31
30
30
33
32
31
27
27
29
28
27
27
27
28
29
27
27
27
27
30
27
27
27
27
28
29
27
27
27
27
30
27
30
30
30
35
31
36
36
36
27
30
27
27
