0
0
0
0
0
0
0
0
0
0
0
0
0
0
0
0
0
0
0
0
0
0
0
0
0
0
0
0
0
0
0
0
0
0
0
0
0
0
0
0
0
0
0
0
0
0
0
0
0
0
0
0
0
0
0
0
0
0
0
0
0
0
0
0
0
0
0
0
0
0
0
0
0
0
0
0
0
0
0
0
0
0
0
0
0
0
0
0
0
0
0
0
0
0
0
0
0
0
0
0
0
0
0
0
0
0
0
0
0
0
0
0
9
15
15
15
15
15
15
15
15
12
12
12
12
14
13
12
12
12
13
14
12
12
12
12
15
12
12
12
12
13
14
12
12
12
15
15
15
15
15
15
15
20
19
18
18
18
15
12
15
12
12
12
12
14
13
12
12
12
13
14
12
18
30
31
35
30
27
27
27
28
29
27
27
27
27
30
27
27
27
27
29
28
27
27
27
27
30
27
27
27
27
29
31
30
30
32
32
35
36
37
38
30
30
27
27
27
27
28
29
27
27
27
27
30
27
27
27
27
29
28
27
27
27
27
30
27
27
27
27
29
28
27
27
27
28
29
27
27
27
27
30
27
27
27
27
28
29
27
27
27
27
30
27
27
27
27
29
28
27
27
27
27
30
27
27
27
27
29
28
27
27
27
28
29
27
27
27
27
29
28
27
27
27
28
29
27
27
27
