0
0
0
0
0
0
0
0
0
0
0
0
0
0
0
0
0
0
0
0
0
0
0
0
0
0
0
0
0
0
0
0
0
0
0
0
0
0
0
0
0
0
0
0
0
0
0
0
0
0
0
0
0
0
0
0
0
0
0
0
0
0
0
0
0
0
0
0
0
0
0
0
0
0
24
24
24
25
26
21
0
0
0
0
0
0
0
0
0
0
0
0
0
0
21
24
26
25
24
9
0
0
0
0
0
0
0
0
0
0
0
0
0
0
0
0
0
0
0
0
0
0
0
3
18
18
19
20
18
18
15
15
15
15
15
15
15
15
15
15
15
15
15
15
15
15
15
15
18
24
24
25
20
15
15
15
15
15
15
15
15
15
15
15
15
15
15
15
15
15
21
25
26
24
18
15
15
15
15
15
15
15
15
15
15
15
15
15
15
15
15
15
15
15
15
15
15
15
15
15
15
15
15
15
15
15
15
15
27
39
39
40
41
33
33
34
35
33
33
33
35
34
33
33
33
36
33
33
50
51
46
33
35
34
33
33
33
36
33
33
33
34
35
33
33
33
35
37
51
51
36
33
33
35
34
33
33
33
36
33
33
33
34
35
33
33
33
35
34
33
33
33
35
34
33
33
34
35
33
33
33
34
35
33
33
33
35
34
33
33
33
36
33
33
33
34
35
33
33
33
