5
19
18
18
18
21
18
15
23
37
51
51
55
53
51
45
45
45
45
45
45
45
45
45
45
45
45
45
45
45
45
45
45
45
45
45
45
47
49
48
48
48
60
63
60
60
61
68
64
67
64
52
45
45
45
45
45
45
45
45
45
45
45
45
45
45
45
45
45
45
45
45
45
45
45
45
45
45
45
45
45
45
45
48
64
65
63
63
63
65
61
60
60
60
60
60
60
72
80
79
78
78
78
78
75
75
75
75
75
75
75
75
75
75
75
75
75
79
80
78
78
78
80
85
84
84
78
75
75
75
75
75
78
80
79
78
84
84
84
81
75
75
75
75
75
81
93
94
95
93
93
93
95
90
90
90
90
90
90
90
90
90
90
90
90
90
90
90
90
90
90
90
90
90
90
90
90
90
91
94
116
117
117
120
118
119
119
115
108
108
108
111
108
108
108
94
95
93
93
93
95
94
93
80
69
69
70
70
76
81
79
65
63
63
63
65
64
63
63
63
66
63
63
63
64
65
63
63
63
64
65
63
63
63
65
64
63
63
63
66
63
63
63
64
65
63
63
63
64
65
63
63
63
65
64
63
63
63
66
63
63
63
64
65
63
63
63
65
64
63
63
63
65
64
63
69
78
81
72
63
63
64
65
74
80
80
80
79
78
81
75
77
70
60
62
62
62
60
60
61
