0
0
0
0
0
0
0
0
0
0
0
0
0
0
0
0
0
0
0
0
0
14
15
15
15
15
15
15
13
12
12
15
12
12
12
12
14
13
12
12
12
13
14
12
12
12
12
15
12
12
12
12
13
14
12
12
12
12
15
12
12
12
13
15
15
15
15
15
15
15
17
18
18
21
18
18
12
12
12
15
12
12
12
12
14
13
12
12
12
12
15
12
12
12
12
14
13
12
12
12
13
14
12
12
12
12
14
13
12
12
12
13
14
12
12
12
12
15
12
12
12
12
13
14
12
12
12
12
15
12
12
12
12
14
13
12
12
12
12
15
12
12
12
12
14
13
12
12
12
13
14
12
12
12
12
15
12
12
12
12
13
14
12
12
12
12
15
12
12
12
12
14
13
12
12
12
12
15
12
12
12
12
14
13
12
12
12
13
14
12
12
12
12
15
12
12
12
12
13
14
12
12
12
12
15
12
12
12
12
14
13
12
12
12
12
15
12
12
12
12
14
13
12
12
12
13
14
12
12
12
12
15
12
12
12
12
13
14
12
12
12
12
15
12
12
12
12
14
13
12
12
12
12
15
6
0
0
0
0
0
0
0
0
9
18
18
18
20
19
18
15
15
15
15
15
15
15
15
15
15
15
15
15
15
15
15
15
15
15
15
15
15
15
15
15
18
19
20
18
25
