0
0
0
0
0
0
0
0
0
0
0
0
0
0
0
0
0
0
0
0
0
0
0
0
0
0
0
0
0
0
0
0
0
0
0
0
0
0
0
0
0
0
0
0
0
0
0
0
0
0
0
0
0
0
0
0
0
0
0
0
0
0
0
0
0
0
0
0
0
0
0
0
0
0
0
0
0
0
0
0
0
0
0
0
0
0
0
0
3
21
18
18
18
19
15
15
15
15
15
15
15
15
15
15
15
15
15
15
15
15
15
15
15
15
15
15
15
15
15
17
21
18
18
18
21
24
24
24
26
22
15
15
15
15
15
15
15
15
15
15
15
31
41
39
39
39
33
33
33
34
35
33
33
33
35
34
33
33
33
35
34
33
33
33
36
33
33
36
39
39
40
47
51
48
33
33
34
35
33
33
33
35
34
33
33
33
35
34
33
33
34
35
33
33
33
34
35
33
33
33
35
34
33
33
33
36
33
33
33
34
35
33
33
33
34
35
33
33
33
35
34
33
33
33
36
33
33
33
34
35
33
33
33
35
34
33
33
33
35
34
33
33
33
36
33
33
33
34
35
33
33
33
35
34
33
33
33
35
34
33
33
33
36
33
33
33
34
35
33
33
33
35
34
33
33
33
36
33
33
33
34
35
33
18
18
19
20
18
18
18
20
19
18
18
18
21
18
9
0
0
