0
0
0
0
0
0
0
0
0
0
0
0
0
0
0
0
0
0
0
0
0
0
0
0
0
0
0
0
0
0
0
0
0
0
0
0
0
0
0
0
0
0
0
0
0
0
0
0
0
0
0
0
0
0
0
0
0
0
0
0
0
0
0
0
0
0
0
0
0
0
0
24
24
24
24
18
18
19
20
18
18
18
20
19
18
18
18
20
19
18
18
18
21
18
18
18
21
24
24
24
29
36
36
22
19
20
18
18
18
19
20
18
18
18
20
19
18
18
18
21
18
18
18
19
20
18
18
18
20
19
18
18
18
20
19
18
18
18
21
18
18
18
19
20
18
18
18
20
19
18
18
18
20
19
18
18
19
20
18
18
18
19
20
18
18
18
20
19
18
18
18
21
18
18
18
19
20
18
18
18
19
20
18
18
18
20
19
18
18
18
21
18
18
18
19
20
18
18
18
20
19
18
18
18
20
19
18
18
18
21
18
18
18
19
20
18
18
18
20
19
18
18
18
20
19
18
18
6
0
0
0
0
0
0
0
0
0
0
0
0
0
0
0
0
0
0
0
0
0
0
0
0
0
0
0
0
0
0
0
0
0
0
0
0
0
0
0
18
18
18
18
20
19
15
15
15
15
15
15
15
15
15
15
15
15
15
15
15
15
15
15
15
15
15
15
15
15
18
18
21
