0
0
0
0
0
0
0
0
0
0
0
0
0
0
0
0
0
0
0
0
0
0
0
0
0
0
0
0
0
0
0
0
0
0
0
0
0
0
0
0
0
0
0
0
0
0
0
0
0
0
0
0
0
0
0
0
0
0
0
0
0
0
0
0
0
0
0
0
0
0
0
0
0
0
0
0
0
0
0
0
0
0
0
0
0
0
0
0
0
0
0
0
0
0
0
0
0
0
0
0
0
0
0
0
0
0
0
0
0
0
0
0
0
0
0
0
0
0
0
0
0
0
0
0
0
0
0
0
0
0
0
0
0
0
0
0
0
0
0
0
0
0
0
0
0
0
0
0
0
0
0
0
0
0
0
0
0
0
0
0
0
0
0
0
0
0
0
3
18
19
20
18
18
18
15
15
15
15
15
15
15
22
41
39
39
39
37
35
33
33
33
35
34
33
33
33
36
33
33
33
34
38
37
38
36
43
44
42
39
40
41
39
42
51
48
33
33
33
35
34
33
33
33
36
33
33
33
34
35
33
33
33
35
34
33
33
33
35
34
33
33
33
36
33
33
33
34
35
33
33
33
35
34
33
33
33
35
34
33
33
33
36
33
33
33
34
35
33
33
33
35
34
33
33
33
36
33
33
33
34
35
33
33
33
34
35
33
33
33
35
34
33
33
33
36
33
33
33
34
35
