0
0
0
0
0
0
0
0
0
0
0
0
0
0
0
0
0
0
0
0
0
0
0
0
0
0
0
0
0
0
0
0
0
0
0
0
0
0
0
0
0
0
0
0
0
0
0
0
0
0
0
0
0
0
0
0
0
0
0
0
0
0
0
0
0
0
0
0
0
0
0
0
0
0
0
0
0
0
0
0
0
0
0
0
0
0
0
0
0
0
0
0
0
0
0
0
0
0
0
0
0
0
0
0
0
0
0
0
0
0
0
0
0
0
0
0
0
0
0
0
0
0
0
0
0
0
0
0
0
0
0
0
0
0
0
0
0
0
0
0
0
0
0
0
0
0
0
0
0
0
0
0
0
0
0
0
0
0
0
0
0
0
0
0
0
0
0
0
0
0
0
0
0
0
26
25
24
24
24
18
18
19
20
18
18
18
20
19
18
18
18
21
18
18
18
19
20
18
24
24
26
25
24
36
36
33
18
18
18
20
19
18
18
18
21
18
18
18
19
20
18
18
18
20
19
18
18
18
20
19
18
18
19
20
18
18
18
19
20
18
18
18
20
19
18
18
18
21
18
18
18
19
20
18
18
18
19
20
18
18
18
20
19
18
18
18
21
18
18
18
19
20
18
18
18
20
19
18
18
18
20
19
18
18
18
21
18
18
18
19
20
18
18
18
20
19
18
18
18
20
