0
0
0
0
0
0
0
0
0
0
0
0
0
0
0
0
0
0
0
0
0
0
0
0
0
0
0
0
0
0
0
0
0
0
0
0
0
0
0
0
0
0
0
0
0
0
0
0
0
0
0
0
0
0
0
0
0
0
0
0
0
0
0
0
0
0
0
0
0
0
0
0
0
0
0
0
0
0
0
0
0
0
0
0
0
0
0
0
0
0
0
0
0
0
0
0
0
0
0
20
25
24
21
19
20
18
18
18
20
19
18
18
18
21
18
18
18
19
20
18
18
23
25
24
24
32
36
36
28
18
21
18
18
18
19
20
18
18
18
19
20
18
18
18
20
19
18
18
18
21
18
18
18
19
20
18
18
18
20
19
18
18
18
20
19
18
18
18
21
18
18
18
19
20
18
18
18
20
19
18
18
18
20
19
18
18
19
20
18
18
18
19
20
18
18
18
20
19
18
18
18
21
18
18
18
19
20
18
18
18
19
20
18
18
18
20
19
18
18
18
21
18
18
18
19
20
18
18
18
20
19
18
18
18
20
19
18
18
18
21
18
18
18
19
20
18
18
18
20
19
18
18
18
20
16
0
0
0
0
0
0
0
0
0
0
0
0
0
0
0
0
0
0
0
0
0
0
0
0
0
0
0
0
0
0
0
0
0
0
0
0
0
0
0
0
0
0
0
0
0
