0
0
0
0
0
0
0
0
0
3
21
18
18
18
19
15
15
15
15
15
15
17
18
18
21
18
17
15
15
15
15
15
15
16
19
20
18
18
18
15
15
15
15
15
15
15
15
15
15
15
15
20
25
24
24
24
18
15
15
15
15
15
15
15
15
15
15
15
15
15
15
15
15
30
39
39
30
15
15
15
15
15
15
15
15
15
15
15
15
15
15
15
15
15
15
15
15
15
15
15
15
15
15
15
15
15
15
15
15
15
15
15
15
15
15
15
15
15
15
15
15
15
15
15
15
15
15
15
15
15
15
15
15
15
15
15
15
15
15
15
15
15
15
15
15
15
15
15
15
15
15
15
15
15
15
15
15
15
15
15
15
15
15
15
15
15
15
15
15
15
15
15
15
15
15
15
15
15
15
15
15
15
15
15
15
15
15
15
15
15
15
15
15
15
15
15
15
15
15
15
15
15
15
0
0
0
0
0
0
0
0
0
0
0
0
0
0
0
24
24
24
24
24
18
18
18
20
22
24
24
25
26
22
35
36
38
37
38
34
39
41
40
39
36
36
36
37
40
33
33
33
34
35
33
34
48
55
62
65
55
51
51
48
49
50
48
48
48
49
51
53
51
54
62
61
57
58
50
51
48
48
50
53
53
51
51
48
50
49
48
48
48
50
49
48
48
48
51
48
48
