0
0
0
0
0
0
0
0
21
24
24
25
23
18
20
19
18
18
18
24
25
26
18
20
19
18
18
23
25
24
21
19
20
18
18
18
20
19
19
36
37
34
18
19
20
18
18
18
20
19
18
18
18
21
18
18
18
19
20
18
18
18
19
20
18
18
18
20
19
18
24
36
41
49
56
55
55
59
49
48
48
49
50
50
51
56
59
56
51
48
48
51
48
48
48
52
56
54
54
56
59
56
51
48
48
50
49
48
48
48
51
48
48
54
58
59
65
58
57
53
49
48
48
48
50
49
48
48
49
50
48
48
48
49
50
48
48
48
50
49
48
48
48
51
48
48
48
49
50
60
66
66
69
69
66
66
63
65
64
63
69
87
90
72
73
53
50
49
45
45
45
45
45
45
48
48
48
48
50
49
46
45
45
45
45
45
45
45
45
45
45
45
53
54
55
56
51
45
45
45
45
45
45
45
45
45
45
45
45
45
45
45
45
45
45
45
45
45
45
45
45
45
45
45
45
45
45
45
45
45
45
45
45
45
45
45
45
45
45
45
45
45
45
45
45
45
45
45
45
45
45
45
45
45
45
45
45
45
45
45
45
45
45
45
30
30
30
21
15
15
15
15
15
15
15
15
15
15
15
15
15
15
15
15
15
15
15
15
15
15
15
15
15
15
15
15
15
15
15
15
