0
0
0
0
0
0
0
0
0
0
0
0
0
0
0
0
0
0
0
0
0
0
0
0
0
0
0
0
0
0
0
0
0
0
0
0
0
0
0
0
0
0
9
24
24
25
23
18
18
20
20
26
24
24
24
22
20
18
18
18
24
24
24
25
23
18
20
19
18
18
18
20
19
18
18
19
28
36
28
18
21
18
18
18
19
20
18
18
18
19
20
18
18
18
20
19
18
18
18
21
18
18
18
19
20
18
18
18
20
19
18
18
18
20
19
18
18
18
21
18
18
21
37
38
36
38
37
35
34
33
33
33
35
34
33
36
36
42
36
35
33
34
35
33
33
33
35
35
36
37
38
39
36
36
36
34
35
33
33
33
34
35
33
33
33
35
34
33
36
42
47
43
33
33
34
35
33
33
33
34
35
33
33
33
35
34
33
33
33
36
33
33
33
34
35
33
33
24
15
15
15
15
15
15
15
15
15
15
15
15
15
15
15
15
15
15
15
15
15
15
15
15
15
15
15
15
15
15
15
15
15
15
15
15
15
15
15
15
15
15
15
15
15
15
15
15
15
15
15
15
15
15
15
15
15
15
15
15
15
15
15
15
15
15
15
15
15
15
15
15
15
15
15
15
15
15
15
15
15
15
15
15
15
15
15
15
15
15
15
15
15
15
15
15
15
15
15
15
15
15
