0
0
0
0
0
0
0
0
0
0
0
0
0
0
0
0
0
0
0
0
0
0
0
0
0
0
0
0
0
0
0
0
0
0
0
0
0
0
0
0
0
0
0
0
0
0
0
0
0
0
0
0
0
0
0
0
0
0
0
0
0
0
0
0
0
0
0
0
0
0
0
0
0
0
0
0
0
0
0
0
0
0
0
0
0
0
0
0
0
0
0
0
0
0
0
0
0
0
0
0
0
0
0
0
0
0
0
0
0
0
0
0
0
0
0
0
0
0
0
0
0
0
0
0
0
0
0
21
24
24
24
18
18
18
20
25
24
24
24
24
18
18
18
19
20
21
24
24
24
25
23
18
18
19
20
18
18
18
20
22
36
36
33
18
18
19
20
18
18
18
20
19
18
18
18
20
19
18
18
18
21
18
18
18
19
22
37
36
36
38
40
36
36
33
35
34
33
33
34
35
33
33
37
39
38
36
36
35
35
34
33
33
33
37
36
37
38
37
38
33
33
33
34
35
33
33
33
35
34
33
33
33
41
43
42
39
34
35
33
33
33
35
34
33
33
33
35
34
33
33
33
36
33
33
33
34
35
33
33
33
35
34
33
33
33
35
34
33
33
33
36
33
33
33
34
35
33
33
33
35
34
18
15
15
15
15
15
15
15
15
15
15
15
15
15
15
15
15
15
15
