0
0
0
0
0
0
0
0
0
0
0
0
0
0
0
0
0
0
0
0
0
0
0
0
0
0
0
0
0
0
0
0
9
18
18
20
19
18
16
15
15
15
15
15
17
18
20
19
18
16
15
15
15
15
15
15
17
18
21
18
18
18
18
15
15
15
15
15
15
15
15
15
15
15
15
15
24
24
25
26
18
15
15
15
15
15
15
15
15
15
15
15
15
15
15
15
15
15
15
15
15
15
15
15
15
15
15
15
15
15
15
15
15
15
15
15
15
15
15
15
15
15
15
15
15
15
15
15
15
15
15
15
15
15
15
15
15
15
15
15
15
15
15
15
15
15
15
15
15
15
15
15
15
15
15
15
15
15
15
15
15
15
15
15
15
15
15
15
15
15
15
15
15
15
15
15
15
15
15
15
15
15
15
15
15
15
15
15
15
15
15
15
15
15
15
15
15
15
15
15
15
15
15
15
15
15
15
15
15
15
15
15
15
15
15
15
15
15
15
15
15
15
15
15
15
9
0
0
0
0
0
0
0
0
0
0
5
25
24
24
24
21
18
18
18
19
20
21
25
26
24
18
18
18
21
18
25
26
24
21
18
18
20
19
18
18
18
21
18
28
36
36
29
18
18
18
19
20
18
18
18
19
20
18
18
18
20
19
18
18
18
21
18
18
18
19
20
18
18
18
