0
0
8
25
24
22
20
18
18
18
22
26
24
24
21
20
19
18
18
21
24
24
24
18
18
19
20
18
18
18
20
19
27
36
36
24
18
20
19
18
18
18
20
19
36
36
36
40
38
33
33
34
35
51
53
52
53
52
53
52
51
53
52
55
53
51
54
51
51
48
52
53
51
51
55
58
58
51
51
50
51
48
48
54
67
68
67
68
66
70
74
82
81
81
65
64
63
63
66
86
88
105
102
103
100
96
93
93
94
95
93
98
105
106
104
104
99
93
96
93
93
93
100
102
102
101
96
98
94
99
103
104
101
94
93
93
93
96
99
103
104
103
95
102
102
102
105
99
93
93
93
95
94
93
93
103
116
108
93
93
90
90
90
90
90
90
93
93
93
96
93
93
90
99
108
108
108
110
106
112
129
128
126
123
127
125
123
123
120
120
125
124
123
123
132
137
141
145
143
142
141
141
138
138
139
140
135
135
138
138
140
139
135
135
135
135
147
156
159
156
157
138
138
135
135
135
135
135
135
135
135
135
135
135
135
135
137
130
129
129
123
120
120
120
120
120
120
111
105
105
117
123
126
123
123
120
120
120
120
120
123
124
125
123
123
123
122
120
120
120
120
121
123
123
123
126
123
111
108
105
105
105
105
105
105
105
105
105
105
105
105
105
99
94
101
87
84
78
75
75
