0
0
0
0
0
0
0
0
0
0
0
0
0
0
0
0
0
0
0
0
0
0
0
0
0
0
0
0
0
0
0
0
0
0
0
0
0
0
0
0
0
0
0
0
0
0
0
0
0
0
0
0
0
0
0
0
0
0
0
0
0
0
0
0
0
0
0
0
0
0
0
0
0
0
0
0
0
0
0
0
0
0
0
0
0
0
0
0
0
0
0
0
0
0
0
0
0
0
0
0
0
0
0
0
0
0
0
0
0
0
0
0
0
0
0
0
0
0
0
0
0
0
0
0
0
0
0
0
0
0
0
0
0
0
0
0
0
0
0
0
0
0
0
0
0
0
0
0
0
0
0
0
0
0
0
0
0
0
0
0
0
0
0
0
0
0
0
0
0
0
0
0
0
0
0
0
0
0
0
0
0
0
9
24
25
26
24
21
21
18
18
18
19
26
24
24
18
18
18
20
20
26
24
24
21
18
18
19
20
18
18
18
20
19
21
36
37
36
29
18
18
18
19
20
18
18
18
19
20
18
18
18
20
19
18
18
18
21
18
18
18
19
20
18
18
18
19
20
18
18
18
20
19
18
18
18
21
18
18
18
19
20
18
18
18
20
19
18
18
18
20
19
18
18
18
21
18
18
18
19
20
18
18
18
20
19
18
18
18
20
19
18
18
19
20
18
18
18
19
20
