0
0
0
0
0
0
0
0
0
0
0
0
0
0
0
0
0
0
0
0
0
0
0
0
0
0
0
0
9
19
20
18
18
18
19
15
15
15
15
15
15
15
20
18
18
18
20
16
15
15
15
15
15
17
19
18
18
18
20
19
15
18
33
35
34
44
52
57
66
67
68
63
70
73
73
75
76
65
63
84
87
84
81
82
83
97
99
99
101
97
100
100
96
96
96
96
94
93
90
93
93
93
99
107
115
111
102
101
101
99
100
104
95
93
93
93
90
90
90
90
90
91
100
101
99
99
105
105
99
96
90
90
90
90
90
90
90
90
90
90
90
90
90
90
90
90
90
90
90
90
90
90
108
108
108
108
108
105
120
123
125
133
144
145
143
139
140
135
135
138
138
141
143
143
143
141
142
140
141
138
138
138
141
141
141
141
143
143
135
135
135
135
135
135
135
141
144
144
144
152
153
153
153
145
135
135
135
135
135
135
135
135
135
135
135
135
135
135
135
135
135
120
120
120
120
120
120
120
120
120
120
120
120
120
120
120
120
120
120
120
120
120
120
120
120
120
120
120
120
120
120
120
120
120
120
120
108
105
105
90
90
79
75
75
75
75
75
75
75
75
75
69
60
60
60
60
60
60
60
45
45
45
45
45
48
65
64
70
89
87
87
84
81
78
78
81
78
83
88
89
