0
0
0
0
0
0
0
0
0
0
0
0
0
0
0
0
0
0
0
0
0
0
0
0
0
0
0
0
0
0
0
0
0
0
0
0
0
0
0
18
18
18
18
19
18
15
15
15
15
15
15
15
20
18
18
18
20
19
15
15
15
21
33
33
33
37
41
33
33
33
30
30
30
30
30
36
33
33
33
34
32
33
39
41
40
42
33
33
35
34
33
33
30
30
30
30
30
30
30
30
30
30
36
49
56
57
54
54
48
45
45
45
45
48
48
50
49
48
45
45
45
45
45
45
45
45
53
67
66
68
67
66
63
61
60
60
60
62
64
63
63
63
66
78
78
78
82
88
88
89
81
80
79
78
78
78
80
75
75
75
75
75
75
82
87
89
91
87
78
78
78
75
75
75
75
75
75
75
75
75
78
84
84
85
86
75
75
75
75
75
75
75
75
75
75
75
75
75
75
75
75
75
75
75
75
75
75
75
87
93
94
95
90
90
90
90
90
90
90
90
90
96
114
114
111
111
108
105
105
105
105
105
99
96
96
97
100
97
90
90
90
90
100
110
110
112
111
111
108
105
111
114
114
114
108
93
94
95
93
93
111
114
123
120
117
119
112
112
113
117
121
119
114
108
108
111
108
110
115
114
114
114
108
111
130
140
138
132
126
123
137
142
153
162
159
150
138
129
129
128
