9
15
15
15
15
15
15
12
13
14
12
12
12
12
15
12
12
12
12
13
14
21
30
30
32
34
27
30
39
45
57
54
51
51
51
51
57
48
48
51
45
53
49
48
51
45
52
50
48
51
45
51
51
48
51
45
51
48
51
51
62
70
65
70
69
69
72
68
70
66
60
66
64
77
75
72
75
67
67
66
61
66
61
65
68
61
66
63
81
81
90
99
94
101
95
91
109
110
114
114
114
115
113
111
111
103
110
105
108
111
117
124
119
123
117
108
110
107
106
135
127
132
133
110
111
102
122
122
121
125
118
123
121
120
121
116
120
118
122
120
117
120
117
121
122
115
124
126
134
141
131
138
131
130
134
118
123
116
118
122
118
122
116
119
119
120
121
118
119
119
118
123
117
120
119
116
124
116
122
118
116
123
129
138
133
131
136
134
136
133
137
140
133
140
138
137
133
141
161
171
171
178
180
185
181
183
186
173
187
195
193
196
189
192
194
191
193
178
174
175
176
178
174
176
173
178
175
174
180
172
175
176
173
181
173
174
166
159
170
165
179
188
168
177
167
167
165
161
165
161
165
162
163
165
169
174
158
157
157
148
151
148
147
150
142
158
155
154
153
155
163
155
156
156
148
149
149
151
151
141
148
149
149
153
142
149
131
132
140
129
135
129
123
123
117
120
113
118
120
119
