0
0
0
0
0
0
0
0
0
0
0
0
0
0
0
0
0
0
0
0
0
9
15
30
33
33
31
32
33
33
42
42
42
43
44
42
42
42
39
45
39
39
48
57
61
60
59
57
54
55
59
54
54
54
54
59
55
54
54
54
56
58
54
54
54
54
59
55
54
54
54
57
57
54
54
54
59
70
66
69
69
61
64
61
60
54
57
55
56
59
79
80
79
84
63
61
63
62
68
70
63
63
57
55
56
54
54
55
56
57
54
54
54
57
55
56
54
54
56
55
57
54
54
54
72
71
70
69
69
71
70
69
69
66
67
68
68
69
67
66
78
82
84
83
81
80
82
81
81
78
78
84
79
81
80
78
99
99
99
99
97
98
99
95
96
94
99
112
110
111
111
108
109
113
107
129
130
133
135
126
126
125
126
128
129
133
129
131
133
132
124
128
126
124
127
127
129
126
123
126
129
137
145
142
151
150
150
154
155
151
151
152
144
141
138
141
143
141
158
141
141
126
126
133
124
123
126
128
127
129
123
124
128
126
134
133
141
145
143
133
125
121
125
122
120
127
122
120
121
121
125
126
118
131
138
141
138
123
135
129
133
141
125
121
110
113
114
112
111
111
114
111
113
112
111
114
114
126
138
138
144
138
136
143
136
139
136
129
139
137
136
137
129
137
139
134
137
131
137
138
