0
0
0
0
0
0
0
0
12
18
21
18
18
18
18
15
15
15
15
15
27
27
29
28
27
27
27
27
30
24
27
26
25
27
24
27
26
25
27
24
27
25
26
27
24
27
25
30
52
52
66
58
41
42
39
42
39
39
39
36
40
38
39
39
39
48
48
48
45
36
39
38
40
39
36
45
54
60
58
56
65
67
71
67
63
66
63
67
65
63
63
63
66
65
67
78
84
84
82
86
78
79
77
75
78
75
77
79
75
77
76
75
81
75
75
78
75
83
82
84
81
81
84
80
76
75
75
77
79
81
84
86
87
83
79
76
75
76
98
108
117
114
115
110
113
112
108
124
122
124
126
122
120
133
140
146
154
147
147
143
143
137
138
133
136
132
136
142
131
137
132
134
143
131
137
133
133
142
139
153
153
150
147
135
135
137
133
136
134
139
135
134
135
132
142
134
135
134
134
149
141
139
142
136
130
135
126
131
119
122
124
128
127
124
127
126
123
118
122
123
116
123
119
121
124
116
119
124
119
123
137
138
142
137
138
133
134
137
136
136
134
135
135
138
153
150
157
152
155
154
146
155
149
148
155
144
157
149
147
154
147
154
166
162
166
165
168
165
173
176
179
173
162
162
158
162
165
158
160
160
164
174
168
169
162
145
151
147
148
150
145
149
148
147
122
122
129
126
131
122
