0
0
0
0
0
0
0
0
0
0
0
0
0
0
0
0
0
0
0
0
0
0
0
0
0
0
0
0
0
0
0
0
0
0
0
0
0
0
0
0
0
0
0
0
0
0
0
0
0
0
0
0
0
0
0
0
0
0
0
0
0
0
0
0
0
0
0
0
0
0
0
0
0
0
0
0
0
0
0
0
0
0
0
0
0
0
0
0
0
0
0
0
0
0
0
0
0
0
0
0
0
0
0
0
0
0
0
0
0
0
0
0
0
0
0
0
0
0
0
0
0
0
0
0
0
0
0
0
0
0
0
0
0
0
0
0
0
0
0
0
0
0
0
0
0
0
0
0
0
0
0
0
0
0
0
0
0
0
0
0
0
0
0
0
0
0
0
0
0
0
0
0
0
0
0
0
0
0
0
0
0
0
0
0
0
0
0
0
0
0
0
0
0
0
0
0
6
20
19
18
18
18
18
15
15
15
15
15
15
15
15
15
25
30
30
30
45
55
53
53
52
50
49
51
50
45
48
45
46
47
45
47
46
47
46
48
53
55
51
45
45
45
48
48
47
48
48
50
49
48
46
45
50
46
45
45
45
50
46
45
45
46
47
48
45
45
47
46
58
56
54
59
72
65
59
45
48
45
45
48
46
47
45
45
46
48
47
45
45
45
50
46
45
45
45
50
49
52
53
52
