0
0
0
0
0
0
0
0
0
0
0
0
0
0
0
0
0
0
0
0
0
0
0
0
0
0
0
0
0
0
0
0
0
0
0
0
24
24
24
23
19
18
18
18
21
18
18
18
19
20
18
18
18
20
19
18
18
26
25
24
24
24
21
18
18
19
20
18
18
18
20
19
18
18
18
20
19
18
18
18
21
18
18
18
19
20
18
18
18
20
19
18
18
18
20
28
36
36
21
21
18
18
27
34
35
33
33
33
35
31
30
32
31
32
31
30
31
33
32
30
30
30
34
32
30
30
30
33
33
30
33
33
36
33
33
33
34
35
30
30
30
34
32
30
30
30
34
32
30
30
30
33
33
30
30
31
32
32
31
30
32
31
31
32
30
32
31
30
33
30
33
30
30
31
33
32
30
30
30
35
31
30
30
36
38
40
36
36
33
33
30
27
12
12
12
12
13
14
12
12
12
12
15
12
12
12
12
14
13
12
12
12
12
15
12
12
12
12
14
13
12
12
12
13
14
12
12
12
27
33
30
33
30
30
30
29
27
27
27
27
30
27
27
27
27
29
28
27
27
27
27
30
27
27
29
32
32
31
30
32
31
29
29
27
27
27
27
30
27
27
27
27
28
29
27
27
27
27
30
27
27
27
27
29
28
27
27
27
27
30
27
27
27
27
29
28
27
27
27
28
