0
0
0
0
0
0
0
0
0
0
0
0
0
0
0
0
0
0
0
0
0
0
0
0
0
0
0
0
0
0
0
0
0
0
0
0
0
0
0
0
0
0
0
0
0
0
0
0
0
0
0
0
0
0
0
0
0
0
0
0
0
0
0
0
0
0
0
0
0
0
0
0
0
0
0
0
0
0
0
0
0
0
0
0
0
0
0
0
0
0
0
0
0
0
0
0
0
0
0
0
0
0
0
0
0
0
0
0
0
0
0
0
0
0
0
0
0
0
0
0
0
0
0
0
0
0
0
0
0
0
0
0
0
0
0
0
0
0
0
0
0
0
0
0
0
0
0
13
25
25
21
18
18
18
20
19
18
18
18
20
19
18
18
18
21
18
18
18
21
24
24
24
26
20
20
18
18
18
20
19
18
18
18
21
18
18
18
19
20
18
18
18
19
20
18
18
18
20
19
18
18
18
21
18
18
18
19
36
37
36
25
18
18
27
35
34
33
33
33
35
33
31
30
31
32
31
32
30
31
32
30
33
30
32
31
30
31
32
33
30
30
33
52
51
50
48
51
52
50
48
48
48
50
49
47
46
45
48
45
45
48
46
47
45
45
52
52
49
48
48
49
49
46
45
45
45
50
46
45
45
46
48
47
45
45
47
46
48
45
45
47
46
46
47
45
48
45
51
53
53
