0
0
0
0
0
0
0
0
0
0
0
0
0
0
0
0
0
0
0
0
0
0
0
0
0
0
0
0
0
0
0
0
0
0
0
0
0
0
0
0
0
0
0
2
15
15
15
15
15
15
15
13
12
15
12
12
12
12
13
14
12
12
12
12
15
12
12
12
12
14
22
30
30
30
34
32
30
30
30
30
30
27
28
29
27
27
27
27
30
27
27
27
27
28
29
27
27
30
30
33
30
32
28
27
29
28
27
27
27
27
30
27
27
27
27
29
28
27
27
27
28
29
27
27
27
27
30
27
27
27
27
33
36
33
33
33
34
35
28
29
31
38
36
36
30
27
27
27
27
28
29
27
27
27
27
30
27
27
27
27
29
28
27
27
27
27
30
27
27
27
27
29
28
27
27
27
28
29
27
27
27
27
30
27
27
27
27
28
29
27
27
27
27
30
27
27
27
27
29
28
27
27
27
27
30
27
27
27
27
29
28
27
27
27
28
29
27
27
27
27
29
28
27
27
27
28
29
27
27
27
27
30
27
27
27
27
28
29
27
27
27
27
30
27
27
27
27
29
28
27
27
27
27
30
27
27
27
27
29
28
27
27
27
28
29
27
12
12
12
15
12
12
12
12
13
14
6
0
0
0
0
0
0
0
0
0
0
0
0
0
0
0
0
0
0
0
0
0
0
0
