0
0
0
0
0
0
0
0
0
0
0
0
0
0
0
0
0
0
0
0
0
0
0
0
3
15
15
15
15
15
15
15
15
12
12
12
14
13
12
12
12
12
15
12
12
12
12
14
13
12
12
12
13
14
12
12
12
12
15
12
12
12
12
13
14
12
12
12
19
29
24
24
24
24
29
22
24
21
24
23
25
24
21
24
23
25
30
28
32
29
28
24
33
39
38
37
39
38
37
34
35
39
33
39
34
35
51
49
53
50
50
51
49
50
47
48
48
48
51
48
48
48
46
52
47
50
48
45
52
47
51
48
45
50
48
51
49
45
48
55
53
54
54
66
68
68
64
64
60
63
65
68
68
63
66
61
62
63
57
61
62
62
62
59
60
67
68
68
67
66
58
65
60
61
62
57
65
61
57
78
71
75
76
69
76
72
74
77
69
72
73
69
75
70
71
75
69
72
73
71
83
88
86
87
88
84
90
83
80
89
84
94
94
85
111
105
102
110
102
101
97
96
103
101
99
99
96
99
103
101
98
97
96
104
103
97
98
96
99
107
97
98
97
96
108
98
98
98
96
104
101
98
99
99
102
109
104
100
104
99
91
95
84
96
91
93
93
90
98
95
96
95
87
87
86
85
88
88
88
85
86
86
88
90
83
88
84
89
90
83
89
84
86
92
84
87
86
85
90
85
