0
0
0
0
0
0
0
0
0
0
0
0
0
0
0
0
0
0
0
0
0
0
0
0
0
0
0
0
0
0
0
0
0
0
6
24
27
28
29
27
24
30
42
36
39
39
36
40
35
36
37
35
36
36
36
36
36
36
35
37
36
35
37
33
39
36
33
39
33
38
37
33
38
34
37
38
33
37
35
36
38
34
36
36
36
36
36
36
34
38
38
40
42
40
47
40
56
54
48
53
50
48
53
45
48
60
57
62
58
58
53
51
48
53
49
45
48
46
53
51
45
48
45
51
56
58
60
57
61
66
62
60
54
60
63
60
60
54
60
61
61
61
54
60
60
58
65
54
60
59
56
67
55
60
59
61
70
62
66
66
63
65
58
62
58
57
60
58
63
59
57
60
56
64
59
58
60
55
64
57
61
60
54
63
58
62
60
54
61
58
63
61
54
60
58
62
63
54
60
56
63
63
61
63
60
67
66
62
60
54
62
63
58
60
54
61
62
58
62
54
60
62
58
69
69
75
73
76
78
70
75
69
72
76
71
72
69
71
75
71
74
67
71
76
70
76
67
71
74
70
78
67
71
73
69
76
71
71
72
69
75
72
72
72
67
76
89
92
92
79
78
72
81
75
69
75
69
67
64
58
63
57
65
66
73
78
72
78
85
77
82
80
75
74
73
75
73
77
72
75
