0
0
0
0
0
0
0
0
0
0
0
0
0
0
0
0
0
0
0
0
0
0
0
0
0
0
0
0
0
0
0
0
0
0
0
0
0
0
0
0
0
0
0
0
0
0
0
0
0
0
0
0
0
0
0
0
0
0
0
0
0
0
0
0
0
0
0
0
0
0
0
0
0
0
0
0
0
0
0
0
0
0
0
0
0
0
0
0
0
0
0
0
0
0
0
0
0
0
0
0
0
0
0
0
0
0
0
0
0
0
0
0
0
0
0
0
0
0
0
0
0
0
0
0
0
0
0
0
0
0
0
0
0
0
0
0
0
0
0
0
0
0
0
0
0
0
0
0
0
0
0
0
0
0
0
0
0
0
0
0
0
0
0
0
0
0
0
0
0
0
0
0
0
0
0
0
0
0
0
0
0
0
0
0
0
0
0
0
0
0
0
0
0
0
0
0
0
0
0
0
0
0
9
12
12
13
14
12
12
12
12
12
10
11
12
9
12
10
11
12
9
12
10
11
12
9
12
9
12
12
9
12
9
12
12
9
12
9
12
12
9
12
9
12
12
9
12
9
12
12
9
12
9
12
12
9
12
9
12
12
9
12
9
12
11
10
12
9
12
11
10
12
9
12
11
10
14
15
15
15
15
15
15
15
13
9
12
10
11
12
9
12
10
11
12
9
12
10
11
12
