0
0
0
0
0
0
0
0
0
0
0
0
0
0
0
15
15
15
15
15
15
15
15
12
12
12
15
12
12
12
12
13
14
12
12
12
12
15
12
12
12
12
14
13
12
12
27
30
33
32
31
30
27
29
28
27
27
27
28
29
27
27
27
27
30
27
27
27
27
28
35
42
42
42
42
48
48
48
45
46
46
40
39
41
40
40
41
39
39
42
39
42
39
39
41
40
40
41
39
40
41
43
53
48
40
41
40
41
40
39
40
41
39
42
39
39
42
39
41
40
39
40
41
40
41
39
39
42
39
41
40
54
59
59
59
57
58
53
54
51
48
53
52
50
52
48
51
54
49
53
48
51
53
49
54
48
51
52
50
52
50
51
51
51
51
51
51
50
50
53
50
52
50
49
54
48
54
50
55
77
79
83
80
80
81
78
79
84
89
91
91
91
93
90
90
91
89
87
91
89
85
92
84
93
90
84
91
86
90
92
85
89
94
90
96
93
90
95
91
91
88
88
87
90
88
90
89
86
90
88
89
91
85
89
90
86
92
92
97
97
91
96
87
74
78
72
77
78
81
86
74
66
66
63
63
61
65
57
60
61
60
67
58
60
60
60
66
60
60
60
59
63
64
60
59
58
63
63
63
59
58
62
61
75
71
70
73
75
79
71
71
72
71
74
75
69
71
70
72
77
