0
0
0
0
0
0
0
0
0
0
0
0
0
0
0
0
0
0
0
0
0
0
0
0
0
0
0
0
0
0
0
0
0
0
0
0
0
0
0
0
0
0
0
0
0
0
0
0
0
0
0
0
0
0
0
0
0
0
0
0
0
0
0
0
0
0
0
0
0
0
0
0
0
12
15
15
15
15
15
15
12
12
12
13
14
12
12
12
12
15
12
12
12
12
23
28
27
27
27
27
30
26
25
24
24
26
26
26
24
24
25
26
27
30
39
39
42
40
41
39
39
39
39
39
36
36
36
42
38
37
36
36
40
38
42
42
43
45
38
38
38
38
36
39
51
51
51
48
49
51
53
50
46
54
54
54
56
55
54
47
49
48
49
50
45
51
48
47
52
45
50
49
45
54
45
49
50
45
56
55
54
54
62
73
73
68
66
63
69
67
65
62
61
64
62
69
62
61
74
78
82
79
76
78
77
79
79
75
75
72
78
79
80
78
78
80
81
84
79
78
79
77
82
77
72
75
75
78
80
73
75
73
77
83
85
84
81
84
78
78
75
72
77
75
81
76
72
75
76
79
79
72
75
75
77
81
73
75
73
83
87
78
81
79
80
78
75
89
88
91
92
93
91
89
90
90
88
89
87
89
90
86
92
85
90
89
87
92
85
90
90
86
102
100
101
100
100
104
102
96
