0
0
0
0
0
0
0
0
0
0
0
0
0
0
0
0
0
0
0
0
0
0
0
0
0
0
0
0
0
0
0
0
0
0
0
0
0
0
0
0
0
0
0
0
0
0
0
0
0
0
0
0
0
0
0
0
0
0
0
0
0
0
0
0
0
0
0
0
0
0
0
0
0
0
0
0
0
0
0
0
0
0
0
0
0
0
0
0
0
0
0
0
0
0
0
0
0
0
0
0
0
0
0
0
0
0
0
0
0
0
0
0
0
0
0
0
0
0
0
0
0
0
0
0
0
0
0
0
0
0
0
0
0
0
0
0
0
0
0
3
15
15
15
15
15
15
15
15
13
14
12
12
12
18
34
32
30
30
30
28
29
27
27
27
27
30
27
27
27
27
29
28
27
27
27
27
30
27
27
27
27
29
28
27
27
27
28
29
27
27
27
27
30
27
27
27
27
28
32
33
33
33
35
31
29
37
36
37
29
28
29
27
27
27
27
30
27
27
27
27
28
29
27
27
27
27
30
27
27
27
27
29
28
27
27
27
27
30
27
27
27
27
29
28
27
27
27
28
29
27
27
27
27
30
27
27
27
27
28
29
27
27
27
27
30
27
27
27
27
29
28
27
27
27
27
30
27
27
27
27
29
28
27
27
27
28
29
27
27
27
27
30
27
27
27
27
28
29
27
27
