0
0
0
0
0
0
0
0
0
0
0
0
0
0
0
0
0
0
0
0
15
15
15
15
15
15
12
15
12
12
12
12
14
13
12
12
12
13
14
12
12
12
12
15
12
12
12
12
13
14
12
12
12
12
15
12
12
12
12
14
13
12
12
12
24
30
27
27
27
27
44
40
39
39
39
43
47
51
51
54
53
55
51
51
56
56
56
58
56
54
54
51
52
50
48
50
50
52
52
60
67
68
72
71
64
63
65
66
67
66
63
64
65
67
67
64
63
78
80
80
77
75
76
80
80
76
75
75
78
84
88
91
84
79
81
74
79
75
75
77
74
79
76
74
77
74
81
81
79
91
90
93
82
72
78
73
77
80
73
76
74
78
77
76
75
75
76
76
79
75
74
76
76
78
83
84
92
88
88
92
84
90
85
89
89
85
85
86
89
87
94
87
93
91
89
91
83
88
86
87
89
85
87
87
85
87
89
87
86
85
88
86
90
84
87
87
85
92
84
86
85
87
92
84
86
86
86
89
97
100
102
100
104
103
101
97
98
104
99
100
96
99
100
99
104
96
98
103
104
106
102
102
105
102
96
87
84
88
85
91
86
85
87
86
88
87
87
86
87
86
89
86
87
85
87
89
86
87
84
89
85
89
88
84
88
85
89
87
86
92
95
93
91
87
88
88
76
72
71
67
