0
0
0
0
0
0
0
0
0
0
0
0
0
0
0
0
0
0
0
0
0
0
0
0
0
0
0
0
0
0
0
0
0
0
0
0
0
9
20
19
18
18
18
18
15
15
15
15
15
15
36
39
39
40
41
36
33
34
35
33
33
33
34
35
33
33
33
35
34
33
33
33
36
33
33
33
34
35
33
33
33
35
34
33
33
33
35
34
33
33
33
36
33
33
33
34
35
33
33
33
35
34
33
33
33
35
34
33
33
33
36
33
33
33
34
35
33
33
33
35
34
33
33
33
36
33
33
33
34
35
33
33
33
34
35
33
33
33
35
34
33
33
33
36
33
33
33
34
35
33
33
33
34
35
33
33
33
35
34
33
33
33
36
33
33
33
34
35
33
33
33
35
34
33
33
33
35
34
33
33
45
51
51
42
33
33
36
33
33
33
34
35
33
33
33
43
44
42
42
42
41
34
33
33
33
36
24
15
15
15
15
15
15
15
15
15
15
15
15
15
15
15
15
15
15
15
15
15
15
15
15
15
9
0
0
0
0
0
0
0
0
0
0
0
0
0
0
0
0
0
0
0
0
0
0
0
0
0
0
0
0
0
0
0
0
0
0
0
0
0
0
0
0
0
0
0
0
0
0
0
0
0
0
0
0
0
0
0
0
0
0
0
0
0
0
0
0
0
0
0
