0
0
0
0
0
0
0
0
0
12
19
20
18
18
18
15
15
15
21
33
33
34
35
33
30
30
30
30
30
30
30
30
30
30
30
30
30
30
30
30
30
30
30
30
30
30
30
30
30
30
30
30
30
30
30
30
30
30
30
30
30
30
30
30
30
30
54
55
55
51
49
48
48
48
50
49
48
48
48
51
48
48
48
49
50
48
48
48
50
49
48
48
48
51
48
48
48
49
50
48
48
48
49
50
48
48
48
50
49
48
48
48
51
48
48
48
49
50
48
48
48
49
50
48
48
48
50
49
48
48
48
51
48
48
48
49
50
48
48
48
50
49
48
48
48
50
49
48
48
48
51
48
48
48
49
50
48
48
48
50
49
48
48
48
50
49
48
48
49
50
48
48
48
49
50
48
48
48
50
49
48
48
48
51
48
48
48
49
50
48
48
48
49
50
48
48
48
50
49
48
48
48
51
48
48
48
49
50
33
33
33
35
34
33
33
33
35
25
18
18
18
21
18
18
21
36
18
21
15
15
15
15
15
15
15
15
15
15
15
15
15
15
15
15
15
15
15
15
15
15
15
15
15
15
15
15
15
15
15
15
15
15
15
15
15
15
15
15
15
15
15
15
15
15
15
15
15
15
15
15
15
15
15
15
15
15
15
15
15
15
15
15
15
15
15
15
15
15
15
15
