0
0
0
0
0
0
0
0
0
0
0
0
0
0
0
0
0
0
0
0
0
0
0
0
0
0
0
0
0
0
0
0
0
0
18
25
26
24
24
18
18
20
19
18
18
18
21
18
18
18
19
20
18
18
18
19
20
18
18
18
20
19
18
18
18
21
18
18
18
19
20
27
36
36
41
37
36
33
33
35
34
33
33
33
36
33
33
33
34
35
33
33
33
35
34
33
33
39
53
52
53
52
49
50
48
48
48
49
50
48
48
48
50
49
48
48
48
51
48
48
48
49
50
48
48
48
49
50
48
48
48
50
49
48
48
48
51
48
48
48
49
50
48
48
48
50
49
48
48
48
50
49
48
48
48
51
48
57
66
70
68
66
63
63
65
64
63
63
63
65
64
63
63
63
66
63
63
63
64
65
63
63
63
65
64
63
63
63
66
63
63
63
64
59
45
45
45
45
45
45
45
45
45
45
45
45
45
45
45
45
45
45
45
45
45
45
45
45
45
45
45
45
45
45
45
45
45
45
45
45
45
45
45
45
45
45
45
45
45
45
45
45
45
45
45
45
45
45
45
45
45
45
45
45
45
45
45
45
45
45
45
45
45
45
45
45
45
45
45
45
33
30
30
30
30
30
30
30
30
30
30
30
30
30
30
30
30
30
30
30
30
30
30
30
30
30
24
15
15
15
