2688
2727
2658
2730
2628
2670
2610
2658
2550
2592
2571
2562
2652
2631
2685
2607
2652
2655
2697
2574
2550
2622
2526
2664
2589
2790
2502
2511
2610
2508
2559
2526
2700
2514
2577
2514
2745
2514
2589
2421
2703
2562
2679
2691
2481
2685
2541
2652
2718
2751
2577
2634
2577
2580
2697
2481
2661
2742
2406
2592
2568
2673
2589
2574
2664
2733
2520
2580
2745
2478
2640
2613
2673
2583
2508
2619
2688
2583
2526
2484
2550
2688
2676
2733
2565
2625
2739
2793
2583
2550
2679
2763
2679
2565
2736
2562
2898
2805
2562
2709
2709
2508
2826
2577
2694
2661
2760
2709
2559
2475
2610
2589
2520
2568
2628
2670
2598
2589
2709
2508
2652
2598
2679
2619
2568
2628
2742
2619
2688
2889
2697
2550
2682
2739
2745
2655
2589
2730
2628
2709
2775
2535
2640
2712
2565
2559
2697
2589
2535
2562
2580
2769
2667
2529
2664
2622
2856
2499
2592
2538
2622
2616
2613
2556
2658
2646
2607
2622
2568
2646
2451
2487
2664
2664
2583
2529
2604
2649
2724
2604
2604
2484
2628
2580
2691
2415
2649
2724
2541
2682
2652
2712
2595
2730
2622
2577
2691
2532
2508
2517
2535
2574
2640
2652
2643
2571
2577
2544
2679
2811
2595
2736
2631
2802
2478
2817
2592
2661
2703
2775
2658
2637
2694
2598
2625
2580
2679
2700
2712
2550
2715
2610
2619
2769
2679
2682
2568
2790
2505
2664
2457
2694
2724
2610
2532
2574
2610
2790
2643
2721
2592
2601
2652
2490
2613
2691
2586
2721
2466
2718
2592
2436
2793
2745
2529
2703
2655
2586
2544
2730
2715
2613
2766
2739
2451
2676
2610
2457
2625
2526
2658
2571
2556
2538
2673
2604
2595
2745
2508
2616
2694
2583
2676
2808
2523
2565
2766
2745
2706
2706
