2913
2829
2997
2943
2850
2889
2889
2817
2892
2865
2901
2784
2982
2790
2934
2844
2940
2985
2844
2880
2754
2856
2952
2814
2769
2856
2976
2799
2922
2883
3003
2688
2847
2907
2826
2775
2844
2796
2763
2796
2754
2895
2790
2889
2883
2940
2787
2880
2715
2847
2829
2892
2859
2820
2928
2973
2889
3015
2790
2754
2904
3018
2805
2946
2844
2811
2697
2724
2856
2910
2874
2922
2736
2931
2811
3015
2850
2922
2838
2787
2919
2988
2934
2667
2790
2904
2919
2808
2883
2913
2757
2898
2886
2826
2940
2829
2742
2829
2904
2703
2961
2871
2871
2910
2796
2778
2799
2889
2787
2802
2817
2916
2808
2871
2919
2925
3078
2847
2832
2805
2856
2853
2706
2748
2763
2787
2853
3195
2970
2748
2859
2787
2850
3000
3015
2736
2919
2925
2925
2829
2847
2877
2883
2784
2742
2907
2751
2859
2808
2841
2733
2802
2826
2868
2868
2796
2895
2928
3030
2811
2928
2811
2844
2910
2964
2856
2898
2844
3024
2871
2748
2670
2841
2889
3003
2790
2754
2772
2940
2880
2871
2919
2835
2772
2985
2727
2907
2997
2856
2862
2937
2856
2829
2766
2925
2808
2949
2961
2829
2829
2754
2976
2946
3051
2865
3060
2814
2715
2886
2796
2715
2862
2799
2892
2928
2910
2970
2982
2796
2949
2664
2922
2826
3006
2940
2913
2952
2907
2730
2826
2895
2784
2838
2859
2814
2739
2763
2934
2835
2919
3045
2805
2781
2892
2919
2835
2934
2961
2688
2832
2943
2832
2748
2679
2874
2904
2757
2730
2934
2979
2754
2733
2715
2751
2769
2742
2748
2904
2979
2910
2892
2946
2892
2934
2886
2958
2937
2844
2898
2712
2973
2994
2898
2715
2916
2838
2772
2991
2793
2907
2850
3039
2847
2811
2931
2760
2886
2772
2766
2844
