2622
2598
2730
2595
2580
2655
2775
2538
2589
2571
2583
2739
2472
2685
2655
2610
2760
2451
2661
2610
2484
2601
2703
2736
2766
2715
2682
2676
2619
2619
2454
2628
2778
2724
2805
2748
2697
2670
2616
2583
2763
2589
2619
2697
2853
2712
2712
2739
2667
2646
2679
2619
2649
2595
2691
2622
2841
2562
2652
2841
2559
2556
2514
2610
2580
2544
2757
2640
2664
2715
2712
2541
2499
2535
2691
2469
2562
2631
2763
2628
2661
2538
2637
2694
2751
2541
2781
2694
2721
2556
2538
2619
2739
2661
2691
2493
2580
2667
2649
2607
2490
2697
2682
2658
2469
2514
2643
2643
2589
2688
2589
2745
2661
2748
2736
2625
2556
2649
2598
2601
2691
2664
2664
2637
2634
2688
2508
2448
2517
2745
2583
2601
2598
2598
2691
2517
2760
2574
2751
2697
2556
2808
2619
2598
2637
2517
2403
2565
2625
2622
2613
2727
2562
2520
2787
2619
2517
2466
2736
2628
2589
2736
2793
2730
2700
2877
2511
2706
2682
2517
2574
2505
2553
2604
2424
2586
2769
2643
2646
2580
2709
2592
2616
2634
2655
2586
2709
2748
2589
2610
2616
2574
2439
2649
2709
2706
2589
2676
2769
2592
2469
2673
2664
2691
2709
2655
2496
2664
2610
2511
2523
2673
2565
2703
2775
2622
2571
2592
2700
2625
2634
2742
2631
2721
2610
2541
2751
2715
2688
2799
2682
2682
2646
2583
2706
2580
2691
2490
2718
2727
2643
2652
2583
2625
2868
2628
2499
2673
2697
2589
2694
2634
2706
2721
2652
2649
2637
2682
2622
2574
2661
2478
2562
2643
2640
2778
2610
2592
2748
2439
2793
2661
2505
2595
2760
2559
2529
2685
2652
2535
2664
2553
2484
2763
2718
2667
2589
2496
2619
2715
2742
2736
2667
2652
2490
2679
2631
2562
2574
2631
