2904
2751
2805
2925
3153
2847
3039
2985
2907
2763
2913
2862
2862
2673
2907
2880
2871
2838
2826
2835
2703
2724
2706
2937
2859
2871
2781
2883
2826
2967
2754
2724
2910
3024
2883
2676
2865
2898
2964
2964
2916
2814
2712
2682
2808
2958
2841
2901
2868
2829
2925
2865
2832
2811
2811
2835
2844
2979
2967
3051
2826
2826
2877
2805
2910
2844
2889
2904
2718
2871
2838
2736
2904
3072
2898
2946
2934
2790
2958
2835
2880
3027
2742
2964
2883
2865
2901
2841
2757
2838
2925
2799
2769
2880
2784
2859
2871
3021
3036
2778
2808
2928
2829
2964
3033
2829
2733
2796
2886
2925
3018
2775
2880
3012
2838
2844
2730
2865
2808
2790
2859
2892
2778
2823
2841
2880
2919
2922
2958
2811
2835
2940
2982
2868
2778
2652
2853
2955
2739
2706
2781
2889
2895
2823
2886
3048
2904
2802
2919
2796
2937
2847
2919
2880
2931
2880
2787
2841
2913
2925
2901
2862
2787
2874
2820
2946
2844
2802
3030
2928
2904
2973
2967
2850
2763
2955
3012
2826
2727
2784
2793
2886
2925
2919
2874
2736
2901
2715
2925
2799
2724
2847
2892
2928
2850
2853
2862
2814
2964
2931
2886
2889
2832
3081
2826
2832
2958
2961
2898
3063
2940
3072
2796
2904
2952
2823
2931
2841
2814
2646
2814
2868
2901
2928
2889
2721
2964
2916
2883
2766
2850
2781
2808
2805
2811
2829
2682
2721
2907
2796
2658
2787
2880
2760
2970
2895
2931
2874
2802
2937
2934
2682
2871
3027
2760
3039
2868
2847
2856
2925
2862
2724
2907
2973
2778
2778
2919
2715
2823
2784
2796
2856
2772
2757
2598
2904
2802
2895
2895
2718
2898
3042
2829
2835
2922
2994
2826
2850
2817
2769
2814
2856
2940
2829
2673
2823
2877
2895
2772
2787
