3984
3906
3852
3810
3888
3711
3531
3444
3771
3732
3549
3759
3729
3759
3849
3903
3726
3741
3828
3654
4005
3774
3816
3708
3744
3765
3930
3930
3858
3666
3630
3720
3705
3468
3810
3681
3717
3861
3726
3813
3774
3828
3822
3735
3939
3735
3912
3891
3918
3699
3864
3975
3765
3726
3852
3960
4101
3858
3858
3741
3804
3843
3837
3738
3858
4128
3978
3723
3744
3966
3912
3546
3903
3873
3762
3969
3789
3789
3975
3756
3783
3615
3603
3687
3690
3714
3963
3939
3843
3828
3657
3645
3813
3912
3909
3885
3744
3648
3825
3660
3612
3960
3729
3804
3939
3750
3813
4017
3825
3873
3732
3738
3708
3861
3672
3729
3822
3861
3657
3813
3879
3795
4008
3675
3783
3789
3819
3789
3861
3792
3771
3627
3873
3879
3780
3777
3738
3810
3879
3807
3771
3921
3819
3810
3951
3882
3867
3711
3804
3660
3744
3801
3747
3882
3828
3687
3807
3828
3762
3789
3891
3810
3924
3768
3711
3930
3903
3870
3720
3846
3900
3738
3747
3702
3747
3756
3822
3843
3681
3717
3906
3825
3744
3903
3522
3723
3639
3789
3615
3951
3924
3771
3672
3783
3888
3819
3816
3759
3753
3891
3822
3759
3774
3987
3741
3741
3801
3810
3948
3867
3525
3591
3576
3852
3960
3960
3741
3795
3642
3759
3594
3924
3921
3774
3831
3765
3744
3717
3927
3762
3819
3840
3777
3786
4032
3882
3690
3891
3786
3822
3822
3918
3777
4032
3657
3843
3825
3801
3912
3696
3816
3726
3717
3996
3744
3690
3876
4158
3855
3864
3669
3816
3924
3777
3690
3804
3921
3675
3951
3885
3894
3924
4008
3675
3858
3852
3867
3786
3822
3711
3792
3903
3840
3870
3672
3768
3879
3645
4023
3774
3627
3915
3840
3915
3804
3912
3708
3795
3717
3852
