24618
24957
24693
23937
25020
24774
24969
24210
24096
25035
24405
24627
25155
24582
25077
24852
24264
24222
24663
24663
24798
24684
24936
24828
24114
24870
24852
24771
24525
24756
24372
24744
24615
24483
24999
24900
24333
24354
24108
24993
24447
24606
24465
24687
24549
24825
24915
24810
24534
24651
24543
24735
24678
24768
24567
24504
24486
24918
24789
24468
25107
24552
24528
24510
24153
24864
25224
24279
24435
24408
24564
24831
25065
24633
24633
24360
24630
24753
24840
24495
24780
24786
24336
24666
24822
24672
24486
25029
25158
24810
24690
24807
24426
24507
24531
24684
25176
24453
24768
24516
24867
24735
24453
24480
24477
24429
24570
24807
24933
25065
24777
24705
24843
24537
24831
24660
24831
24552
24933
24636
24534
24528
24564
24678
24633
24612
24312
24774
25080
24711
24297
24375
24561
24687
25491
24993
24681
24678
25044
24534
24660
24423
24906
24825
24837
25371
24750
24273
24360
24687
24621
24279
25110
24882
24465
24084
24819
24546
25032
24672
24741
24198
24696
24705
24795
24699
24564
24813
24579
24474
24912
24327
24999
25080
24936
24408
24891
24660
25137
24564
24561
24915
24864
24669
24792
24612
24390
24615
24378
24390
25071
24951
24639
25191
24345
24504
24192
24915
24876
24873
24726
24024
24312
25128
24816
24786
24993
24927
24930
24666
24261
24399
24342
24453
24681
24690
24753
24687
24483
24111
24360
24768
25056
25212
24462
24894
24372
24585
25002
24672
24615
24600
24837
24588
24765
24720
24795
24585
24897
24654
25020
24849
24804
24645
24747
24744
24825
24420
24789
24861
24966
24963
24654
24999
24642
24759
24873
24600
24816
24933
24702
24978
24564
24972
24873
24963
25056
24549
24714
24459
24738
25206
24255
24651
24837
24351
24777
24342
25254
24231
24360
25269
24660
24723
24777
24447
24561
25065
24804
24618
23967
24177
25137
24648
24882
24915
24414
24555
24411
24645
