2634
2625
2664
2850
2667
2661
2625
2637
2499
2688
2604
2679
2640
2655
2688
2760
2601
2535
2652
2637
2583
2583
2586
2739
2658
2613
2646
2697
2535
2745
2556
2679
2661
2682
2565
2607
2661
2625
2679
2595
2685
2679
2775
2607
2595
2571
2706
2403
2616
2595
2559
2712
2598
2691
2631
2655
2670
2565
2670
2496
2625
2487
2718
2685
2562
2805
2742
2478
2670
2688
2730
2766
2457
2658
2682
2613
2562
2631
2610
2547
2775
2742
2820
2670
2772
2640
2601
2739
2694
2718
2799
2580
2694
2610
2721
2553
2760
2757
2658
2592
2685
2661
2655
2643
2661
2760
2553
2790
2616
2466
2592
2430
2706
2667
2775
2394
2568
2706
2538
2748
2715
2670
2628
2550
2664
2562
2562
2475
2562
2589
2562
2490
2799
2523
2586
2646
2610
2736
2646
2640
2772
2715
2565
2685
2586
2571
2688
2598
2673
2532
2544
2586
2703
2655
2511
2574
2553
2850
2571
2661
2727
2868
2733
2592
2496
2709
2703
2625
2658
2700
2598
2760
2535
2556
2601
2580
2598
2676
2604
2604
2490
2718
2628
2658
2604
2733
2610
2697
2670
2781
2622
2499
2589
2685
2472
2682
2571
2694
2430
2586
2616
2529
2526
2604
2604
2616
2628
2562
2793
2610
2658
2619
2628
2598
2649
2580
2643
2658
2646
2691
2625
2580
2673
2643
2736
2655
2616
2550
2721
2637
2838
2655
2544
2724
2730
2667
2751
2784
2694
2553
2751
2694
2736
2541
2694
2733
2703
2661
2538
2601
2565
2541
2607
2655
2742
2682
2598
2571
2640
2676
2493
2703
2571
2466
2697
2697
2652
2670
2628
2553
2604
2706
2613
2619
2637
2652
2502
2598
2721
2571
2724
2595
2484
2670
2559
2529
2676
2544
2526
2700
2655
2610
2691
2601
2577
2790
2634
2604
2577
2721
