68124
68649
68469
67329
68268
68535
67452
67905
68289
68658
68199
68082
68196
68166
67755
69228
68679
68616
68631
68481
67668
68406
67347
68487
67245
67893
68562
67839
67827
67965
68304
68649
68598
68853
68184
67791
68109
68505
67983
68454
69222
68874
68085
68505
68283
67782
68208
67965
67773
68334
68466
68502
68757
68460
68478
67848
67725
68094
67794
68487
68367
67986
69408
68802
68328
67794
68637
68025
68280
69024
68583
69072
67983
68358
68421
68163
68499
68160
69414
68364
68262
67941
67614
68124
68850
68367
67464
68238
67635
68181
68532
67974
67644
68829
67779
68085
67644
67854
69378
68202
68898
68277
67893
67701
68439
67992
68475
67977
68949
68331
68478
67668
68472
68526
68478
68361
68619
67818
68007
68631
68448
68052
68610
68469
68103
68322
68190
68157
68319
68154
68901
67578
68592
68670
67875
68673
68826
68679
69024
68496
68370
68373
68019
67599
68625
68982
68718
68646
67500
69531
68019
68178
67995
68493
67497
68892
67506
67875
68100
68610
67119
68202
67737
68082
67830
68886
69066
68676
68154
67596
67989
68481
67863
67647
68805
68316
68148
68943
67989
68283
69024
67938
68379
68055
67809
68055
68175
68274
67905
67869
68634
68454
68301
67584
67647
67686
67935
67980
68013
67185
68034
67419
68727
68214
68307
68049
68382
68646
68574
68418
68271
68730
69822
68421
67638
67701
68694
68334
68700
67407
68889
68280
68361
67965
68628
68310
68517
69021
68517
68433
68454
68331
68085
68481
68250
67521
68409
67929
68106
68586
68331
68448
67761
68241
68247
68883
68289
68529
68070
68154
67386
68124
68448
67488
68319
68370
67554
67590
68049
68427
68034
68238
68235
68310
68580
68829
67755
68076
69384
68103
67668
68049
68169
68703
68517
68733
68262
68121
67611
68358
68457
67320
68004
68610
69054
69066
67800
67953
68700
67923
68187
67434
68064
67656
67767
68517
68697
68721
67977
67245
