2721
2742
2838
2949
2880
2970
2892
2697
2757
2763
2943
3072
2721
2811
3063
2808
2973
2643
2808
2826
2892
2913
2916
2712
2793
2907
2847
2964
2853
2754
2880
2865
2832
2871
2898
2979
2805
2769
3096
2970
2871
2781
2790
2844
2850
2811
2775
3102
2796
2922
3138
2841
2835
2865
2841
2724
2826
2982
3030
2724
2976
2991
2802
2865
2829
2856
2862
2763
2571
2823
2826
2790
2790
3003
2790
2814
2883
2724
2826
2802
2805
2946
2772
2862
2799
2877
2901
2868
2754
2997
2784
2922
2898
2988
2820
3240
2904
2994
2841
2712
2886
3084
2760
2787
2859
2799
2880
2871
2841
2802
3012
2877
2727
2892
2859
2994
2736
2934
2892
2802
3012
3030
2883
2967
2958
2883
2952
2940
2793
2865
2664
2778
3054
2769
2943
2880
2856
3006
2895
2793
2835
3075
2757
2727
2817
2778
2874
2943
3003
2946
2706
2904
2847
2955
2790
2940
2889
2844
2853
2823
2868
2730
2901
2694
2820
2850
2700
2925
2814
2982
2790
2931
2865
2832
2991
2943
2934
3021
2700
2820
2751
2844
2802
2829
2592
2817
2736
2895
2952
2898
2904
2982
2982
2904
2793
3072
2988
2814
3018
2853
2946
2838
2892
2940
2982
2793
2838
2886
2706
2892
2907
2991
3108
2922
2913
2796
2841
2895
2922
3000
2823
2892
2910
2820
2898
2910
2919
2841
2811
2874
2928
3012
2811
2922
3093
2829
2706
2778
2829
2961
3003
2859
2856
2883
2688
2742
2940
2913
2883
2934
2802
2907
2862
2826
2850
2850
2871
2748
2952
2712
2916
2925
3039
2880
2973
2868
2859
2763
2934
2757
2868
2865
2874
2838
2952
2880
2877
3057
2925
2937
2802
2832
2847
2850
2781
2751
2916
2883
2718
2787
2829
2604
2751
2802
2817
2727
2979
2910
2973
2931
