24732
24750
24837
24324
24765
24513
24711
24741
24723
24381
24537
24663
24345
25242
24543
24597
24819
24627
24477
24564
24171
24243
24600
24672
24213
25428
24498
24768
24600
24393
24444
24162
24555
24840
24870
24645
24813
24306
24879
24741
24297
24243
24801
24516
24645
24912
24342
24795
24357
24504
24933
24555
24897
24645
24894
24633
24606
24714
24528
24516
24780
24555
24501
24561
24903
24738
24915
25041
24873
24537
24477
24888
25005
24801
24792
24588
24819
24705
24600
24642
24783
24219
24600
24786
24867
25257
24573
24480
24651
24435
24567
24417
24537
24942
24762
24729
24381
24900
24282
24177
24477
24615
25101
24372
25053
24486
24807
24414
24537
24951
24798
24882
24399
24480
25104
24489
24573
24729
24195
25089
24786
24327
24924
24285
24915
24747
24657
24927
24708
24549
24570
24468
24639
25080
24609
24669
24831
24762
24768
25119
24675
24648
24270
24858
24438
24945
24927
24615
24300
24273
24843
24597
24627
24867
25005
24204
24387
24705
24696
24891
24330
24531
24597
24597
24111
25134
24681
23979
24534
24687
24546
24390
24798
24588
24669
24471
24465
24378
24771
24231
24819
24915
24297
24960
24534
24345
24834
24537
24810
24201
25182
24399
24111
24498
24780
24444
25101
24480
24786
24708
24576
24558
24696
24468
24534
24933
24441
24900
24675
24666
24546
24771
24690
24426
24249
24531
25392
24591
24564
24447
24819
25008
24393
24936
24576
24861
24558
24459
24750
24834
24456
24327
24957
25080
24558
24834
24984
24924
24657
24480
24666
24717
25032
24420
24480
24675
24723
24552
24804
24549
24717
24171
24861
25056
24966
24798
24849
24240
24816
24723
25239
24597
24708
24873
24498
25038
24639
24981
25044
24915
25008
24876
24729
24849
24639
24270
24426
24177
24165
24702
24501
24549
24522
24672
25029
24417
24621
24780
24426
24858
24768
24387
25011
24513
24633
24834
24459
25128
24765
25182
