13764
13521
13530
13296
13362
13530
13704
13620
13563
13509
13233
13488
13530
13500
13665
13467
13326
13539
13476
13410
13473
13605
13278
13644
13443
13437
13788
13512
13536
13248
13452
13497
13557
13812
13329
13545
13614
13761
13971
13728
13317
13908
13863
13812
13863
13209
13632
13650
13605
13476
13413
13707
13668
13602
13827
13872
13665
13536
13569
13689
13452
13635
13644
13182
13491
13725
13716
13944
13428
13728
13644
14013
13497
13446
13719
13653
13416
13674
13800
13347
13176
13641
13578
13587
13659
13302
13470
13524
13410
13749
13398
13299
14034
13302
13593
13416
13782
13359
13569
13560
13074
13566
13770
13461
13464
13626
13377
13563
13176
13515
13683
13770
13581
13746
13752
13275
13695
13551
13455
13521
13293
13662
13314
13620
13578
13410
13650
13413
13512
13542
13284
13557
13404
13536
13878
13707
13281
13467
13503
13440
13821
13617
13557
13641
13752
13515
13413
13272
13860
13890
13608
13479
13467
13605
13398
13428
13452
13575
13560
13545
13275
13770
13875
13560
13305
13254
13329
13362
13848
13173
13917
13425
13452
13689
13782
13554
13362
13620
13557
13416
13464
13518
13299
13659
13386
13581
13371
13242
13473
13320
13653
13344
13755
13725
13821
13830
13683
13473
13677
13521
13728
13701
13491
13569
13542
13569
13611
13728
13395
13779
13539
13581
13149
13641
13284
13338
13638
13635
13314
13326
13548
13668
13623
13590
13476
13464
13710
13509
13725
13407
13236
13416
13647
13647
13614
13809
13845
13401
13623
13554
13383
13539
13797
13599
13353
13311
13680
13746
13728
13299
13647
14079
13428
13398
13305
13725
13959
13467
13752
13851
13431
13533
13404
13398
13530
13614
13368
13575
13683
13272
13530
13758
13749
13365
13827
13644
13344
13839
13698
13671
13530
13632
13596
13515
13338
13641
13212
13605
13479
13722
13608
13455
13461
13407
13728
13227
13437
13353
13506
13560
