3588
3645
3918
3624
3681
3882
3735
3699
3576
3708
3780
3861
3801
3846
3774
3720
3756
3873
3930
3570
4002
3675
3846
3729
3675
3708
3951
3936
3798
3765
3591
3669
3765
3807
3678
3687
3855
4044
3792
3951
3762
4050
3741
3804
3738
3918
3873
3762
3762
3687
3741
3846
3873
3984
3834
3714
3951
3885
3684
3873
3630
3864
3939
3744
3852
3528
3945
3867
3813
3813
3957
3828
3786
3639
3801
3714
3855
3534
3507
3633
3909
3723
3657
3645
3777
3879
3708
3720
3666
3714
3924
3687
3807
3825
3651
3789
3708
3864
3714
3825
3783
3705
3675
3867
3900
3618
3864
3762
3969
3612
3753
3816
3606
3921
3945
3792
3762
3801
3966
3744
3660
3882
3987
3876
3867
3777
3795
3738
3816
3750
3639
3771
3693
3648
4017
3816
3816
3792
3789
3738
3642
3636
3711
3735
3807
3693
3669
3900
3843
3783
3729
4017
3741
3765
4005
3930
3795
4032
3741
3684
3891
3930
3936
3666
4122
3744
4131
3849
3906
4008
3891
3747
3981
3675
3906
3702
3843
3993
3780
3966
3711
3711
3729
3633
3855
3678
3792
3813
3939
3840
3843
3753
3921
3702
3747
3663
3621
3750
3639
3777
3609
3798
3762
3993
3570
3864
4029
3627
3930
3933
3789
3831
3939
3921
3792
3762
3783
3777
3927
3882
3834
3726
3813
3741
3768
3717
3777
3597
3846
3663
3729
3792
3798
3633
3918
3963
3675
3912
3681
3837
3762
3711
3825
3945
3777
3714
3726
3783
3669
3654
3723
3711
3870
3753
3867
3732
3756
3702
3570
3816
3669
3891
3918
3906
3837
3918
3771
3996
3636
3903
3831
3747
3705
3690
3603
3864
3654
3933
3660
3750
3780
3789
3726
3801
3702
3924
3810
3630
3825
3888
3828
3801
3822
3807
4008
3954
3846
3909
4035
3744
