24429
24648
24783
24390
24816
24450
24531
24813
24402
24879
24795
24942
24687
24741
24456
24804
24591
24231
25335
24291
24825
24732
24624
24999
24459
24858
23994
24813
24936
24609
24501
24612
24522
24495
24582
24690
24453
24714
25113
24792
24918
24447
24720
24663
25134
24831
24471
24381
25347
24891
24678
24774
24483
24453
24705
24681
24933
24513
24540
24456
24687
24696
24525
24594
24699
24834
24537
24534
24474
24612
24480
24654
24660
24540
24015
25104
24534
24330
24303
24135
24393
24615
24519
24720
24288
24882
24399
24531
24759
24834
24216
24873
24285
24696
24849
24603
25050
24843
24624
24663
24654
25137
24945
25041
24333
24573
24702
24276
24681
25008
24879
24651
24879
24453
24444
24651
25137
24477
24567
24456
24825
24669
25458
24228
24783
24804
24726
24549
24348
24807
25005
24939
24093
24519
24468
24918
24897
24504
25305
24537
24564
24711
25035
24921
24471
24636
24789
24435
24807
24693
24957
24714
24681
24156
24390
24873
24690
24291
24660
24654
24801
24516
24414
24687
24405
24684
24564
24921
24648
24630
24093
24480
25104
24429
24498
24441
24114
24516
25029
24582
24438
24558
24945
24702
24639
25014
24702
24687
24828
25068
24525
24891
25353
25008
24900
24456
24714
24105
24486
24555
24786
24582
24789
24993
24330
25200
24420
24555
24996
24672
24765
24486
24981
24348
24657
24471
24783
24414
24573
24123
24603
24387
25086
24492
24549
24831
25014
24654
24330
24720
24441
24444
24897
24594
24900
24546
24870
24576
24567
25323
24354
24210
24849
24630
25449
24702
24768
24423
24573
24894
24867
24681
24780
24945
24732
24774
25362
24522
24606
24570
24648
24252
24546
24492
24249
24315
24936
24660
24591
25068
24561
24117
24000
24480
24573
24747
24909
24516
24489
24996
24969
24642
24195
24036
24348
24780
24552
24507
24465
24678
24594
24747
25086
24915
24930
24840
24603
24558
24804
25023
