13326
13374
13548
13614
13458
13500
13656
13350
13578
13521
13650
13497
13608
13848
13728
13845
13671
13563
13626
13395
13680
13572
13872
13419
14091
13464
13419
13476
13965
13740
13701
13902
13326
13323
13542
13398
13239
13794
13164
13566
13536
13617
13245
13698
13926
13836
13737
13440
13662
13707
13554
13446
13482
13518
13467
13359
13188
13389
13641
13758
13185
13341
13503
13650
13761
13449
13767
13410
13797
13521
13542
13620
13461
13710
13446
13731
13551
13491
13656
13863
13473
13371
13512
13839
13272
13830
13545
13440
13896
13608
14016
13920
13671
13791
13251
13239
13839
13203
13392
13614
13920
13284
13650
13401
13614
13251
13302
13377
13530
13638
13251
13587
13218
13833
13341
13302
13743
13167
13938
13626
13935
13599
13260
13752
13932
13665
13620
13227
13977
13869
13536
13845
12954
13800
13341
13446
13383
13650
13890
13578
13647
13326
13620
13431
13686
13215
13539
13434
13590
13476
13707
13542
13878
13314
13563
13734
13626
13587
13398
13719
13422
13923
13656
13557
13353
13416
13386
13668
13638
13410
13266
13779
13515
13518
13455
13323
13386
13359
13752
13497
13656
13725
13161
13578
13200
13584
13218
13566
13623
13527
13323
13365
13380
13653
13926
13641
13761
13758
13428
13605
13761
13674
13476
13389
13551
13614
13692
13800
12831
13485
13482
13752
13323
13560
13617
13641
13521
13785
13782
13476
13791
13713
13752
13689
13689
13581
13353
13755
13566
13980
13473
13899
13800
13689
13290
13827
14004
13398
13647
13521
13479
13443
13356
13497
13524
13590
13797
13155
13197
13737
13839
13668
13596
13188
13191
13515
13515
13812
13305
13467
13875
13869
13491
13383
13680
13824
13581
13572
13371
13203
13557
13212
13227
13734
13608
13776
13380
13665
13719
13254
13731
13650
13224
13776
13299
13533
13701
13455
13737
13287
13425
13296
13308
13605
13710
13776
13539
13575
13467
13812
