68364
69171
68718
67548
68094
68007
69477
67656
67569
68199
67788
67491
68586
68943
67767
68142
68634
68811
68433
67452
68241
68616
68700
67965
67536
68358
68169
68067
68043
68007
68025
68418
68376
68685
68193
68814
68490
68514
68613
68676
68502
67902
68931
68442
67527
68394
67842
67425
68853
67974
68193
67572
67965
68280
68565
67524
67671
68247
68442
67623
68637
67998
68379
68721
68751
68088
67848
67575
68790
68874
67452
68514
67323
69282
68637
69231
67995
67749
67953
67638
67620
67449
68376
68400
68229
68037
68157
67833
68166
69207
68757
68739
69189
68235
67698
68970
68451
68613
67656
68499
68469
68151
67956
68127
67479
68211
67809
68883
68607
68397
68358
68280
68391
67587
67629
67977
67800
67872
67869
68328
68115
68637
68838
68667
68136
68313
68025
68766
68679
68379
67860
68877
68355
68709
68310
68241
68082
67953
68601
69033
67725
67584
68364
68619
68550
68733
68166
68295
68403
68718
67476
68292
68265
69219
67605
68283
67290
68628
68283
68079
67545
68610
68313
68505
67755
68355
67452
68499
67692
68484
68469
68067
68049
68610
68664
68067
67650
68979
67794
68454
67206
68196
68166
68067
67671
69027
68319
68055
68697
67893
69036
68349
67890
67665
69186
67929
68856
68202
67488
68289
68169
68475
68586
68292
68289
68187
68484
68142
68778
68463
68730
68145
67644
68232
67713
69171
68541
67827
69135
68463
67779
67959
68556
69078
68805
68199
67566
68043
67557
69006
68280
67413
67695
68787
67632
68868
68040
67740
69033
68046
67680
67692
68160
68256
68268
68337
67812
67806
68280
68217
68418
68736
68061
68145
68139
67500
67365
67743
68427
68781
67974
68667
67947
67659
67971
67818
68055
68238
68547
68682
67623
68181
69096
68481
68400
67692
68361
68493
68406
67989
69252
68757
68037
67995
68601
68190
68199
67290
67839
68766
68388
68448
68250
68028
67779
69123
67761
67482
67755
68160
