13527
13944
13383
13509
13464
13617
13968
13530
13410
13377
13377
13533
13791
13722
13401
13872
13173
13587
13449
13620
13446
13296
13227
13335
13692
13668
13215
14049
13641
13665
13896
13626
13731
13638
13566
13635
13635
13422
13662
13101
13401
13569
13353
13455
13431
14064
13659
13395
13296
13512
13509
13770
13347
13611
13434
13509
13788
13509
13563
13701
13317
13593
13485
13407
13812
13218
13200
13728
13578
13593
13617
13662
13620
13833
13104
13512
13545
13584
13149
13872
13896
13248
13989
13668
13395
13623
13746
13713
13812
13572
13611
13644
13722
13287
13677
13575
13230
13341
13530
13530
13401
13623
13416
13533
13626
13695
13977
13812
13614
13461
13515
13824
13770
13710
13461
13221
13485
13902
13863
14073
13533
13476
13437
13050
13503
13707
13386
13551
13470
13908
13527
13890
13557
14004
13893
13449
13704
13272
13464
13320
13608
13467
13758
13860
13383
13935
14022
13575
13527
13740
13623
13479
13686
13683
14289
13362
13776
13479
13638
13215
13413
13638
13779
13407
13329
13362
13632
13407
13341
13635
13272
13224
13251
13854
13365
13362
13617
13347
13344
13752
13473
13731
13380
13338
13434
13149
13587
13311
13914
13821
13644
13545
13545
13734
13740
13527
13479
13569
13776
13683
14019
13257
13242
13437
13617
13452
13683
13755
13653
13488
13686
13242
13671
13596
13323
13611
13443
13740
13923
13359
13812
13512
13464
13707
13413
13743
13761
13602
13488
13695
13896
13488
13665
13656
13557
13311
13647
13653
13041
13491
13383
13536
13392
13671
13554
13239
13605
13686
13698
13899
13482
13503
13773
13308
13368
13194
13611
13551
13704
13776
13818
13749
13536
13611
13272
13809
13386
13398
13782
13647
13503
13527
13392
13359
13644
13740
13530
13401
13734
13404
13569
13353
13104
13530
13797
13227
13614
13512
14100
13884
13800
13545
13530
13761
13338
13458
13800
13656
13611
13650
