2739
2838
2871
2949
2754
2835
2820
3024
2889
2787
2907
2820
2760
2739
2790
2736
2865
2781
2766
2895
2811
2820
2766
2823
2988
2907
2874
2937
2796
2901
2865
2835
2982
2937
2847
2805
2868
2706
2850
2928
3054
2913
2964
2868
2856
2946
2718
2817
2913
2871
2790
2787
2997
2877
2952
2880
2763
2883
2898
2772
2913
2865
2757
2943
2973
2790
2856
2796
2826
2769
2820
2763
2835
2820
2772
2706
3051
2745
2871
2874
2976
2817
2835
2907
2808
2958
2757
2823
2853
2691
2847
2928
2763
2844
2814
2946
2763
3018
2844
2850
2739
2802
2877
2892
2679
3030
2874
2907
2781
3012
2886
2865
2718
3021
2802
2868
2868
2943
2784
2958
2964
2751
3003
2916
2883
2931
2793
2778
3003
2832
2973
2928
2844
2832
2793
2877
2856
2922
2937
2910
2847
2766
2862
2877
2892
2739
2820
2829
2736
2946
2712
2841
2892
2796
2829
2853
2844
2835
2853
2895
2937
2829
2667
2931
3057
3000
2808
2712
2832
2955
2802
3081
2706
2739
2778
2874
2997
2934
2922
3063
2931
2946
2910
2967
2742
2784
2823
2631
2955
2670
2886
2874
2790
2901
2898
2832
2823
2862
2850
2763
2853
2838
2928
3150
2961
2949
2961
2913
2922
2883
2835
2850
2781
2976
2811
2877
2958
3003
3030
2808
2838
2793
2859
2820
2919
2898
2706
2748
3039
2760
2877
2817
2646
2766
2784
2979
2916
2838
2655
2793
3015
2838
2934
2766
2871
2865
2829
2826
2898
2802
2901
2859
2841
2814
3138
2895
2934
2706
2865
2796
2826
2796
2817
2832
2970
2796
3030
2778
2847
2757
2793
2775
2817
2949
2778
2853
2766
2796
2946
2919
2859
2844
2808
2982
2769
2772
2811
2730
2880
2871
2886
2601
2898
2823
2871
2961
2931
2823
2766
2829
