7767
7524
7938
7929
8229
7524
8223
7809
7848
8001
7839
7785
8019
8043
7989
7863
7884
8100
8067
7758
7929
7968
7941
7887
7845
7851
8073
8034
8061
8070
8100
7779
8121
7911
7914
7965
7902
7875
8076
7836
8001
8034
7998
7803
7947
7908
7986
7743
8010
7983
7893
7782
7899
8061
7833
7854
7827
8055
7887
7812
7788
7923
7938
7743
7986
7974
7608
8022
7887
8052
8007
8202
7905
8091
8181
8190
8061
7689
7929
7935
7806
8055
7929
8007
7860
7728
8064
7752
8058
8052
8013
8007
7959
7926
8010
8397
7848
7890
7911
7968
7887
7971
8160
7899
7920
8127
7836
7758
8034
8145
8106
7818
7941
8112
8145
7860
8010
7776
7998
7731
7815
7752
7938
7779
7722
7797
8199
8073
8064
8133
7971
7887
7938
8157
7731
7809
8016
7893
8022
7935
7707
8394
7746
7971
7824
7905
7716
7857
8067
7899
7905
8088
8133
7911
7836
8136
8169
8118
7911
7860
7914
8142
7785
7992
8094
7875
7836
7959
8142
8169
8118
7944
7812
8073
7629
8241
8241
7950
7770
7908
8001
7677
7962
7908
7878
8112
8028
8157
8013
8310
8019
8001
7911
7938
7890
7884
7461
8067
8031
7950
7959
7794
7818
8130
7842
8196
7935
8010
7986
8178
7920
7746
7992
7878
8013
7905
7779
7725
7926
8118
7962
8070
8091
7827
8238
8013
8097
8103
8151
7845
7980
7770
8340
8166
7956
7740
7977
7875
7833
7881
8007
8094
8073
7710
8142
8013
7908
8046
8001
7746
7767
7773
8091
7668
7872
7584
8046
7731
8076
7641
8115
8028
7749
7890
8262
8268
8205
7752
7863
7950
8337
7890
7692
8046
8109
7929
7713
8076
7923
7833
7584
7917
7866
7806
7779
8130
7995
8148
7977
8184
7689
8094
7773
7824
8238
7857
7641
7935
8076
7950
