3834
3768
3984
3786
3699
3939
3816
3759
3759
3987
3585
3585
3822
3927
3708
3996
3768
3690
3687
3567
3633
3858
3822
3858
3816
3744
3831
3915
3819
3750
3984
3675
3819
3714
3687
3912
3747
3816
3786
3912
3633
3936
3765
3771
4017
3828
3672
3768
3753
3618
3834
3999
3795
3807
3960
3789
3954
3543
3822
3723
3843
3729
3849
3624
3888
3792
3711
3840
3879
3822
3792
3945
3642
3780
3957
3651
3726
3807
3900
3912
3798
3774
3762
3708
3720
3777
3822
3663
3654
3714
3789
3699
3654
3849
3978
3795
3597
4008
3801
3645
3591
3621
3849
4020
3867
3783
3633
3726
3642
3828
3750
3720
3885
3759
3723
3657
3714
3906
3846
3831
3864
3702
3876
3864
3609
3720
3804
3813
3837
3948
3717
3849
3837
3846
3906
3879
3660
3735
3813
3672
3651
4104
3705
3984
3771
3756
3864
3864
3894
3924
3792
3939
3771
3822
3825
3651
3765
3852
3681
3798
3642
3996
3861
3903
3819
3726
3711
3888
3807
3933
3705
3735
3597
3882
3876
3696
3798
3942
3744
3726
3762
3870
3861
3807
3939
3843
3660
3897
3864
3768
3894
3618
3603
3618
4068
3417
3738
3741
3837
3675
3783
3750
3864
3801
3726
3747
3753
3816
3750
3696
3600
4005
3966
3711
3849
3846
3870
3930
3792
3582
3858
3984
3615
3828
3690
3729
3807
3843
3765
3819
3813
3660
3858
4035
3735
3828
3609
3894
3897
3753
3825
3630
3663
3912
4041
3726
3690
3810
3786
3825
3828
3627
3702
3750
3831
3891
3714
3684
3888
3819
3822
3915
3804
3792
3858
3708
3891
3942
3822
3873
3876
3873
3822
3639
3921
3837
3906
3867
3849
3678
3708
3813
3894
3816
3762
3684
3843
3966
3777
3735
3681
3723
3918
3729
3834
3738
3756
4038
3729
3735
