2802
2562
2595
2682
2757
2661
2526
2571
2727
2550
2649
2781
2529
2658
2598
2625
2634
2823
2568
2559
2664
2502
2694
2694
2514
2841
2808
2607
2598
2700
2748
2673
2640
2640
2535
2589
2661
2628
2511
2586
2445
2595
2694
2607
2508
2697
2616
2586
2508
2673
2568
2556
2604
2466
2640
2568
2640
2637
2538
2721
2475
2547
2511
2688
2667
2559
2610
2718
2751
2586
2673
2688
2568
2592
2622
2400
2619
2595
2586
2670
2511
2580
2574
2712
2685
2622
2757
2520
2502
2670
2574
2637
2622
2559
2598
2652
2643
2571
2739
2568
2571
2571
2739
2535
2562
2610
2655
2601
2619
2637
2586
2694
2625
2616
2706
2688
2610
2691
2667
2709
2595
2550
2655
2637
2613
2607
2523
2586
2622
2700
2754
2691
2703
2562
2709
2676
2625
2643
2550
2529
2688
2592
2550
2616
2538
2559
2640
2769
2685
2616
2742
2541
2610
2604
2427
2748
2595
2709
2586
2730
2625
2514
2526
2586
2808
2691
2823
2574
2580
2508
2580
2757
2514
2568
2595
2736
2538
2619
2691
2652
2589
2577
2631
2562
2601
2547
2520
2562
2631
2610
2592
2766
2601
2745
2748
2688
2532
2634
2613
2457
2598
2544
2640
2589
2670
2739
2649
2649
2580
2670
2676
2616
2694
2565
2811
2577
2667
2631
2529
2742
2460
2580
2748
2508
2727
2664
2550
2676
2469
2622
2643
2637
2661
2727
2667
2628
2670
2763
2694
2694
2565
2700
2559
2544
2631
2679
2544
2508
2682
2643
2574
2709
2541
2709
2541
2580
2670
2673
2673
2538
2577
2559
2526
2496
2748
2811
2784
2604
2661
2394
2613
2760
2727
2658
2526
2625
2580
2670
2520
2529
2604
2739
2553
2670
2661
2604
2502
2697
2532
2817
2784
2646
2394
2571
2670
2634
2562
2694
2820
2628
