2655
2715
2688
2682
2862
2676
2499
2655
2583
2526
2721
2502
2676
2616
2709
2616
2706
2514
2631
2577
2631
2574
2670
2733
2625
2616
2496
2676
2772
2784
2598
2742
2523
2604
2634
2748
2547
2553
2562
2730
2631
2619
2625
2583
2427
2598
2742
2640
2574
2517
2673
2805
2658
2715
2703
2529
2817
2706
2544
2505
2862
2442
2610
2448
2595
2553
2562
2601
2583
2643
2583
2604
2529
2526
2691
2661
2613
2544
2766
2667
2535
2676
2562
2745
2658
2733
2634
2541
2667
2553
2499
2682
2805
2565
2508
2586
2652
2607
2730
2580
2625
2598
2652
2712
2529
2664
2685
2688
2766
2592
2487
2556
2529
2625
2574
2616
2562
2631
2640
2763
2637
2517
2673
2664
2583
2643
2745
2607
2703
2556
2634
2742
2646
2610
2556
2733
2736
2634
2703
2667
2715
2682
2649
2622
2646
2826
2418
2676
2721
2682
2637
2604
2448
2706
2586
2637
2652
2811
2574
2574
2625
2634
2562
2730
2649
2604
2382
2709
2544
2595
2643
2460
2670
2523
2706
2655
2604
2622
2739
2763
2520
2463
2733
2778
2559
2676
2583
2640
2430
2508
2709
2562
2703
2595
2919
2697
2574
2712
2694
2802
2619
2784
2739
2568
2655
2619
2691
2751
2772
2604
2562
2631
2535
2556
2586
2685
2730
2589
2589
2481
2664
2574
2703
2670
2547
2484
2574
2520
2724
2664
2721
2733
2670
2667
2634
2559
2589
2652
2613
2784
2667
2673
2544
2646
2643
2520
2706
2847
2742
2649
2667
2688
2562
2670
2691
2688
2742
2814
2658
2475
2646
2640
2628
2751
2724
2562
2709
2631
2610
2577
2679
2628
2703
2748
2754
2598
2715
2631
2541
2682
2667
2697
2454
2673
2643
2616
2562
2727
2643
2547
2661
2565
2556
2640
2682
2616
2616
2586
2616
2742
