2562
2706
2511
2577
2631
2475
2736
2607
2622
2607
2706
2532
2580
2718
2556
2835
2637
2751
2514
2727
2589
2556
2625
2706
2520
2649
2667
2706
2736
2790
2580
2775
2637
2433
2538
2640
2631
2502
2730
2631
2652
2622
2544
2709
2589
2730
2592
2556
2736
2628
2661
2709
2733
2631
2625
2571
2541
2592
2670
2568
2709
2613
2475
2664
2559
2604
2541
2721
2577
2646
2637
2616
2679
2565
2484
2646
2580
2589
2496
2577
2613
2664
2556
2565
2754
2490
2736
2442
2601
2586
2535
2559
2664
2538
2739
2625
2595
2643
2616
2658
2718
2724
2715
2913
2574
2616
2517
2649
2583
2625
2676
2751
2763
2715
2691
2541
2688
2778
2778
2586
2574
2646
2631
2673
2589
2556
2793
2529
2697
2496
2643
2706
2637
2520
2712
2550
2553
2787
2532
2559
2754
2412
2607
2556
2799
2580
2613
2466
2670
2691
2775
2643
2541
2529
2523
2793
2640
2391
2610
2664
2610
2454
2676
2742
2583
2619
2763
2481
2376
2529
2637
2868
2637
2559
2493
2637
2589
2649
2547
2676
2595
2748
2562
2682
2487
2568
2577
2685
2622
2574
2568
2490
2646
2730
2670
2535
2769
2466
2781
2655
2631
2499
2556
2640
2568
2718
2478
2520
2652
2739
2514
2784
2706
2799
2538
2718
2559
2748
2766
2622
2613
2568
2610
2610
2622
2616
2658
2667
2565
2778
2538
2610
2745
2682
2496
2748
2625
2445
2811
2568
2766
2514
2745
2559
2577
2628
2745
2826
2721
2697
2472
2901
2658
2796
2706
2742
2697
2613
2703
2484
2667
2697
2586
2559
2508
2646
2412
2718
2721
2637
2634
2430
2592
2628
2592
2832
2769
2568
2607
2601
2448
2778
2733
2574
2766
2655
2532
2637
2727
2673
2772
2658
2517
2751
2817
2598
2751
2856
2604
2442
