2718
2595
2550
2736
2622
2670
2637
2616
2589
2511
2451
2556
2568
2538
2568
2460
2709
2682
2694
2589
2634
2676
2634
2541
2676
2556
2631
2655
2430
2658
2772
2664
2676
2412
2775
2676
2622
2523
2397
2583
2781
2751
2625
2532
2625
2631
2478
2526
2616
2766
2535
2775
2679
2628
2751
2514
2787
2655
2754
2550
2607
2727
2802
2637
2601
2487
2577
2547
2508
2595
2646
2688
2634
2631
2652
2646
2598
2622
2739
2469
2736
2766
2505
2586
2604
2514
2535
2703
2748
2817
2637
2670
2553
2622
2616
2709
2649
2517
2715
2673
2751
2661
2646
2544
2643
2532
2673
2571
2673
2580
2613
2571
2565
2622
2661
2610
2667
2589
2541
2544
2664
2691
2568
2475
2676
2760
2511
2598
2589
2472
2592
2556
2700
2589
2538
2679
2733
2490
2649
2640
2715
2586
2529
2562
2586
2682
2652
2826
2565
2553
2592
2778
2610
2673
2601
2730
2736
2661
2826
2718
2448
2667
2733
2589
2658
2664
2751
2724
2613
2838
2619
2520
2544
2766
2724
2589
2565
2595
2664
2574
2538
2733
2640
2586
2691
2772
2451
2796
2643
2658
2667
2661
2580
2697
2499
2487
2676
2775
2823
2682
2688
2538
2715
2670
2706
2718
2544
2607
2559
2712
2682
2652
2718
2628
2727
2646
2697
2754
2544
2721
2514
2583
2709
2700
2508
2586
2679
2787
2682
2709
2535
2679
2502
2655
2625
2670
2706
2556
2631
2565
2589
2763
2595
2490
2517
2700
2496
2622
2715
2505
2595
2553
2790
2640
2634
2598
2739
2757
2556
2811
2505
2823
2631
2631
2574
2517
2880
2742
2601
2658
2625
2496
2619
2451
2601
2901
2736
2601
2667
2571
2667
2721
2655
2874
2685
2682
2760
2409
2559
2670
2727
2745
2721
2553
2553
2712
2742
2796
2832
2664
