2547
2625
2526
2595
2586
2502
2610
2727
2661
2718
2619
2634
2556
2640
2577
2748
2595
2532
2622
2643
2841
2730
2622
2784
2796
2616
2775
2547
2697
2604
2790
2727
2550
2601
2643
2631
2661
2481
2706
2649
2586
2619
2688
2556
2481
2568
2673
2748
2532
2631
2442
2673
2589
2649
2622
2622
2622
2619
2649
2835
2553
2637
2619
2535
2655
2595
2601
2559
2559
2745
2694
2613
2700
2649
2637
2559
2826
2598
2478
2487
2727
2589
2760
2547
2733
2631
2580
2784
2634
2640
2619
2469
2691
2721
2646
2625
2673
2628
2544
2658
2610
2508
2571
2592
2637
2685
2610
2589
2670
2655
2607
2721
2610
2682
2727
2667
2640
2679
2613
2496
2691
2745
2556
2661
2853
2751
2793
2658
2580
2661
2493
2589
2691
2742
2559
2634
2607
2583
2541
2685
2571
2700
2655
2571
2658
2535
2625
2754
2586
2598
2616
2691
2769
2592
2691
2700
2532
2625
2730
2565
2679
2556
2781
2610
2499
2538
2523
2556
2601
2751
2604
2562
2607
2580
2568
2676
2691
2583
2652
2847
2631
2712
2715
2607
2607
2589
2562
2577
2775
2628
2673
2532
2616
2745
2739
2589
2649
2607
2520
2712
2583
2697
2508
2574
2763
2673
2508
2460
2655
2703
2643
2547
2562
2718
2484
2823
2499
2679
2652
2520
2523
2640
2634
2763
2730
2586
2679
2469
2592
2595
2586
2535
2703
2667
2781
2628
2547
2592
2514
2391
2643
2670
2763
2559
2727
2730
2691
2607
2553
2751
2448
2769
2646
2559
2757
2703
2583
2736
2601
2622
2571
2658
2562
2631
2667
2595
2754
2571
2769
2787
2745
2619
2622
2697
2481
2538
2676
2625
2715
2529
2832
2709
2514
2778
2604
2562
2862
2583
2700
2625
2703
2490
2652
2745
2484
2610
2562
2571
2577
2649
