2682
2652
2754
2556
2661
2655
2583
2646
2700
2604
2685
2742
2568
2700
2640
2439
2709
2535
2580
2673
2586
2616
2646
2733
2484
2745
2475
2652
2670
2541
2652
2664
2700
2610
2568
2742
2610
2640
2643
2676
2601
2760
2529
2751
2751
2667
2619
2595
2679
2715
2619
2586
2655
2685
2589
2697
2622
2730
2601
2481
2523
2622
2574
2520
2697
2601
2547
2610
2568
2571
2688
2664
2655
2649
2610
2790
2583
2670
2643
2544
2466
2691
2628
2613
2724
2550
2544
2535
2562
2661
2637
2556
2562
2565
2466
2550
2631
2568
2724
2670
2682
2439
2490
2439
2667
2583
2796
2868
2595
2718
2679
2550
2598
2847
2685
2577
2829
2730
2622
2604
2769
2679
2691
2670
2529
2631
2772
2649
2676
2688
2634
2700
2658
2661
2535
2520
2646
2655
2631
2688
2745
2574
2679
2559
2484
2574
2691
2604
2592
2745
2601
2577
2757
2589
2586
2646
2757
2655
2778
2559
2562
2631
2604
2604
2760
2640
2589
2610
2547
2541
2754
2580
2709
2679
2640
2676
2646
2574
2601
2610
2517
2751
2547
2514
2751
2667
2592
2649
2649
2604
2568
2691
2712
2514
2799
2454
2613
2565
2616
2625
2679
2601
2679
2514
2640
2691
2643
2613
2730
2733
2562
2631
2580
2574
2601
2598
2604
2673
2574
2664
2829
2559
2559
2733
2640
2670
2529
2757
2706
2478
2772
2790
2724
2526
2781
2556
2613
2574
2823
2682
2478
2517
2712
2547
2709
2640
2658
2739
2604
2583
2541
2772
2733
2583
2655
2685
2631
2697
2685
2637
2721
2589
2664
2571
2646
2712
2604
2604
2631
2685
2706
2541
2634
2580
2652
2535
2598
2574
2628
2625
2577
2688
2757
2556
2559
2688
2559
2634
2730
2715
2694
2574
2589
2724
2625
2577
2547
2445
2571
2664
