2583
2721
2550
2724
2748
2685
2589
2736
2691
2760
2739
2469
2721
2541
2661
2553
2733
2625
2745
2637
2472
2727
2709
2577
2505
2631
2688
2751
2649
2706
2505
2490
2586
2706
2688
2667
2670
2652
2724
2631
2604
2526
2760
2517
2646
2709
2544
2775
2739
2568
2652
2688
2865
2484
2727
2661
2481
2568
2673
2733
2562
2811
2706
2601
2667
2673
2538
2631
2598
2700
2535
2616
2529
2619
2730
2646
2523
2607
2571
2508
2640
2604
2577
2568
2622
2703
2556
2631
2622
2541
2586
2718
2685
2577
2751
2637
2667
2685
2517
2562
2568
2745
2664
2454
2571
2754
2679
2781
2541
2745
2715
2586
2595
2661
2490
2721
2589
2601
2616
2709
2586
2589
2598
2766
2640
2676
2559
2685
2697
2607
2514
2604
2787
2646
2472
2661
2613
2454
2607
2580
2820
2685
2649
2574
2784
2646
2556
2499
2733
2556
2703
2523
2700
2667
2589
2781
2676
2733
2727
2655
2493
2682
2577
2682
2511
2541
2637
2811
2700
2673
2667
2652
2628
2622
2676
2697
2553
2628
2616
2427
2610
2592
2769
2784
2685
2772
2685
2568
2682
2568
2700
2664
2565
2640
2841
2655
2730
2604
2559
2604
2523
2556
2664
2769
2613
2700
2619
2493
2682
2688
2415
2757
2793
2547
2685
2544
2571
2679
2655
2676
2601
2583
2568
2547
2634
2634
2766
2679
2544
2532
2820
2673
2724
2640
2562
2610
2511
2688
2571
2628
2748
2502
2706
2742
2628
2691
2595
2601
2559
2628
2667
2739
2562
2778
2625
2700
2574
2694
2595
2604
2532
2466
2568
2565
2739
2601
2499
2775
2472
2742
2703
2493
2781
2526
2676
2661
2757
2718
2649
2592
2577
2685
2598
2682
2697
2652
2589
2658
2664
2577
2520
2757
2778
2601
2547
2586
2724
2619
2631
2532
