2652
2550
2559
2901
2661
2526
2667
2655
2763
2586
2727
2664
2736
2718
2595
2862
2631
2601
2541
2679
2532
2562
2517
2670
2493
2862
2637
2832
2556
2685
2502
2628
2469
2754
2763
2589
2403
2529
2517
2592
2604
2523
2598
2616
2580
2622
2757
2631
2616
2550
2661
2583
2523
2598
2835
2592
2676
2595
2712
2721
2565
2703
2442
2790
2598
2532
2760
2577
2595
2637
2592
2574
2595
2595
2574
2646
2577
2550
2580
2679
2505
2571
2694
2715
2529
2661
2703
2520
2532
2568
2721
2652
2631
2574
2583
2700
2652
2595
2577
2463
2478
2625
2685
2628
2694
2601
2637
2784
2739
2802
2616
2523
2811
2664
2739
2790
2679
2670
2469
2616
2553
2640
2472
2592
2613
2607
2604
2574
2613
2682
2724
2676
2781
2526
2670
2550
2721
2517
2568
2661
2580
2556
2769
2592
2550
2682
2571
2703
2739
2463
2640
2592
2694
2661
2610
2676
2481
2628
2664
2658
2628
2631
2589
2613
2694
2625
2484
2550
2601
2721
2577
2664
2556
2838
2508
2682
2631
2574
2643
2631
2700
2685
2541
2616
2733
2625
2529
2604
2535
2670
2448
2586
2841
2718
2727
2715
2571
2769
2703
2631
2535
2628
2739
2715
2586
2613
2781
2565
2634
2619
2514
2508
2718
2583
2565
2514
2715
2637
2601
2583
2610
2616
2694
2508
2529
2673
2595
2619
2607
2892
2562
2652
2676
2766
2601
2607
2640
2685
2661
2628
2796
2532
2670
2577
2574
2439
2700
2610
2610
2622
2568
2646
2850
2724
2589
2562
2568
2721
2589
2589
2832
2574
2604
2661
2676
2595
2553
2664
2697
2454
2622
2502
2544
2532
2652
2688
2562
2586
2607
2613
2763
2649
2541
2481
2619
2601
2841
2607
2799
2712
2592
2775
2664
2451
2760
2577
2715
2616
2595
2550
