5937
6402
6225
6135
5883
6225
6258
6132
6003
6210
6213
6357
6255
6216
6237
6219
6033
6111
6003
6198
5940
6153
6330
6057
5967
6300
6147
5991
5946
6027
6153
6405
6267
6042
6192
6102
6213
6405
6105
6018
6033
6120
6096
6081
6171
6135
6039
6162
6270
6138
6159
5946
6102
6186
6249
6030
6123
6177
6078
6156
6081
6210
6291
6330
6294
6111
6321
6204
6282
6054
6108
6234
6237
6111
6270
6102
6018
6093
5910
6342
6018
6075
6045
6288
6387
6048
6171
6162
6030
6033
6009
5973
6240
5979
6123
6078
6405
6285
6114
6027
6186
6060
6078
6066
6219
6042
6090
5937
6141
6105
6108
5982
6066
5982
6030
6105
6138
5925
5970
6225
5898
6132
5994
6108
6051
5916
6285
6030
6294
6213
6252
6009
6030
6219
6093
6111
5985
6045
5925
5979
6009
5970
6183
6198
5808
6096
6114
6126
6105
6021
6033
6297
5964
6111
5940
6006
5787
5973
6159
6204
6270
5964
6186
6315
6315
6288
6120
6075
6165
6162
6354
6057
6057
6120
6186
6003
6159
6045
6093
5772
6075
6072
6204
6213
6147
6093
6069
6105
6078
5964
6069
5928
6057
6054
6060
5922
5973
6267
6000
5982
6210
6138
6309
5907
6009
6222
5988
5997
6222
6186
6096
6003
6288
6132
6075
6174
5973
5934
6060
5874
6114
6054
6174
6063
6099
6201
5952
6096
6030
6111
6132
6048
5952
5973
6354
6120
6135
6057
6207
5913
5919
6168
6354
6216
5925
6066
6108
5958
6012
5910
6192
6093
6078
5952
6216
6195
6258
6102
6048
6045
6159
6000
6060
6003
6120
6162
6189
6132
6198
6015
6135
6177
6447
5940
6099
5970
6105
5961
6306
6195
6204
6243
6171
5988
6231
6579
5994
6063
6408
6189
6108
6090
6021
6207
6117
5895
5862
6144
5940
6012
