2733
2691
2697
2736
2535
2703
2547
2700
2667
2754
2592
2697
2790
2523
2811
2790
2604
2577
2553
2538
2685
2628
2643
2571
2727
2778
2619
2730
2481
2448
2541
2787
2670
2766
2694
2595
2733
2619
2598
2583
2718
2838
2535
2580
2532
2463
2625
2715
2562
2742
2721
2751
2586
2775
2532
2682
2562
2910
2589
2721
2595
2547
2697
2481
2595
2688
2646
2628
2472
2631
2616
2709
2694
2634
2691
2562
2499
2637
2658
2661
2784
2544
2733
2580
2589
2811
2748
2715
2832
2655
2823
2625
2745
2568
2565
2607
2703
2652
2742
2703
2823
2712
2538
2616
2643
2580
2547
2580
2742
2526
2502
2538
2658
2538
2646
2724
2493
2481
2586
2625
2688
2529
2640
2637
2661
2634
2769
2775
2658
2559
2730
2856
2553
2559
2559
2619
2709
2556
2523
2496
2679
2739
2574
2523
2649
2733
2586
2616
2694
2838
2616
2529
2646
2652
2556
2790
2736
2706
2592
2700
2703
2499
2748
2619
2589
2664
2607
2640
2511
2766
2505
2688
2583
2583
2718
2613
2646
2577
2610
2637
2664
2568
2706
2562
2445
2655
2706
2634
2625
2763
2673
2541
2445
2721
2724
2853
2460
2706
2697
2541
2595
2412
2694
2538
2586
2673
2631
2727
2595
2520
2484
2571
2694
2571
2730
2517
2583
2574
2502
2754
2523
2658
2547
2538
2553
2583
2766
2541
2607
2739
2676
2574
2619
2589
2610
2634
2709
2505
2568
2727
2646
2691
2463
2589
2604
2649
2616
2607
2703
2748
2691
2598
2580
2700
2574
2793
2799
2721
2541
2508
2691
2682
2640
2685
2592
2799
2688
2616
2688
2694
2775
2433
2565
2607
2787
2478
2553
2709
2595
2514
2499
2679
2748
2682
2688
2511
2691
2523
2637
2712
2475
2850
2565
2523
2694
2685
2700
2634
2769
2580
