5958
5811
5937
6111
5994
6324
6114
6153
6150
6003
6111
6297
6255
6021
6024
6066
6309
6096
6384
5979
5928
6258
6393
6261
6171
6021
6147
6144
5763
6165
6231
6180
6177
6087
5991
5943
6297
6114
6150
5943
6252
5973
5994
5979
5985
6150
6177
6093
6051
6195
6126
6234
6147
6108
6321
6144
6258
6045
6030
5973
6222
6213
5997
6246
6084
6063
6081
5910
6228
5988
5910
6180
5850
6162
6351
6054
6192
6075
6453
6162
6255
6231
5979
6069
6093
6015
6141
6150
6174
5985
6144
6033
6150
6195
6135
6162
6108
6045
5988
6183
5979
5907
6246
5982
5874
6186
6063
6120
6039
5910
6162
6087
6351
6036
6180
6093
6198
6228
6060
6228
6213
6087
6147
6243
6297
6126
6234
6093
6042
6141
6183
5997
6309
6378
5844
6072
6246
6120
5973
5922
6117
6162
5883
5895
6156
6165
6126
6084
5997
6090
6078
6252
6168
6129
5991
6021
6060
6270
6246
6096
6231
6117
6399
6237
6159
6210
5946
6243
5925
6132
6060
6030
6129
6012
6156
6033
6258
6177
5838
5898
6216
6126
6123
6027
6027
6156
6303
6021
6057
6114
6225
6036
5871
6048
6060
6072
6081
5904
6204
6198
6261
6084
5961
6351
6120
6222
5979
6096
6279
6354
6180
6297
5877
6138
6402
6258
6156
6246
6084
6024
6159
6063
6126
6195
5994
6228
6186
5934
5919
6066
6126
6117
6060
6456
6144
6273
5994
6018
6069
5856
6150
6192
6009
6330
5979
6222
6147
6042
6114
6045
6333
5964
6189
6288
6267
6111
6327
6192
6378
6126
6096
5955
5994
6138
6219
5907
6108
6207
6078
5928
6033
6168
5970
6129
6186
6045
5802
6294
6204
6081
6237
6021
6066
6150
5970
6033
6087
6219
5913
6057
6138
6165
6213
5841
5955
5832
6000
6297
6075
6183
