2580
2580
2643
2898
2811
2523
2481
2616
2571
2610
2595
2613
2622
2502
2742
2727
2796
2610
2658
2775
2667
2583
2664
2550
2562
2679
2631
2598
2688
2634
2679
2562
2523
2529
2571
2622
2580
2529
2703
2640
2814
2595
2622
2634
2586
2730
2763
2871
2697
2805
2694
2652
2661
2559
2775
2619
2496
2592
2541
2715
2544
2634
2646
2658
2637
2670
2688
2661
2820
2637
2484
2499
2832
2553
2508
2475
2544
2538
2667
2769
2556
2562
2469
2544
2556
2826
2685
2643
2517
2670
2505
2574
2865
2508
2547
2640
2739
2538
2634
2574
2721
2589
2574
2607
2715
2706
2433
2676
2436
2739
2706
2724
2685
2556
2403
2652
2667
2670
2463
2508
2667
2619
2787
2655
2562
2655
2586
2694
2631
2691
2685
2760
2664
2529
2535
2823
2742
2796
2439
2625
2661
2484
2727
2547
2592
2622
2574
2649
2637
2667
2601
2712
2367
2520
2586
2625
2568
2622
2616
2643
2595
2706
2553
2643
2592
2691
2520
2748
2640
2724
2649
2652
2565
2757
2622
2619
2601
2700
2610
2577
2664
2559
2682
2628
2769
2748
2439
2499
2634
2544
2607
2562
2610
2706
2748
2703
2586
2739
2718
2682
2583
2652
2631
2721
2637
2757
2721
2496
2760
2703
2847
2541
2526
2706
2709
2664
2622
2466
2631
2610
2574
2481
2619
2625
2643
2940
2544
2559
2577
2706
2631
2526
2607
2850
2739
2556
2646
2634
2658
2646
2649
2718
2769
2577
2721
2682
2667
2574
2523
2553
2718
2646
2583
2976
2745
2640
2598
2631
2577
2763
2457
2649
2766
2523
2610
2541
2619
2754
2766
2583
2739
2538
2721
2622
2604
2775
2568
2679
2667
2622
2577
2637
2631
2673
2634
2643
2589
2712
2685
2607
2709
2595
2568
2736
2652
2796
2607
2718
2715
2556
