2673
2682
2640
2616
2562
2691
2814
2619
2601
2583
2601
2445
2826
2637
2736
2628
2613
2673
2703
2835
2568
2577
2724
2628
2535
2748
2643
2655
2631
2661
2706
2598
2637
2586
2616
2718
2610
2616
2757
2847
2553
2766
2781
2682
2595
2535
2730
2499
2655
2547
2577
2631
2577
2553
2547
2724
2541
2643
2661
2538
2682
2589
2718
2592
2616
2604
2421
2508
2706
2712
2505
2550
2523
2523
2682
2724
2658
2775
2613
2616
2775
2577
2496
2616
2571
2649
2658
2520
2598
2454
2661
2721
2499
2547
2625
2736
2730
2649
2616
2628
2790
2697
2580
2622
2610
2526
2688
2583
2634
2601
2532
2652
2631
2664
2607
2589
2778
2565
2577
2760
2598
2736
2652
2568
2811
2535
2535
2658
2748
2487
2622
2718
2784
2832
2787
2724
2679
2646
2589
2685
2847
2427
2592
2484
2538
2583
2634
2538
2640
2676
2691
2658
2505
2742
2607
2553
2517
2685
2748
2679
2571
2595
2712
2655
2634
2589
2448
2508
2601
2520
2703
2505
2688
2637
2709
2685
2553
2568
2541
2733
2577
2676
2616
2664
2694
2607
2442
2682
2553
2511
2508
2634
2604
2565
2652
2559
2529
2652
2493
2895
2571
2640
2397
2733
2607
2634
2748
2568
2493
2721
2640
2700
2667
2733
2754
2748
2598
2550
2622
2703
2514
2616
2634
2679
2724
2559
2550
2664
2592
2556
2712
2562
2670
2580
2703
2532
2502
2637
2646
2790
2658
2520
2715
2622
2670
2757
2625
2682
2523
2637
2649
2511
2745
2502
2448
2589
2670
2673
2586
2619
2697
2586
2751
2592
2679
2727
2607
2667
2595
2445
2406
2484
2760
2637
2592
2631
2595
2640
2556
2565
2724
2523
2778
2715
2793
2769
2673
2433
2490
2640
2583
2733
2415
2547
2601
2670
2646
2667
2649
2625
