2676
2685
2706
2682
2691
2553
2661
2631
2553
2631
2568
2739
2544
2757
2688
2727
2691
2550
2751
2676
2619
2700
2616
2448
2709
2760
2562
2637
2523
2619
2832
2784
2712
2634
2775
2676
2637
2505
2598
2535
2691
2595
2610
2667
2763
2727
2553
2796
2712
2556
2778
2628
2781
2754
2493
2568
2721
2697
2697
2544
2538
2622
2544
2778
2439
2454
2583
2682
2706
2685
2703
2622
2865
2697
2595
2607
2682
2691
2550
2613
2604
2571
2649
2532
2772
2598
2736
2697
2631
2502
2613
2595
2721
2622
2538
2703
2727
2490
2703
2601
2706
2739
2574
2811
2739
2652
2670
2625
2676
2673
2610
2679
2556
2649
2541
2727
2691
2700
2655
2637
2622
2538
2640
2742
2460
2676
2880
2592
2667
2493
2691
2676
2550
2706
2493
2625
2667
2508
2700
2547
2628
2589
2709
2814
2748
2634
2643
2694
2613
2685
2715
2487
2583
2670
2673
2505
2736
2571
2745
2703
2751
2568
2574
2670
2703
2712
2694
2529
2751
2739
2730
2607
2763
2664
2823
2526
2454
2577
2427
2571
2496
2550
2691
2601
2616
2613
2610
2772
2601
2592
2556
2712
2676
2595
2709
2643
2601
2655
2796
2556
2577
2445
2676
2703
2616
2658
2622
2628
2589
2682
2556
2682
2499
2667
2697
2559
2694
2670
2595
2613
2589
2559
2514
2748
2592
2502
2628
2670
2685
2544
2571
2607
2592
2541
2586
2565
2565
2712
2553
2610
2469
2607
2607
2628
2613
2757
2700
2733
2625
2595
2505
2700
2553
2580
2541
2484
2634
2613
2613
2688
2595
2595
2736
2688
2616
2535
2751
2475
2655
2574
2598
2577
2607
2676
2556
2790
2700
2739
2547
2604
2547
2703
2541
2574
2580
2811
2667
2670
2703
2724
2589
2655
2679
2598
2637
2649
2571
2718
2592
2658
