2805
2811
2835
2922
2910
2859
2925
2898
2955
3084
2997
2745
2961
2826
2775
2889
2790
2994
2805
2805
2898
2730
3006
2790
2823
2880
3063
2634
2898
2859
2613
2913
2745
3057
2958
2763
2934
3000
3042
2934
2958
2733
2748
2751
2943
2913
2862
2967
2931
2892
2859
2835
2763
2925
2934
2745
2823
2889
2769
2826
2979
2823
2883
2808
2760
2925
2943
2775
2850
2907
2943
2883
2916
2781
2841
2754
3000
2988
2889
2850
2868
2958
2838
2868
2883
2931
2856
2853
2763
2892
2886
2973
2958
2745
2700
2739
2670
2718
2889
2880
2769
2952
3198
2859
2664
2967
2958
2838
2886
2922
2976
2700
2847
2892
2700
2868
2805
2850
2766
2835
2883
2838
2907
2931
2901
2817
2769
2817
2889
2847
2622
2901
2931
2865
2910
2853
2784
2790
2793
2766
2892
2769
2763
2838
2991
2823
3012
2859
3021
2895
2670
2928
2667
3009
2874
3036
2988
2751
2991
2751
3021
2814
2877
2916
2817
2826
2826
2901
2913
2850
2820
2943
2952
2793
2856
2805
3003
2799
2775
2895
2724
2994
2709
2970
2874
3048
2877
2778
2988
2907
2781
2814
2955
2874
2973
2778
2742
2805
2802
2826
2916
2847
2823
2709
2805
2673
2958
2973
3126
2754
2910
2772
2946
3003
2730
2988
2913
2772
2874
2883
2877
2865
2697
2799
2955
2793
2775
2949
2802
2943
2841
2928
2967
2868
2766
2685
2799
2949
2931
2982
2958
2874
3009
2958
2961
2853
2718
2910
2718
2808
2856
2847
2937
3033
2796
2997
2832
2769
2844
3036
2799
2808
2853
2688
2814
2859
2859
2958
2991
2829
2901
3009
3081
2910
2670
2967
3003
2862
2877
2715
2883
2856
2808
2634
2775
2727
2994
2892
2916
2820
2673
2832
2874
2724
2796
2763
2679
2868
2880
2856
