2667
2607
2631
2505
2658
2709
2610
2418
2640
2550
2691
2553
2580
2637
2562
2679
2817
2661
2544
2415
2538
2709
2637
2712
2589
2553
2475
2625
2754
2544
2595
2781
2604
2589
2505
2538
2652
2592
2733
2703
2610
2640
2715
2649
2613
2574
2718
2517
2631
2634
2580
2736
2652
2616
2739
2802
2721
2700
2556
2610
2790
2703
2640
2736
2610
2673
2742
2694
2628
2547
2703
2640
2619
2568
2634
2577
2691
2712
2769
2529
2640
2613
2586
2388
2721
2517
2502
2634
2664
2679
2658
2547
2718
2724
2676
2544
2634
2664
2538
2652
2715
2658
2685
2655
2415
2496
2706
2640
2535
2433
2787
2532
2592
2721
2646
2592
2667
2658
2802
2670
2661
2427
2544
2688
2628
2595
2550
2700
2799
2646
2610
2805
2691
2499
2565
2601
2757
2625
2550
2607
2682
2616
2610
2646
2658
2511
2478
2697
2661
2706
2457
2562
2784
2652
2682
2691
2619
2490
2673
2706
2601
2643
2688
2547
2706
2745
2604
2529
2736
2682
2526
2763
2631
2649
2664
2796
2661
2661
2796
2595
2616
2694
2631
2733
2817
2517
2568
2601
2667
2715
2568
2553
2898
2586
2562
2601
2481
2634
2619
2511
2787
2439
2460
2781
2682
2589
2553
2535
2643
2580
2724
2769
2547
2583
2595
2535
2715
2535
2613
2532
2439
2514
2655
2760
2637
2748
2589
2775
2493
2670
2607
2673
2583
2610
2814
2598
2595
2499
2505
2568
2538
2658
2481
2691
2676
2658
2613
2706
2634
2544
2619
2661
2874
2685
2574
2367
2679
2556
2565
2664
2652
2469
2757
2640
2649
2535
2706
2607
2679
2580
2601
2625
2631
2661
2790
2688
2529
2598
2610
2661
2712
2592
2538
2535
2649
2703
2613
2622
2727
2589
2673
2658
2709
2724
2577
2688
2490
2622
2688
2757
