6159
6165
6228
6069
6051
6192
6312
5946
5940
6075
6216
6039
6249
6312
5925
6096
6120
6132
6132
5640
5853
6069
6018
6150
6018
6075
6249
6051
6030
6114
6081
6258
5919
5964
6111
5892
5925
5898
6021
6189
6198
5874
5985
6096
6042
6273
6054
6255
6156
6162
6426
6273
5940
6150
6288
5931
6174
5889
6048
6162
6228
6429
6192
6153
5991
5940
6273
6051
6123
6123
5859
5997
6162
6150
6261
5973
6096
6285
5979
6171
6003
6033
6063
5832
6258
5922
6036
6060
5934
6153
6090
6231
6030
6075
6081
6234
6039
6048
6246
5982
6252
6153
6291
6159
5847
5901
5979
6030
5982
6126
6171
6180
6054
6246
6138
6162
6036
6204
5772
6054
6171
6072
6120
6213
6165
6267
6132
6075
6138
6186
6324
6036
6180
6141
6243
6093
6147
6312
6090
5901
6042
6168
6261
6177
6207
6180
6162
6174
6033
6069
6045
6042
6303
5967
6066
6351
6327
6105
6225
5991
6414
6180
6405
6033
6147
5811
6021
6435
6156
5790
6120
6321
6225
6348
6201
5934
6294
6015
5928
5949
5973
6219
6096
5934
6198
6180
6084
6195
6078
6186
5928
6060
6039
6327
6180
6258
6309
6048
6123
6051
6147
6141
6174
6126
5952
6447
5976
6081
6189
6117
6093
6411
6213
5979
5982
6141
6240
6003
6060
5952
6063
6063
6060
5934
6012
6186
6183
6279
6258
6087
6051
5961
5994
6285
6096
6222
6294
5820
5832
6297
6270
6291
5865
6027
6165
6219
6054
6177
6300
5760
6036
5928
6231
6003
6123
6036
6135
6216
6018
6108
6288
5949
6087
6048
6129
6300
6012
6168
6267
6123
6084
6081
6291
6234
6228
6291
6234
6303
5961
6201
6183
6036
5895
6078
6288
6018
6174
6306
6075
6042
5730
6282
5937
6168
5871
6141
5931
6036
6123
6348
