5910
6213
5883
6255
6273
6324
6171
6267
5976
5982
6165
6150
6240
6219
6123
6114
6237
6219
6048
6117
6087
5961
5901
6225
6135
6060
5928
6150
6276
6126
6141
6234
6129
6105
5916
6051
6045
5985
6117
6333
6180
6120
6306
6057
5955
6078
6228
5913
6030
6054
6201
6162
6252
6405
6249
6162
6015
5949
5904
6126
5925
6120
6189
5820
5895
6147
5832
6234
5991
5997
6192
6294
6060
6093
6153
6066
6096
6141
5895
6186
6207
6405
6144
6009
6144
5955
6111
6240
6216
6153
6381
6087
6021
5964
6348
6042
6003
5934
5952
5919
6369
6312
5982
6207
6090
6138
6108
6228
6339
6003
5898
6255
6252
5934
6240
6186
6231
6066
6033
6081
6087
5859
5877
6171
6180
5964
5916
5901
6276
6186
6399
6159
6234
6309
6204
6099
5892
5964
5922
6213
5931
6186
5874
6171
6102
6144
6282
6330
6108
6054
6426
6060
6084
6216
6168
5994
6243
6162
5994
6165
6129
6243
6168
6015
6102
6144
6180
6102
6102
5928
5982
6123
5856
5937
6003
6249
6069
6156
6165
6174
5946
5964
6030
6282
6132
5892
6156
6111
6054
6246
6201
6036
6192
6009
6477
6078
6372
6165
6135
6228
5760
5961
6135
6006
5964
6417
6117
6099
5988
6033
6024
6132
6141
6147
6150
6096
6141
6246
6402
6141
6420
6045
6231
6168
6051
6030
5955
6135
6105
6066
5955
6126
6207
6240
6384
6147
6165
6186
6261
6129
6033
6300
6129
6444
6171
5991
5871
6261
6039
6171
5919
5892
6003
5973
5949
6108
6111
6309
6159
6126
6267
5760
6201
5994
6099
6096
6075
6183
6072
6018
6330
6018
6141
6126
6327
6228
6282
6279
5919
6102
6141
6099
6189
6072
6123
6279
6090
6114
6006
6363
6042
6087
5784
6144
6075
6222
6063
5763
6111
6117
