2508
2673
2676
2562
2550
2646
2553
2568
2649
2619
2544
2643
2736
2532
2652
2652
2610
2679
2517
2685
2571
2658
2631
2637
2508
2532
2550
2634
2697
2583
2703
2646
2736
2547
2442
2691
2565
2763
2691
2631
2532
2688
2583
2574
2793
2556
2661
2589
2826
2604
2631
2700
2532
2613
2580
2631
2400
2634
2697
2712
2592
2634
2640
2523
2799
2745
2697
2754
2559
2586
2622
2694
2706
2640
2481
2766
2625
2619
2538
2586
2583
2709
2748
2664
2550
2832
2523
2520
2559
2586
2613
2637
2616
2709
2508
2610
2673
2631
2541
2568
2694
2766
2571
2763
2754
2748
2586
2592
2556
2553
2535
2715
2730
2580
2640
2535
2706
2565
2520
2694
2559
2709
2538
2661
2637
2775
2829
2805
2619
2820
2586
2652
2676
2577
2649
2508
2547
2610
2622
2613
2553
2523
2709
2529
2559
2676
2643
2769
2562
2673
2520
2643
2607
2721
2580
2655
2625
2691
2709
2484
2676
2619
2661
2514
2730
2688
2505
2583
2634
2769
2733
2532
2700
2616
2730
2841
2595
2766
2640
2544
2523
2610
2562
2631
2430
2610
2772
2523
2469
2469
2658
2679
2712
2484
2622
2613
2493
2628
2736
2610
2601
2637
2691
2550
2718
2613
2748
2676
2616
2598
2535
2733
2628
2490
2643
2718
2610
2478
2511
2517
2511
2745
2634
2778
2652
2568
2715
2568
2649
2574
2559
2649
2418
2610
2568
2490
2751
2547
2610
2598
2646
2733
2700
2766
2577
2679
2550
2613
2487
2706
2556
2601
2679
2529
2526
2670
2664
2667
2580
2658
2724
2586
2667
2556
2724
2658
2610
2487
2523
2463
2697
2712
2724
2748
2688
2649
2616
2682
2586
2547
2577
2715
2673
2559
2805
2487
2598
2748
2799
2652
2694
2556
2616
2781
2751
2769
2643
2637
2751
2568
