2823
2502
2637
2670
2679
2640
2601
2556
2766
2490
2559
2745
2655
2643
2649
2655
2484
2703
2685
2664
2772
2571
2565
2778
2691
2643
2559
2694
2475
2736
2820
2568
2691
2673
2637
2601
2511
2433
2577
2511
2598
2814
2646
2664
2730
2508
2691
2604
2565
2556
2589
2646
2679
2667
2676
2541
2562
2742
2595
2631
2517
2826
2604
2466
2622
2718
2643
2631
2592
2571
2673
2601
2574
2697
2532
2583
2727
2574
2529
2703
2538
2508
2685
2574
2739
2622
2538
2616
2817
2676
2556
2793
2778
2676
2622
2724
2628
2730
2616
2520
2511
2529
2535
2553
2673
2724
2736
2595
2505
2694
2649
2658
2523
2733
2706
2742
2625
2634
2610
2658
2619
2727
2748
2574
2772
2688
2547
2589
2796
2616
2568
2736
2760
2721
2844
2709
2625
2460
2547
2790
2727
2520
2466
2661
2499
2652
2556
2487
2514
2727
2586
2691
2718
2625
2715
2502
2655
2778
2637
2610
2745
2556
2541
2619
2886
2601
2523
2697
2700
2502
2751
2604
2679
2580
2442
2649
2547
2574
2691
2550
2547
2598
2601
2808
2559
2589
2847
2469
2529
2577
2541
2571
2712
2586
2547
2631
2619
2649
2514
2742
2694
2643
2613
2643
2598
2637
2766
2694
2736
2592
2571
2637
2637
2598
2685
2646
2754
2658
2628
2607
2676
2517
2499
2598
2667
2628
2502
2697
2574
2622
2616
2757
2712
2790
2649
2565
2673
2607
2592
2640
2595
2766
2700
2646
2700
2673
2721
2670
2556
2772
2589
2694
2781
2625
2769
2682
2490
2553
2637
2655
2793
2532
2670
2721
2787
2595
2574
2559
2580
2637
2529
2613
2709
2796
2520
2601
2709
2550
2667
2643
2751
2676
2559
2571
2667
2694
2766
2676
2559
2658
2760
2622
2418
2625
2676
2733
2532
2460
2571
2589
