2754
2751
2646
2439
2544
2454
2727
2475
2526
2493
2679
2724
2712
2658
2652
2760
2574
2601
2739
2631
2634
2559
2616
2754
2874
2610
2691
2694
2565
2805
2769
2571
2559
2682
2673
2703
2706
2697
2481
2529
2613
2607
2715
2646
2673
2640
2610
2565
2721
2619
2691
2712
2550
2553
2808
2544
2328
2748
2790
2787
2589
2592
2457
2679
2544
2562
2700
2676
2529
2481
2583
2604
2709
2682
2820
2604
2550
2613
2685
2733
2571
2592
2637
2679
2625
2835
2628
2640
2748
2682
2619
2556
2694
2718
2526
2592
2793
2655
2673
2688
2592
2628
2652
2652
2553
2586
2577
2724
2709
2571
2568
2664
2475
2478
2631
2586
2691
2694
2763
2619
2700
2787
2607
2604
2748
2727
2661
2718
2676
2718
2559
2670
2550
2529
2619
2556
2556
2577
2361
2574
2439
2547
2679
2520
2541
2691
2604
2628
2712
2697
2685
2769
2577
2514
2508
2577
2628
2640
2832
2622
2748
2691
2613
2787
2520
2805
2589
2625
2649
2571
2652
2679
2661
2598
2766
2622
2577
2619
2694
2664
2637
2640
2616
2643
2532
2616
2649
2682
2721
2538
2640
2613
2484
2685
2694
2598
2697
2559
2556
2637
2616
2556
2598
2766
2748
2520
2481
2598
2739
2703
2697
2712
2808
2631
2820
2625
2631
2682
2778
2481
2676
2553
2757
2697
2487
2709
2565
2577
2607
2583
2562
2754
2514
2619
2520
2646
2571
2676
2634
2616
2625
2718
2571
2694
2457
2556
2718
2712
2628
2586
2565
2700
2649
2598
2664
2604
2631
2766
2643
2475
2727
2724
2748
2517
2670
2628
2802
2640
2721
2730
2577
2616
2697
2643
2652
2463
2640
2697
2616
2802
2628
2463
2814
2706
2592
2598
2772
2691
2784
2490
2625
2586
2718
2613
2694
2616
2553
2556
2667
2667
