2610
2766
2508
2700
2517
2610
2691
2610
2688
2694
2541
2604
2694
2517
2646
2592
2652
2550
2682
2517
2718
2544
2580
2853
2469
2637
2565
2454
2646
2598
2667
2553
2565
2529
2631
2595
2649
2679
2619
2481
2631
2739
2661
2721
2397
2814
2667
2688
2718
2748
2727
2676
2574
2643
2589
2532
2700
2700
2595
2583
2541
2682
2604
2658
2613
2535
2592
2550
2457
2652
2586
2661
2490
2724
2640
2622
2721
2670
2736
2685
2643
2571
2598
2622
2766
2574
2562
2787
2679
2610
2631
2631
2622
2661
2532
2622
2724
2733
2589
2577
2577
2688
2565
2706
2793
2676
2619
2856
2691
2622
2610
2622
2583
2625
2628
2469
2703
2649
2538
2745
2781
2634
2712
2559
2706
2715
2547
2580
2679
2691
2541
2694
2664
2529
2469
2697
2493
2550
2658
2535
2778
2670
2682
2607
2673
2637
2520
2631
2460
2676
2712
2583
2709
2664
2730
2580
2667
2607
2706
2550
2670
2529
2727
2556
2709
2532
2826
2715
2763
2562
2793
2388
2406
2532
2574
2496
2646
2607
2634
2598
2640
2625
2703
2706
2388
2631
2595
2574
2667
2682
2547
2667
2664
2745
2694
2685
2610
2397
2598
2730
2745
2649
2676
2577
2697
2613
2766
2634
2718
2604
2406
2691
2637
2556
2667
2436
2652
2703
2493
2571
2523
2619
2598
2700
2559
2580
2625
2571
2685
2835
2601
2643
2463
2655
2520
2676
2715
2583
2652
2649
2478
2856
2598
2748
2562
2757
2667
2685
2583
2814
2637
2595
2733
2703
2574
2670
2613
2652
2406
2592
2706
2457
2571
2535
2583
2688
2625
2808
2556
2601
2658
2634
2691
2703
2736
2661
2670
2616
2580
2490
2634
2691
2511
2748
2616
2724
2616
2778
2679
2619
2688
2574
2487
2619
2574
2679
2634
2658
2544
2649
