2952
3024
2763
2679
2823
2871
2979
2892
2919
2808
2838
2751
2970
2751
2931
2838
3075
2763
2703
2946
2835
2808
2907
2730
2880
2937
2895
2886
2901
2712
2910
2775
2772
2850
2907
2865
2796
2937
3015
2814
2880
2814
2901
2979
2874
2862
2808
2985
2901
2706
2859
2859
2778
2829
2859
2979
3075
3012
2898
2922
2916
2928
2850
2871
2817
3114
2907
2925
2904
2901
2970
2724
2817
2796
2949
2763
2871
2790
3066
2988
2994
2751
2925
2856
2796
2697
3123
2895
2838
2904
2691
2781
2847
2952
2910
2808
2613
2892
2700
2802
2943
2868
3000
2778
2982
2853
2940
2946
2850
2913
2757
2787
2739
2910
2958
2973
2949
2778
2793
3012
2733
2922
2751
2877
2862
2922
2856
2781
2763
2811
2994
2871
2907
2907
3021
2859
2844
2664
2919
2763
2910
2829
2775
2874
2802
2856
3000
3039
2787
2688
2925
2820
2826
2781
2970
2901
2946
2859
2793
2892
2961
2745
2808
2919
2802
2979
2775
2988
2994
2793
2766
2808
2829
2949
2853
3009
3009
2838
2973
2967
2784
2694
2955
2829
2952
2991
2940
2730
3018
2886
2895
2862
2973
2844
2838
2865
2934
2868
2907
2784
2847
2748
2859
2862
2895
2757
2928
2835
2757
2784
2955
3066
2862
2904
2802
2946
2973
2823
3024
2895
2856
2844
2829
2781
2754
2772
2796
2883
3120
2919
2919
2715
2859
2820
2751
2907
2922
2973
2814
2688
2904
2859
2856
3012
3006
2841
2865
2826
2799
2895
2949
2826
2901
2853
2943
2772
2847
2901
2979
2859
2838
2835
2889
2952
2877
2892
2850
2931
2886
2718
2835
2742
3003
2883
2913
2874
2952
3150
2874
2781
2811
2961
2751
2784
2703
2898
3000
2790
2772
2769
2808
2748
2817
2793
2925
2712
2865
2715
2847
2880
