2502
2622
2607
2637
2571
2490
2661
2727
2610
2622
2538
2643
2586
2661
2607
2625
2466
2562
2598
2610
2634
2457
2694
2628
2700
2574
2691
2694
2520
2445
2682
2640
2709
2595
2601
2604
2769
2508
2655
2721
2643
2646
2568
2829
2724
2580
2616
2712
2685
2673
2817
2688
2640
2724
2592
2619
2562
2640
2832
2685
2562
2709
2634
2643
2658
2598
2610
2697
2451
2388
2694
2682
2652
2622
2724
2643
2610
2766
2565
2682
2715
2709
2631
2523
2559
2565
2607
2739
2484
2661
2607
2670
2652
2748
2508
2628
2547
2613
2661
2568
2547
2589
2589
2592
2682
2577
2601
2823
2547
2562
2709
2643
2523
2736
2589
2658
2505
2595
2622
2526
2589
2649
2802
2631
2721
2508
2760
2646
2628
2529
2415
2460
2565
2637
2631
2475
2733
2610
2664
2718
2595
2763
2829
2667
2460
2700
2754
2625
2562
2718
2649
2598
2517
2697
2466
2601
2568
2646
2712
2667
2628
2823
2598
2595
2787
2637
2523
2643
2619
2535
2547
2583
2616
2541
2670
2655
2538
2514
2649
2580
2613
2676
2649
2688
2634
2541
2793
2775
2598
2664
2511
2598
2637
2619
2649
2556
2550
2499
2631
2709
2610
2604
2679
2526
2673
2799
2655
2532
2655
2733
2619
2511
2679
2703
2553
2685
2655
2403
2643
2745
2712
2493
2703
2700
2655
2715
2490
2568
2649
2679
2568
2733
2529
2673
2694
2571
2562
2385
2628
2607
2418
2601
2385
2490
2577
2532
2730
2721
2550
2523
2664
2565
2457
2808
2634
2598
2670
2676
2646
2742
2631
2691
2553
2592
2583
2532
2637
2634
2484
2559
2649
2664
2784
2724
2622
2529
2586
2628
2556
2661
2676
2553
2517
2514
2634
2628
2646
2601
2583
2568
2622
2784
2568
2745
2805
2457
2817
2748
2625
2547
