2565
2706
2637
2751
2487
2631
2700
2595
2412
2736
2742
2502
2751
2622
2547
2616
2628
2676
2742
2628
2685
2634
2631
2661
2727
2649
2574
2736
2610
2649
2562
2622
2715
2673
2637
2601
2724
2601
2619
2712
2526
2577
2610
2583
2505
2631
2688
2532
2598
2691
2634
2724
2769
2448
2604
2691
2655
2679
2553
2544
2475
2613
2712
2616
2643
2748
2631
2793
2544
2532
2439
2637
2691
2577
2703
2481
2760
2634
2691
2610
2628
2625
2544
2658
2715
2625
2499
2601
2709
2610
2673
2610
2739
2691
2700
2703
2484
2775
2604
2571
2697
2679
2619
2694
2712
2679
2607
2565
2742
2775
2562
2535
2712
2622
2631
2742
2595
2712
2508
2625
2535
2637
2646
2514
2568
2505
2631
2658
2478
2550
2709
2673
2739
2661
2499
2628
2769
2619
2604
2541
2496
2607
2655
2595
2715
2577
2544
2643
2583
2610
2445
2547
2724
2619
2565
2616
2685
2583
2568
2652
2562
2619
2571
2631
2766
2529
2718
2703
2472
2697
2622
2703
2772
2655
2499
2574
2514
2589
2613
2649
2628
2565
2502
2610
2673
2664
2661
2709
2364
2694
2523
2553
2571
2655
2631
2622
2571
2604
2535
2616
2736
2607
2613
2637
2559
2565
2601
2724
2622
2511
2442
2817
2610
2673
2514
2565
2622
2643
2676
2613
2766
2601
2598
2739
2664
2757
2583
2550
2547
2559
2655
2676
2619
2625
2544
2415
2658
2571
2598
2664
2631
2622
2616
2709
2628
2751
2484
2790
2628
2586
2811
2673
2691
2736
2613
2559
2742
2628
2466
2622
2469
2556
2478
2571
2805
2559
2736
2610
2595
2511
2613
2769
2808
2682
2655
2559
2583
2535
2499
2586
2571
2565
2526
2706
2691
2604
2772
2745
2679
2718
2715
2547
2655
2619
2835
2613
2583
2697
2595
2568
