2877
2943
2820
2769
2751
2874
2850
2676
2814
2844
2952
2979
2760
3057
2901
2853
2820
2805
2859
2820
2790
2676
2802
2700
2847
2817
2853
2640
2712
2868
2820
2883
2913
2805
2793
2760
2895
2856
2901
2793
2952
2880
2826
2913
2832
2898
2913
2772
2859
2883
2826
2886
2847
2817
2907
2760
2844
2763
2958
2769
2727
2868
2895
2754
2847
2943
2985
2817
2874
2655
2775
2865
2787
2781
2715
3144
2784
3144
2769
2862
2835
2898
2970
2907
2877
2946
2874
2973
2697
2805
2928
2946
2862
2823
2844
2835
2829
2919
2793
2784
2787
2748
2835
2679
3036
2856
2952
2793
2832
2718
2676
2877
2886
2925
2973
3045
2955
2745
2823
2985
2883
2724
2928
2859
3078
2820
2847
2898
2814
2838
2844
2979
3006
2859
2940
2916
2739
3003
2937
2679
2766
2952
3009
2841
3036
2811
2988
3015
2802
2991
2862
2988
2808
2946
2856
2847
2838
2967
3075
2751
2769
2835
2844
2727
2805
2796
2976
2703
2949
2946
2778
2913
2979
2817
2784
3027
2898
2907
2844
2835
2877
2850
2847
2682
2862
3126
2898
2808
2859
2748
2721
2802
2790
2757
2886
2892
2760
2964
2733
2841
2943
2856
2871
3006
2835
2859
2781
2925
2943
2736
2832
2871
2823
2607
2847
2820
2763
2949
2982
2847
2901
2997
2940
2745
2871
2838
2949
2664
2865
2799
2967
2778
2790
2874
2964
2844
2988
2853
2820
2781
2832
2934
2979
2709
2901
2934
2901
2841
2847
2796
2748
2838
2610
2736
2820
2937
2907
2862
2823
2769
2700
2967
2652
2922
2916
2829
2907
2655
2883
2922
2757
2853
2760
2844
2949
2793
2814
2886
2757
2850
2814
2961
2793
2742
3024
2841
2814
2913
2904
2871
2991
2871
2892
2775
2802
2991
2766
2961
2850
2874
