2760
2685
2661
2643
2733
2667
2658
2508
2655
2826
2652
2601
2616
2646
2601
2643
2766
2460
2703
2544
2904
2568
2661
2655
2760
2781
2679
2820
2583
2697
2622
2607
2646
2538
2574
2616
2889
2673
2625
2703
2670
2625
2670
2628
2730
2634
2775
2616
2541
2616
2697
2565
2619
2613
2685
2562
2547
2541
2643
2541
2598
2550
2601
2610
2523
2883
2538
2499
2535
2529
2595
2673
2604
2712
2745
2601
2697
2670
2529
2607
2607
2640
2475
2694
2658
2724
2592
2595
2601
2598
2694
2499
2736
2577
2421
2505
2733
2616
2772
2688
2673
2724
2646
2685
2784
2652
2604
2721
2544
2565
2715
2559
2589
2628
2565
2643
2769
2562
2577
2673
2583
2724
2694
2568
2655
2619
2547
2763
2670
2676
2682
2526
2523
2688
2379
2739
2625
2757
2655
2664
2682
2631
2751
2658
2676
2562
2829
2649
2526
2664
2496
2607
2811
2595
2571
2508
2613
2691
2526
2616
2583
2757
2703
2484
2634
2604
2622
2634
2676
2688
2469
2649
2616
2562
2619
2733
2685
2574
2553
2802
2694
2472
2586
2667
2514
2529
2697
2766
2538
2631
2640
2571
2637
2595
2640
2721
2820
2601
2565
2763
2532
2667
2643
2604
2640
2628
2622
2748
2766
2406
2775
2601
2607
2691
2583
2733
2625
2670
2673
2739
2676
2634
2703
2742
2628
2619
2643
2556
2559
2535
2604
2670
2571
2658
2637
2658
2529
2736
2808
2655
2721
2505
2598
2586
2826
2838
2643
2580
2592
2499
2685
2553
2721
2595
2637
2751
2706
2712
2502
2691
2679
2589
2577
2769
2637
2625
2730
2439
2607
2679
2652
2802
2679
2631
2742
2739
2598
2481
2529
2691
2556
2625
2529
2532
2832
2796
2502
2622
2721
2535
2574
2559
2700
2724
2739
2595
2526
2706
2820
2391
