2952
2853
2841
2754
2772
2946
2904
2967
2787
2925
2805
2886
2724
2793
2823
2898
2610
2856
2718
2793
2853
2949
2736
2904
2937
2769
2775
2712
2922
2922
3048
2919
2916
2751
3087
2952
2973
2787
2964
2982
2925
2811
2907
2949
2943
3018
2898
2709
2829
2931
3000
2799
2583
2901
2787
2889
2925
2949
2832
2706
2736
2892
2871
2898
2871
2832
2913
2856
2826
2925
2802
2886
2886
2802
2814
2832
2718
2916
2823
2796
3006
2793
2898
2760
2868
2970
2910
2886
2742
2820
2862
2883
2958
2859
2829
2838
2856
2838
2949
2718
2772
2658
2808
3042
2817
2988
2952
2958
2988
2940
2973
2940
2769
2772
2877
2844
2898
2889
2907
2766
2841
2790
2757
2898
2865
2901
3093
3030
2979
2817
2793
2820
2808
2943
2784
2781
2805
2664
2643
2931
2862
2967
3018
3027
2847
2784
2781
3024
2877
2901
2676
2781
2910
2781
2826
2853
2787
2784
2994
2742
2985
2886
2829
2769
2835
2838
2868
2973
3048
2835
2769
2925
2955
2838
2757
2691
2814
2880
2841
2940
2859
2964
2907
2862
2754
2913
2811
2886
2931
2814
2892
2898
2961
2817
2949
2925
2763
2835
2925
2940
2913
2877
2988
2877
2823
2787
2841
2958
2874
2787
2856
2883
2814
2928
2670
2913
2862
2844
2829
2919
2928
2958
2853
2952
2931
2850
2655
2709
2799
3024
2796
2820
2994
2799
2997
2859
2742
2649
2856
2892
2970
2862
2892
3009
2970
2886
2874
2916
2832
3069
3030
2961
2853
2916
2727
2964
2985
2898
2766
2793
2862
2913
3054
2826
2709
2721
2865
2892
2958
2955
2910
2820
2874
2991
2847
2844
3087
2937
2874
2895
2931
2967
2895
2754
2880
2823
2979
2949
2847
2949
2820
3012
2613
2895
2943
2892
2862
3048
2859
2967
