2847
2913
2925
2718
2808
2853
2937
2913
2949
2955
2967
2778
2832
2784
2745
3000
3051
2886
2940
2907
2820
2994
2757
2703
2913
2868
2901
2871
2955
2949
3072
2667
2973
2901
2757
2994
2730
2922
2973
2949
2778
2961
2925
2934
2835
2847
2910
2793
2973
2943
2865
2817
2880
2937
2835
2883
2796
2844
2712
3018
2766
2949
3081
2796
2709
2784
2889
2838
2763
2757
2820
2883
2877
2859
2871
2949
2796
2832
3012
2889
2955
2898
2967
3021
2769
2778
2856
2796
2892
2946
2907
2766
2934
2826
2964
2979
2907
2958
2886
2919
2703
2826
2853
2784
2637
2964
2982
2907
3018
2916
2826
2874
2955
2826
2898
2793
2820
3042
2775
2868
2958
3048
2832
2748
2925
2838
3057
2895
2919
2865
2874
2934
2796
2874
3006
2817
2811
2844
2811
2859
2916
2601
2898
3066
3006
2928
2667
2895
2736
2775
2883
2802
2937
2877
3018
2970
2796
2859
2868
2970
2859
2844
2676
2937
2799
2811
2727
2919
2790
3051
2898
2937
2901
2871
2760
2742
2850
2817
2850
2964
2871
2958
2937
2991
2844
2826
2838
2907
2727
2820
2931
2898
2946
2751
2895
3069
2676
2889
2964
2751
2871
2817
2883
2865
2811
2832
2853
2961
2799
2976
2988
2919
2934
2787
2799
2826
2895
2853
2922
2925
2808
2937
2886
2877
2838
2832
2988
2703
2898
2970
2943
2955
2967
3054
2904
2877
2964
2931
2781
2841
2742
2898
3006
2871
2913
2700
3015
2865
2790
3015
2889
2907
2811
2766
2838
2844
2727
2763
2886
2874
2637
2805
2949
2820
2916
2805
2724
2787
2865
2778
2754
2832
2796
2874
2856
2826
2901
2838
3081
2844
2898
2802
2871
2682
2658
3027
2877
2913
2781
2937
2682
2847
2685
2736
2946
2826
2838
2808
2862
2907
