2757
2871
2709
2865
3000
2964
2871
2892
2904
2754
2751
2964
3009
2862
2862
2892
2994
2796
2811
2571
2853
2991
2709
2925
2919
2877
2670
2877
2790
2745
2589
2811
2808
2919
2859
3015
2841
2901
3111
2811
2772
2730
2877
2847
2748
2814
2886
2766
2877
2895
2757
2901
2904
3069
2721
2724
2964
2988
2901
3090
2670
2865
2937
2850
2958
2724
2745
2751
2928
2895
2940
2772
2952
2898
3033
2997
2967
2805
2832
3006
2862
2862
2916
3003
2976
2766
2730
2910
2913
2880
2940
2835
2796
2901
2898
2949
2841
2934
2760
2895
2946
2841
2874
3036
2961
2934
2922
2871
2721
3072
2766
2778
2811
2880
2994
2856
2961
2928
2976
2892
2886
2889
2817
2931
2712
2853
2868
2802
2685
2907
2952
3033
2940
2982
2904
2889
2685
2775
2772
2889
2895
2922
2760
2739
2841
2853
3024
2751
2928
2790
2799
3015
2781
2994
2883
2994
2766
2826
2880
2931
2883
2871
2754
2865
2829
2718
2916
2922
2796
2904
2910
3099
2742
3006
2820
2886
2778
2844
2937
2640
3048
2847
2976
2958
2892
2937
2931
2970
2958
2991
2997
2859
2826
2805
2991
2820
2802
2769
2943
2760
2814
2856
2883
2943
2784
2778
3000
2853
3003
2913
2892
2796
2715
2877
2799
2976
2751
2790
2952
2943
2859
2886
2823
2832
2916
2706
2997
2784
2841
2946
2883
3018
2913
3003
2952
2898
2766
2880
3066
2748
2964
2964
2982
2730
2916
2811
2931
2751
2985
2898
2832
2997
2802
2892
2829
2739
2781
2883
2658
2859
2778
2847
2889
2862
3063
2949
2946
2919
2778
2757
2910
2880
3069
2934
2805
2946
2964
2784
2895
2859
2808
2694
2772
2871
2847
3006
2979
2850
2952
2721
2817
2910
2889
3042
2856
2748
2853
2838
2898
2808
