3027
2742
2868
2841
2835
2709
2661
2904
3081
2880
2787
2940
2940
2919
2817
2892
2823
2778
2925
2859
2907
2952
2823
2787
2805
3051
2877
2841
3060
2799
3003
2796
2883
2913
2751
2871
2868
2850
2805
2964
2880
2958
3015
2916
2871
2793
2919
2904
2862
2847
2760
2772
2730
2865
2724
2880
2979
2940
2697
2847
2820
2742
2883
2757
2841
2940
2793
2883
2661
2937
2904
2760
2787
2808
2748
2868
2838
2952
2763
2820
2928
2829
2790
2805
3021
2832
2877
2931
3051
2961
2988
2868
2940
2952
2751
2805
2814
2979
2745
2796
2757
2667
2835
2910
2784
2754
2913
2949
3024
2931
2985
2982
2991
2994
2733
2895
2751
2727
2835
2997
2952
2910
2850
2832
2880
2811
2673
2883
3033
2844
2592
2874
2799
2862
2694
2874
2880
2724
2751
2868
2787
2841
2952
2787
2904
2955
2826
2787
2838
2844
2829
2847
2949
2979
2871
2880
2796
2967
2742
2844
2919
2841
2970
2886
2700
2841
2952
2943
2868
2991
2757
2709
2838
2862
2805
2943
2685
3009
2745
3123
2919
2922
2775
2889
2997
2808
2814
2697
2913
2892
2844
2673
2781
2751
2706
2925
3093
2802
2847
2874
2847
2904
2853
2811
2799
2979
2871
2763
2883
2766
2778
2937
2835
2718
2919
2754
2790
2991
2670
2940
2814
2772
2703
3000
2934
2760
2883
2913
2817
2895
2952
2886
2754
2757
2820
2730
2940
2778
2895
2970
2871
2928
2961
2856
3069
2793
2823
2757
2907
2790
2904
2880
2787
2811
2877
2895
2967
3021
2871
3075
2967
2916
2967
2958
2772
2745
2922
2919
2781
2922
2787
2826
2847
2922
2856
2790
2757
2802
2922
2970
2532
2784
2925
2808
3036
2859
3084
2922
2757
2853
2901
2961
2916
2883
2847
2706
2994
2874
2736
2973
