2910
2904
2931
2784
2739
2994
2844
2700
2931
2847
2943
2784
2877
2802
2691
3015
2826
2943
3033
2814
2751
2763
2787
2832
2673
2871
2880
2763
2802
2964
2904
2907
2892
2982
2859
2835
2964
2844
2853
2826
2838
2772
2661
2868
2739
2886
2793
2835
2940
2814
2670
2901
2904
2763
2967
2895
2799
2895
2886
2868
2805
2763
2916
2949
2898
2766
3063
2865
2847
2715
2922
2754
2808
2994
2982
2877
2793
2865
2787
2829
2862
2880
2778
2676
2838
2997
2823
2754
2961
2958
2862
2967
2895
2943
2997
2922
2694
2757
2874
2919
2754
2895
2868
2850
2637
2844
2997
3048
2937
2859
2907
2880
3021
2967
2736
2985
2775
2964
2832
2739
2844
2811
2790
2844
2859
2751
2844
2811
2862
2883
2856
2865
2766
2937
2685
2850
2907
2943
2994
2784
2823
2643
2901
2862
2868
2844
2745
2913
2892
2862
2811
2886
2940
2670
2964
2841
2901
2772
2838
2973
2742
2820
2970
2733
2976
2784
2841
2832
2835
3069
2862
2943
2880
3018
2982
2937
2817
2772
2811
2880
2811
2961
2769
2835
2799
2964
2832
2892
2850
2763
2979
2913
2919
2826
2742
2934
2853
2949
2910
2775
3003
2883
2901
2898
2733
2892
2922
2751
2916
2814
2958
2769
2817
2859
2940
2760
2793
2751
2955
2823
2808
2907
2790
2700
2826
2787
2724
2916
2835
3021
2865
2829
2790
2631
2913
2997
2820
2805
2784
2775
2943
2844
2862
2856
2913
2859
2763
2799
2820
2871
2892
2817
2844
2796
2868
2982
2844
2877
3027
2898
2820
2667
2745
2886
2973
2865
2727
2787
2844
2868
2970
2877
2907
2898
2943
2934
3042
2868
2940
2856
2829
2850
2775
2880
3030
2850
2913
2859
2901
2781
2682
2865
2823
2751
3009
2814
2937
2790
2859
2847
