2538
2481
2550
2502
2466
2874
2535
2697
2562
2820
2640
2511
2616
2781
2610
2643
2649
2631
2646
2697
2661
2598
2700
2697
2679
2580
2595
2664
2655
2778
2664
2559
2535
2763
2586
2631
2517
2607
2574
2670
2592
2550
2595
2742
2793
2685
2685
2598
2709
2685
2706
2538
2571
2664
2634
2649
2754
2637
2844
2589
2577
2676
2718
2586
2691
2586
2748
2640
2676
2583
2601
2703
2817
2574
2565
2463
2664
2571
2622
2688
2682
2646
2568
2655
2559
2706
2571
2880
2682
2493
2697
2733
2733
2715
2433
2646
2490
2517
2505
2832
2625
2724
2568
2514
2625
2661
2613
2625
2625
2490
2670
2577
2484
2535
2502
2634
2778
2682
2724
2742
2502
2463
2646
2667
2493
2550
2664
2565
2679
2442
2544
2523
2592
2520
2568
2616
2622
2568
2748
2580
2787
2577
2613
2559
2619
2613
2676
2532
2451
2616
2466
2676
2640
2592
2532
2511
2700
2622
2757
2538
2784
2622
2817
2502
2556
2646
2589
2499
2469
2514
2628
2595
2562
2637
2568
2730
2571
2400
2622
2529
2658
2754
2613
2445
2631
2580
2676
2697
2589
2574
2790
2655
2622
2547
2646
2808
2616
2682
2676
2583
2598
2565
2787
2607
2640
2559
2628
2469
2733
2613
2637
2646
2598
2601
2640
2745
2721
2580
2592
2589
2421
2481
2718
2559
2700
2676
2652
2646
2730
2553
2631
2799
2574
2658
2757
2736
2676
2736
2703
2694
2649
2478
2628
2652
2514
2472
2691
2586
2631
2634
2574
2604
2709
2607
2853
2571
2577
2367
2556
2670
2619
2532
2640
2586
2625
2715
2571
2670
2625
2646
2661
2685
2511
2733
2688
2721
2571
2727
2553
2721
2721
2562
2559
2622
2508
2697
2751
2685
2664
2307
2655
2712
2724
2658
2697
2664
2658
2697
2568
2622
