3237
3102
3117
2937
2934
3036
3234
3111
3270
3249
3045
3228
3192
3183
3093
3078
3120
3093
3171
3066
2997
3060
3168
3219
3117
3033
2958
2964
2976
3198
2973
3207
2979
3021
3036
2970
3030
3057
3042
3126
3030
3015
3132
3231
3063
3309
3033
3138
3036
3318
3051
2970
3084
3063
3150
3030
3105
3048
2970
3141
3051
3081
3210
3132
3045
3084
3114
3153
3171
2949
3018
3168
3045
3162
3087
3204
2940
3105
3117
3162
2991
3186
2967
3000
3033
3303
3015
3096
3105
3180
3168
3105
3111
3087
3153
2958
3102
3117
3084
3036
3135
3066
2865
3108
3057
3168
3051
2982
3096
3120
2889
3024
3072
3081
3117
3081
3204
3147
3015
2988
3039
3096
3231
3336
3240
3084
3036
3120
3240
3204
3135
3105
3063
2979
2994
3258
3198
3231
3150
3006
3087
3153
3156
3087
3039
3072
3144
3150
3210
3288
3105
3105
3081
3159
3069
3120
3105
3063
3135
3090
3231
2994
3156
3036
3087
3108
2961
2994
2928
3132
3006
3066
3087
3237
2964
3102
3147
3090
3030
3030
3216
3207
3144
3096
3159
3120
3099
3081
3318
3111
2967
3141
3330
2982
3003
3051
3147
3186
2985
3042
3228
3183
3096
3165
3216
3249
3042
3144
3075
3192
3189
2934
3114
3084
3102
2949
2964
3225
3213
3318
3300
3003
2943
3057
3156
3195
3012
3390
3144
3141
3090
2916
3042
3138
3150
3261
3144
3216
2943
3066
3291
3219
3255
3072
3225
3027
3147
3033
3033
3012
2985
3087
3084
3204
3090
3060
3018
3180
3021
3099
3141
3015
3225
3234
2997
3135
3015
3162
3138
3099
2847
3072
3228
3177
3153
3294
3192
3057
3183
2997
3210
3168
3156
3087
3048
3000
3090
3012
3168
3168
3108
3210
3150
2985
3021
3249
2937
3057
3129
3105
