2721
2574
2682
2739
2667
2673
2697
2520
2613
2631
2637
2619
2583
2484
2601
2745
2571
2586
2595
2610
2553
2736
2676
2604
2583
2553
2652
2679
2700
2649
2736
2604
2583
2652
2619
2601
2664
2718
2724
2628
2733
2484
2772
2655
2757
2448
2601
2577
2577
2742
2574
2640
2793
2586
2565
2553
2565
2622
2400
2559
2517
2547
2658
2574
2592
2628
2706
2664
2646
2424
2592
2625
2688
2883
2703
2544
2586
2556
2688
2658
2628
2451
2619
2772
2631
2628
2643
2622
2601
2646
2496
2832
2571
2634
2514
2805
2712
2712
2721
2682
2712
2469
2754
2784
2790
2616
2607
2607
2553
2508
2607
2703
2595
2712
2715
2784
2625
2343
2598
2763
2628
2619
2589
2640
2607
2562
2616
2673
2517
2688
2526
2568
2481
2646
2682
2559
2679
2562
2604
2565
2730
2802
2478
2652
2532
2523
2541
2568
2721
2574
2646
2526
2538
2601
2580
2799
2619
2613
2577
2691
2598
2568
2643
2727
2625
2478
2688
2406
2679
2574
2544
2784
2754
2721
2649
2694
2805
2799
2796
2706
2547
2556
2727
2685
2589
2661
2757
2655
2601
2589
2625
2865
2625
2649
2565
2493
2787
2559
2478
2703
2781
2325
2661
2571
2679
2757
2580
2502
2604
2667
2796
2664
2613
2499
2520
2625
2742
2643
2427
2655
2622
2589
2628
2604
2721
2616
2430
2670
2601
2553
2601
2601
2607
2520
2637
2640
2580
2856
2589
2586
2700
2622
2664
2727
2625
2688
2637
2673
2742
2673
2724
2796
2631
2655
2412
2547
2577
2520
2853
2691
2622
2595
2640
2679
2616
2706
2748
2676
2685
2640
2568
2613
2628
2562
2718
2769
2487
2631
2781
2592
2496
2583
2664
2586
2733
2634
2721
2556
2574
2664
2742
2505
2619
2646
2655
2730
2835
2514
2814
2679
