2724
2994
3021
2886
2895
2955
2787
3015
2964
3054
2826
2820
2835
2952
2868
2892
2832
2946
2838
2808
2712
2766
2874
2784
2892
2904
3030
2853
2940
2949
2721
2901
2868
2736
2841
2694
2928
2976
2676
2967
2904
2844
3045
2898
2775
2763
3042
2835
2904
2805
2982
2979
2916
2859
2913
2814
3024
2817
2889
2817
2853
2934
3057
2931
2856
2838
2940
2922
2739
3099
2769
2907
3081
2826
2811
2811
2886
2931
2856
2841
2949
2781
2868
2901
2766
2934
2688
2859
2856
3009
2757
2658
2958
2832
2853
2766
2985
2853
2922
2769
2877
2997
2937
2922
2979
2847
2808
2826
2925
2772
2883
2937
2931
3084
3102
2787
2754
2751
2928
2967
2940
2925
2883
2871
2940
2784
2781
2934
2796
2949
2868
2739
3075
2895
2829
2973
2736
2688
2865
2847
3093
2859
2949
2859
2871
2895
2826
2817
3012
2904
2886
2889
2925
2820
2763
2829
2949
2961
2796
2886
2805
2892
2847
2841
2934
2754
2964
2835
2922
2751
2961
2763
2865
2874
2931
2940
2925
2916
2877
2655
2865
3021
2853
2916
2901
2934
3018
2958
2922
2913
2811
3012
2844
2922
2826
2823
2691
3009
2775
2730
2769
2979
2829
2838
3018
2946
2796
2868
2817
2802
2895
2889
2970
2904
2898
2946
2883
2811
2796
2865
3120
2910
2799
2652
2835
2763
2760
3015
2826
2928
2862
2952
2988
2730
2787
2649
2781
2958
2808
2838
2730
2838
2928
2817
2985
3042
3078
2868
2916
2739
3066
2808
3018
2766
2883
2712
2817
2910
2979
2784
2892
2736
2898
2796
2814
2850
2835
2736
2895
2958
2916
2835
2946
2829
2706
2739
2832
2796
2841
3000
2997
2727
2880
2817
2937
2886
2907
2808
2877
2895
2679
2787
2988
2877
2868
2865
2793
2805
2715
2904
