2499
2688
2598
2601
2655
2658
2589
2472
2661
2610
2637
2658
2616
2610
2655
2637
2778
2559
2643
2595
2604
2736
2628
2559
2550
2616
2592
2586
2610
2565
2724
2589
2634
2535
2772
2658
2487
2457
2787
2775
2715
2610
2712
2484
2751
2694
2718
2628
2652
2643
2664
2691
2541
2577
2616
2424
2583
2685
2790
2478
2592
2520
2592
2589
2553
2634
2736
2799
2601
2505
2649
2676
2622
2565
2724
2709
2628
2646
2793
2562
2460
2778
2523
2595
2682
2484
2628
2559
2646
2652
2607
2673
2559
2682
2637
2697
2556
2613
2652
2712
2763
2466
2673
2601
2745
2712
2823
2625
2652
2469
2571
2481
2589
2679
2553
2676
2763
2517
2427
2745
2625
2763
2496
2541
2634
2610
2670
2625
2553
2541
2691
2553
2739
2799
2559
2724
2610
2586
2667
2667
2601
2643
2631
2586
2631
2418
2625
2661
2571
2592
2607
2589
2565
2658
2646
2559
2646
2598
2718
2436
2580
2496
2610
2811
2628
2721
2601
2628
2637
2535
2643
2592
2736
2643
2655
2607
2835
2673
2628
2829
2805
2634
2601
2628
2688
2535
2643
2730
2604
2574
2598
2736
2376
2640
2640
2739
2637
2583
2682
2547
2604
2682
2631
2592
2676
2550
2607
2601
2454
2664
2688
2775
2616
2568
2643
2484
2535
2682
2616
2676
2529
2544
2586
2583
2733
2667
2661
2604
2799
2640
2538
2622
2568
2340
2637
2628
2547
2661
2622
2670
2574
2697
2745
2520
2610
2649
2601
2691
2703
2574
2658
2598
2418
2625
2442
2580
2712
2550
2673
2700
2559
2673
2568
2661
2661
2493
2604
2508
2640
2607
2697
2559
2478
2688
2556
2526
2673
2673
2529
2718
2625
2487
2721
2706
2517
2538
2574
2640
2670
2748
2517
2574
2703
2550
2559
2562
2640
2604
2439
2577
