2727
2559
2619
2640
2652
2760
2637
2580
2547
2532
2661
2721
2541
2499
2571
2628
2754
2625
2568
2481
2550
2664
2595
2676
2607
2565
2691
2685
2502
2730
2499
2733
2568
2718
2613
2607
2571
2745
2700
2763
2487
2754
2817
2523
2757
2625
2733
2658
2409
2640
2592
2676
2634
2607
2757
2778
2478
2601
2640
2625
2634
2619
2691
2688
2601
2796
2691
2808
2784
2472
2487
2733
2550
2691
2616
2670
2520
2601
2745
2535
2526
2658
2568
2601
2694
2568
2514
2628
2580
2568
2841
2703
2685
2616
2583
2586
2670
2817
2739
2673
2697
2739
2625
2718
2640
2616
2730
2697
2772
2541
2676
2460
2781
2625
2637
2688
2595
2538
2583
2607
2574
2688
2517
2535
2835
2658
2604
2544
2703
2751
2613
2766
2604
2607
2640
2601
2469
2619
2640
2787
2697
2541
2715
2712
2538
2664
2565
2406
2430
2712
2754
2658
2694
2643
2673
2511
2607
2496
2760
2676
2580
2553
2712
2562
2694
2718
2601
2691
2568
2796
2715
2742
2661
2664
2766
2469
2577
2631
2601
2598
2502
2751
2637
2562
2652
2658
2715
2625
2622
2559
2718
2613
2535
2715
2424
2784
2733
2601
2676
2637
2652
2601
2667
2553
2613
2655
2736
2790
2550
2682
2664
2607
2595
2730
2691
2580
2535
2553
2643
2550
2586
2784
2595
2622
2814
2868
2664
2619
2775
2739
2649
2541
2544
2664
2565
2601
2586
2559
2616
2505
2586
2736
2511
2565
2634
2637
2562
2664
2472
2712
2691
2493
2661
2796
2724
2694
2580
2661
2724
2658
2673
2649
2703
2562
2583
2712
2580
2673
2646
2673
2682
2637
2475
2466
2547
2694
2550
2580
2649
2748
2526
2667
2616
2610
2601
2679
2625
2658
2592
2601
2592
2541
2601
2592
2574
2505
2682
2763
2658
2742
