2706
2754
2541
2625
2703
2718
2610
2715
2622
2619
2781
2517
2544
2706
2565
2697
2550
2490
2694
2679
2547
2649
2526
2379
2589
2772
2604
2811
2529
2514
2739
2520
2529
2613
2643
2496
2583
2628
2652
2727
2514
2814
2544
2628
2661
2610
2724
2559
2523
2643
2640
2589
2628
2733
2622
2736
2643
2538
2556
2733
2613
2637
2742
2580
2763
2598
2634
2670
2748
2634
2565
2580
2643
2760
2706
2550
2583
2769
2448
2493
2640
2736
2625
2736
2568
2613
2511
2823
2625
2685
2511
2472
2538
2706
2688
2775
2661
2658
2595
2595
2748
2541
2652
2637
2715
2664
2625
2688
2625
2646
2625
2520
2607
2814
2754
2562
2562
2586
2796
2667
2604
2673
2706
2571
2571
2655
2628
2379
2697
2682
2739
2709
2676
2526
2592
2859
2445
2607
2700
2622
2655
2703
2622
2721
2625
2745
2574
2667
2562
2745
2511
2739
2832
2634
2568
2643
2577
2832
2679
2610
2664
2538
2577
2643
2517
2706
2664
2649
2565
2706
2775
2862
2628
2592
2775
2658
2451
2607
2586
2649
2610
2505
2811
2505
2655
2685
2766
2607
2520
2601
2640
2484
2661
2775
2580
2808
2544
2649
2532
2694
2574
2625
2445
2484
2712
2532
2694
2628
2700
2643
2520
2553
2790
2739
2643
2580
2718
2541
2559
2529
2535
2571
2643
2646
2550
2661
2535
2688
2706
2670
2790
2562
2583
2817
2694
2712
2718
2577
2691
2724
2583
2667
2607
2646
2799
2589
2616
2811
2652
2742
2628
2751
2652
2604
2619
2673
2634
2685
2700
2592
2568
2532
2679
2523
2496
2607
2439
2634
2790
2505
2592
2595
2658
2745
2529
2598
2598
2697
2694
2475
2514
2721
2574
2592
2598
2595
2688
2688
2559
2526
2574
2790
2493
2784
2619
2625
2619
2526
2580
2724
