2715
2475
2643
2622
2610
2610
2673
2532
2646
2610
2559
2571
2643
2652
2751
2664
2616
2571
2673
2664
2643
2640
2655
2541
2709
2676
2679
2706
2526
2661
2604
2592
2808
2682
2706
2631
2646
2622
2712
2553
2664
2673
2601
2595
2619
2781
2598
2628
2631
2529
2793
2472
2631
2676
2571
2676
2802
2751
2652
2691
2517
2664
2670
2850
2577
2592
2736
2520
2667
2664
2730
2607
2682
2760
2682
2676
2607
2589
2643
2727
2628
2667
2517
2586
2592
2799
2571
2745
2691
2571
2745
2616
2589
2808
2712
2544
2775
2547
2496
2475
2613
2586
2730
2691
2589
2586
2691
2679
2724
2598
2880
2670
2583
2490
2541
2526
2553
2502
2688
2709
2637
2631
2559
2415
2607
2661
2682
2646
2646
2655
2538
2685
2661
2775
2745
2553
2628
2625
2673
2442
2709
2661
2652
2778
2499
2580
2694
2847
2652
2649
2445
2706
2553
2550
2772
2661
2649
2718
2607
2526
2748
2544
2793
2604
2745
2616
2865
2697
2649
2517
2658
2577
2661
2577
2661
2469
2625
2592
2676
2700
2628
2757
2517
2499
2589
2628
2700
2712
2769
2682
2667
2586
2661
2649
2646
2574
2652
2622
2655
2610
2745
2724
2652
2673
2571
2709
2523
2592
2598
2784
2721
2583
2712
2703
2658
2601
2595
2592
2703
2781
2646
2658
2601
2586
2631
2706
2787
2619
2523
2451
2607
2517
2631
2577
2508
2652
2685
2568
2709
2598
2571
2691
2763
2616
2448
2673
2613
2739
2505
2637
2631
2625
2532
2670
2559
2640
2718
2559
2712
2631
2616
2532
2793
2682
2649
2790
2589
2544
2604
2574
2715
2583
2664
2613
2631
2532
2607
2616
2667
2523
2793
2616
2571
2532
2622
2685
2643
2547
2544
2517
2727
2505
2703
2541
2574
2703
2658
2655
2655
2505
