2619
2703
2709
2712
2445
2832
2754
2595
2649
2607
2760
2721
2595
2697
2667
2547
2772
2694
2562
2736
2496
2679
2568
2421
2481
2691
2601
2628
2547
2733
2652
2655
2667
2754
2634
2547
2562
2589
2613
2580
2703
2634
2544
2604
2646
2649
2628
2517
2751
2718
2658
2715
2499
2769
2550
2685
2640
2640
2580
2664
2610
2523
2571
2589
2736
2637
2655
2628
2595
2697
2817
2694
2865
2634
2529
2529
2835
2610
2454
2661
2760
2490
2682
2664
2505
2616
2616
2718
2547
2580
2724
2733
2550
2667
2724
2622
2619
2658
2496
2553
2538
2619
2691
2757
2625
2550
2541
2661
2640
2619
2688
2559
2544
2745
2604
2577
2706
2763
2631
2727
2547
2769
2667
2604
2745
2667
2697
2565
2604
2637
2667
2643
2679
2670
2706
2589
2613
2607
2361
2673
2616
2640
2754
2538
2730
2568
2592
2658
2745
2676
2697
2544
2712
2622
2715
2766
2760
2697
2679
2481
2691
2517
2541
2769
2643
2688
2622
2589
2658
2823
2652
2682
2703
2634
2721
2709
2706
2622
2688
2697
2508
2622
2697
2604
2406
2715
2595
2628
2658
2616
2523
2712
2598
2745
2700
2784
2733
2532
2706
2766
2625
2706
2496
2553
2646
2730
2679
2727
2529
2583
2697
2595
2610
2517
2679
2742
2661
2751
2664
2664
2682
2619
2586
2754
2571
2598
2625
2685
2655
2598
2670
2622
2643
2685
2631
2685
2688
2682
2658
2646
2736
2838
2694
2583
2580
2514
2571
2685
2694
2724
2712
2709
2652
2655
2559
2766
2646
2559
2682
2610
2760
2607
2724
2667
2562
2649
2655
2658
2745
2649
2688
2691
2490
2634
2466
2679
2652
2565
2652
2712
2718
2736
2598
2637
2484
2703
2772
2712
2556
2472
2718
2511
2697
2700
2619
2673
2688
2700
2520
2679
