2652
2568
2673
2625
2613
2604
2733
2736
2667
2652
2499
2574
2565
2784
2592
2718
2559
2625
2580
2625
2688
2748
2634
2655
2661
2619
2757
2556
2577
2583
2523
2547
2646
2538
2631
2640
2598
2673
2736
2631
2661
2712
2568
2625
2571
2586
2832
2793
2619
2691
2598
2568
2493
2487
2787
2502
2517
2745
2763
2514
2616
2652
2724
2727
2655
2595
2631
2607
2514
2520
2592
2637
2562
2613
2706
2577
2541
2616
2526
2733
2646
2589
2637
2640
2634
2685
2550
2619
2832
2607
2604
2652
2517
2523
2691
2484
2679
2478
2604
2379
2607
2703
2790
2619
2727
2658
2547
2541
2436
2808
2586
2646
2727
2580
2661
2706
2673
2625
2508
2730
2604
2517
2592
2610
2637
2691
2526
2637
2610
2589
2583
2718
2604
2697
2706
2715
2763
2538
2823
2859
2703
2421
2682
2742
2622
2631
2760
2613
2547
2682
2535
2628
2685
2562
2586
2676
2757
2580
2541
2646
2466
2676
2619
2682
2787
2577
2448
2601
2667
2598
2475
2748
2574
2568
2616
2628
2562
2613
2691
2631
2661
2691
2577
2580
2715
2610
2652
2580
2742
2691
2631
2547
2508
2694
2718
2691
2676
2646
2712
2466
2769
2622
2643
2622
2595
2679
2457
2451
2628
2577
2496
2643
2625
2655
2559
2691
2643
2601
2694
2661
2523
2826
2682
2583
2679
2664
2589
2721
2685
2619
2745
2577
2607
2652
2463
2682
2607
2586
2682
2655
2556
2637
2694
2703
2607
2706
2916
2658
2493
2709
2736
2655
2592
2607
2670
2703
2619
2655
2520
2586
2580
2697
2616
2670
2736
2628
2454
2412
2613
2607
2586
2667
2652
2787
2478
2571
2637
2676
2589
2655
2574
2745
2616
2877
2703
2637
2721
2619
2697
2733
2706
2526
2727
2592
2619
2688
2640
2541
2529
2658
