285
243
255
246
261
249
216
219
231
228
261
249
240
252
225
243
231
261
240
318
306
234
246
261
225
240
180
246
246
210
192
291
228
243
225
240
246
261
222
246
210
246
288
204
210
231
216
219
213
246
216
228
267
276
267
267
243
243
255
219
237
240
279
237
210
255
246
198
231
273
267
243
255
234
267
219
234
207
300
261
222
276
273
258
237
285
231
243
231
225
267
297
240
270
216
240
264
204
234
267
216
234
243
204
207
237
264
285
228
216
282
234
261
273
213
267
234
222
267
222
237
195
219
210
234
204
207
213
219
285
246
240
213
246
168
270
228
201
243
252
219
246
240
249
189
216
213
246
213
231
243
183
267
189
285
258
279
273
243
261
249
240
249
240
216
237
246
249
207
258
243
228
255
249
252
261
219
234
291
204
267
231
234
243
258
234
270
255
231
237
189
177
270
207
252
249
276
246
240
216
264
192
264
291
213
285
246
234
237
270
258
267
219
252
240
267
222
258
198
231
282
270
252
201
264
231
225
258
255
261
252
249
255
276
261
249
246
231
306
231
264
204
231
255
282
210
234
219
267
249
174
204
285
285
282
276
288
258
258
255
210
243
234
168
219
249
207
240
291
279
294
180
180
261
228
216
210
270
237
219
231
255
219
216
225
213
225
210
198
216
237
225
267
225
252
189
246
297
276
237
