240
264
258
237
255
243
252
228
261
228
240
222
246
240
234
243
231
273
279
255
237
258
246
276
243
255
213
231
258
234
246
252
231
273
309
228
228
243
279
210
243
249
234
261
204
231
285
267
273
237
231
243
261
270
258
240
240
231
288
225
216
210
210
258
279
216
219
234
228
222
207
231
225
231
243
219
261
234
273
213
213
225
234
216
219
201
222
255
240
279
207
228
231
264
216
258
210
228
219
249
243
204
243
213
252
240
207
252
261
255
237
267
222
270
246
249
258
261
225
201
243
243
231
201
246
228
234
255
222
198
210
249
213
240
261
243
222
246
276
225
252
279
234
234
279
222
273
258
195
264
243
225
213
270
219
219
255
222
282
219
297
258
234
237
255
216
237
237
237
222
216
258
252
222
267
231
237
255
189
246
258
240
246
267
267
273
216
273
252
258
276
234
204
237
288
255
273
228
276
249
279
204
273
240
222
285
201
249
216
195
300
255
240
258
243
243
198
279
222
267
222
249
276
282
264
231
243
252
219
231
216
225
240
204
264
177
228
267
177
219
297
222
267
228
246
252
231
249
216
243
270
231
285
231
240
231
282
264
234
294
237
282
222
231
186
216
174
249
228
243
282
243
222
222
279
255
225
258
201
276
261
312
252
228
234
222
252
243
264
222
234
201
261
237
243
246
246
255
348
210
