267
186
225
282
231
213
255
243
279
249
246
240
264
270
216
240
231
255
243
225
306
234
273
285
258
267
294
261
240
267
246
231
213
243
264
234
240
291
204
243
249
252
249
267
222
237
249
192
276
231
285
219
261
222
231
225
255
237
237
252
189
216
246
210
282
222
228
222
282
201
237
249
228
264
243
219
186
255
240
222
240
255
246
237
234
270
309
216
222
234
252
219
258
210
255
273
231
225
234
201
243
246
264
279
255
198
261
258
240
252
228
219
204
246
240
267
189
261
177
249
222
264
249
237
246
276
189
285
195
240
234
282
297
234
237
219
261
237
258
210
249
216
249
225
225
243
234
276
243
219
240
255
258
225
198
219
252
198
264
228
222
246
243
231
273
246
234
252
210
192
258
240
276
231
237
228
258
210
219
255
204
258
249
189
252
228
270
258
204
243
285
249
219
210
210
243
195
249
225
252
204
252
246
228
213
267
195
225
300
192
201
249
258
246
225
216
255
201
297
222
216
243
198
237
249
285
279
234
255
255
219
225
219
234
243
255
234
222
162
303
246
219
219
258
231
225
231
234
255
216
228
195
246
246
228
282
246
219
231
267
252
225
213
246
225
213
261
234
225
198
234
231
246
270
231
267
234
246
252
228
255
270
285
303
246
237
234
246
279
243
234
234
189
234
225
252
270
294
252
240
