234
270
261
240
264
201
234
192
240
246
261
231
270
252
219
240
219
261
234
249
222
264
225
231
246
240
219
234
237
195
237
198
213
264
243
228
237
237
231
231
243
189
207
225
234
240
216
228
237
225
264
216
240
234
246
249
219
240
219
267
264
234
213
237
237
207
264
243
204
234
210
255
216
204
198
309
234
276
240
261
240
210
237
252
270
243
246
210
294
267
243
213
225
219
195
237
267
261
216
267
252
219
195
261
216
270
270
246
222
213
249
201
183
225
240
201
258
249
255
216
252
225
243
210
225
249
264
177
279
243
234
252
285
243
222
219
288
252
180
249
252
270
213
243
219
276
264
225
213
297
237
267
237
240
264
228
273
231
270
252
264
207
291
228
234
210
234
237
171
261
222
264
243
222
219
252
243
258
246
249
222
234
228
204
240
249
219
264
219
258
204
240
285
276
246
291
297
231
216
234
273
216
207
255
219
195
219
198
306
201
252
231
219
285
264
201
189
213
270
294
213
303
243
237
207
237
216
246
210
228
231
216
207
300
240
237
297
219
282
267
261
243
213
240
270
213
249
210
255
198
261
204
234
279
300
261
234
219
249
234
216
210
264
210
222
183
249
267
309
234
234
255
207
216
255
222
225
255
207
255
240
201
246
273
267
246
249
258
228
285
246
228
231
252
267
207
237
258
252
243
