255
234
210
237
225
222
246
228
234
237
276
234
216
273
225
255
222
204
222
288
255
255
225
228
222
234
243
204
249
228
204
249
255
255
249
267
228
234
312
228
234
240
243
240
222
279
234
267
264
261
174
222
240
273
273
249
228
273
255
273
216
276
282
252
204
222
216
264
249
300
267
246
261
225
219
210
249
270
264
249
276
231
264
273
273
225
213
216
213
264
252
291
195
237
210
321
222
294
201
201
228
249
234
246
282
225
225
225
228
267
267
219
237
225
237
297
249
237
165
249
288
240
261
267
231
255
210
225
228
225
240
225
264
237
294
267
306
264
285
198
243
249
228
243
255
237
204
207
240
237
216
270
246
216
240
237
219
270
270
213
249
270
237
282
243
246
234
288
246
234
210
246
228
264
234
261
234
240
207
225
231
192
219
189
225
243
255
258
285
228
198
216
255
279
231
249
243
222
219
183
225
195
240
249
234
207
276
201
264
219
231
204
231
216
210
204
246
201
240
276
255
264
225
213
243
291
240
237
303
195
210
240
174
216
210
264
258
273
246
213
231
312
267
276
225
255
297
285
240
228
240
264
219
270
225
252
243
264
189
234
267
225
228
252
282
288
279
249
267
249
216
273
204
234
246
243
204
201
252
291
261
300
231
255
246
279
228
189
207
270
231
207
189
261
282
246
255
189
216
225
