177
255
267
225
207
207
255
213
210
246
219
261
195
237
273
261
237
243
309
249
231
243
294
267
237
234
279
213
273
234
219
273
264
249
204
171
183
237
198
228
246
216
216
279
219
246
234
171
222
246
219
222
204
222
210
228
252
222
252
219
231
225
213
249
213
228
246
213
300
288
264
294
231
258
264
240
237
222
228
255
228
261
237
237
222
246
231
243
234
264
234
306
234
249
255
225
282
270
237
201
276
198
222
234
249
213
246
219
234
204
231
231
228
228
222
225
243
177
285
255
213
231
189
258
252
225
207
207
255
261
252
249
225
240
195
189
273
240
219
234
195
282
222
192
222
246
231
261
249
264
228
201
234
219
249
252
273
258
216
228
249
267
237
264
240
198
249
231
279
273
222
240
255
252
252
240
240
204
285
258
240
219
255
231
234
252
243
216
297
240
219
201
249
231
234
270
234
219
261
222
249
207
270
195
258
219
231
273
225
240
198
228
198
207
225
255
246
210
243
255
228
252
228
276
228
267
213
219
240
237
276
246
273
279
228
237
249
213
300
261
225
252
228
300
243
240
255
282
300
204
225
243
219
237
225
261
258
267
252
237
246
246
237
300
258
213
255
228
240
249
252
222
267
258
234
234
234
252
213
234
258
213
183
183
213
273
276
222
285
249
264
243
219
276
258
195
198
210
234
258
