219
195
237
252
237
216
210
255
231
252
192
234
171
210
222
222
273
222
225
207
243
201
207
216
252
282
243
213
285
210
240
213
216
273
216
231
264
219
243
231
237
297
288
207
261
288
288
198
216
225
225
213
228
201
252
237
243
279
234
258
228
237
249
297
240
246
249
237
255
261
228
255
315
294
237
237
276
237
297
267
255
264
216
222
225
216
225
255
210
201
222
192
291
186
252
255
279
237
276
213
267
240
219
285
252
234
240
219
258
237
207
225
273
288
186
276
219
210
222
252
219
213
228
267
201
249
285
207
264
267
258
222
228
267
237
249
234
225
243
252
189
282
264
222
219
255
249
204
243
198
231
246
246
222
276
243
228
222
216
270
225
249
240
255
243
273
252
264
213
228
228
201
264
261
192
249
237
213
231
243
276
285
225
252
225
234
216
165
234
243
294
231
222
285
276
216
243
252
147
252
216
243
240
261
210
309
255
228
279
276
204
231
222
258
276
234
237
252
243
231
228
231
246
264
243
282
282
282
243
261
252
255
243
288
234
189
216
231
255
252
216
195
246
246
219
261
237
237
231
231
264
216
234
255
168
273
195
177
222
246
222
213
231
240
267
273
279
201
219
240
234
252
255
246
222
222
237
267
249
312
216
225
246
198
258
213
234
225
267
246
240
261
267
216
249
306
255
252
255
231
