267
207
240
258
255
270
207
270
225
177
186
231
249
231
243
225
267
183
207
240
255
249
258
276
249
204
285
240
225
228
258
231
261
255
240
189
207
255
276
243
240
210
255
264
255
237
294
210
264
228
231
255
267
210
270
261
234
243
222
240
270
267
246
255
231
234
261
276
231
210
273
306
288
249
228
207
222
219
267
252
228
243
240
267
198
261
261
291
198
255
264
258
234
222
228
234
255
246
243
198
240
264
255
231
204
216
258
273
270
204
234
246
216
198
222
207
261
225
252
240
231
246
255
237
243
327
273
213
222
279
225
240
246
201
255
222
225
231
240
228
249
252
210
261
213
246
219
303
255
219
258
264
267
213
249
216
273
213
264
252
222
228
234
258
243
252
249
249
222
270
201
225
261
213
234
252
222
264
285
201
219
234
240
186
234
264
198
294
180
261
222
222
201
255
291
237
231
246
273
252
207
255
231
225
216
219
183
204
249
243
246
273
240
285
225
273
243
237
249
243
204
264
279
207
252
258
234
237
288
228
291
237
273
213
261
255
279
288
201
231
225
261
234
204
237
237
255
273
243
210
234
270
222
213
279
249
240
270
231
219
264
228
246
204
237
264
258
228
237
219
228
282
291
243
264
216
255
225
261
234
228
231
270
246
267
225
225
231
258
255
303
234
219
258
204
225
228
258
258
207
