228
198
210
291
258
264
240
243
309
267
255
249
243
213
240
267
237
279
285
207
273
252
231
291
246
258
234
213
231
207
237
288
261
246
234
198
234
309
225
222
243
225
225
198
267
243
216
240
231
285
255
249
249
243
255
222
246
243
255
252
285
258
234
252
213
222
225
216
228
198
264
291
243
237
234
222
258
252
228
246
222
267
264
267
258
240
219
264
216
267
234
222
258
228
192
240
207
231
255
240
243
282
276
219
225
261
219
222
249
231
228
285
183
219
237
237
237
237
225
222
237
222
207
222
246
243
243
246
177
243
222
231
219
261
240
240
225
273
240
270
279
228
264
231
222
240
237
237
207
252
222
297
231
267
234
231
270
291
237
240
219
246
261
288
240
246
273
306
246
240
255
171
222
264
195
213
222
237
291
231
207
276
234
297
225
252
273
315
258
225
240
225
195
234
225
255
264
243
237
252
243
189
237
243
276
231
270
270
189
234
210
207
255
237
222
210
243
279
249
273
249
225
252
234
237
231
207
201
273
258
222
237
300
300
240
231
201
255
249
225
276
279
234
243
252
243
201
252
204
270
231
249
261
192
228
246
228
246
261
243
246
234
240
234
240
264
231
273
204
282
267
294
216
222
240
237
240
225
243
243
294
285
285
243
258
231
201
234
237
240
219
156
264
237
294
246
249
192
255
198
