531
498
438
471
552
486
525
555
429
396
528
474
534
456
501
537
438
456
459
423
516
459
462
486
447
435
456
459
468
504
468
480
504
366
456
447
483
471
528
474
429
486
507
471
510
432
519
537
435
507
435
528
405
549
528
453
513
471
483
447
504
459
483
573
459
522
450
471
462
546
486
450
465
426
456
489
414
486
462
522
483
519
468
426
399
441
450
444
594
480
414
456
552
477
459
468
480
504
540
513
468
507
489
441
465
471
432
552
471
423
519
540
483
405
516
492
537
519
492
486
495
501
492
426
504
468
477
513
498
492
549
456
504
492
474
468
462
450
465
477
471
453
429
456
513
522
438
504
495
516
474
402
438
501
567
495
483
489
426
504
465
555
513
426
483
483
516
513
393
459
429
459
489
510
483
441
486
426
459
531
468
498
408
474
441
471
471
507
465
489
516
462
471
438
648
465
507
495
447
537
495
444
504
465
456
489
489
402
480
531
441
432
492
456
513
468
507
480
486
489
411
498
465
486
456
564
426
450
450
447
483
534
450
489
450
591
429
453
474
495
444
456
531
456
483
468
447
489
477
483
513
495
573
516
453
441
486
510
426
504
543
489
558
573
465
495
438
483
450
483
456
441
513
483
459
468
504
432
438
432
504
510
522
474
489
528
429
486
438
483
465
486
501
498
522
543
408
420
543
471
