210
231
306
231
282
216
243
252
246
264
264
207
219
228
246
246
255
252
210
252
252
228
273
222
267
192
249
222
240
252
237
264
240
219
204
264
243
177
228
291
279
279
201
243
246
225
228
264
231
228
279
201
249
222
198
246
252
213
237
237
222
288
237
249
237
231
201
255
243
261
291
258
216
222
249
240
276
228
282
258
222
219
252
204
228
258
222
291
267
258
315
249
234
240
240
261
282
195
216
225
219
285
255
207
273
228
258
219
258
237
258
240
246
246
252
237
273
282
201
243
252
270
246
267
213
234
267
225
213
288
252
195
198
252
237
228
228
243
213
204
258
201
240
240
237
189
177
216
291
276
255
237
222
210
240
237
237
225
288
243
210
273
273
210
249
216
216
285
228
213
285
255
288
282
216
237
258
195
219
237
174
222
270
234
276
183
222
273
276
207
276
261
255
240
228
228
240
270
231
258
255
201
237
252
195
267
276
282
207
249
225
201
225
225
267
240
213
201
240
243
276
198
231
234
249
231
249
231
201
273
291
240
252
198
213
243
216
225
246
291
240
234
276
243
255
222
240
231
288
243
231
273
249
279
276
240
237
210
228
255
270
228
261
285
276
264
267
285
273
222
291
225
258
246
252
216
249
246
252
204
252
222
219
234
201
207
174
264
285
303
225
240
231
210
258
294
252
237
234
270
