291
216
237
264
255
264
258
285
225
207
234
195
213
267
231
228
261
267
237
225
213
222
267
240
246
258
270
240
234
189
312
213
216
198
216
231
261
231
249
225
255
243
219
246
228
282
252
252
243
213
273
222
219
267
216
273
237
234
225
231
204
294
216
234
213
270
273
258
234
261
216
273
243
279
273
264
192
207
255
243
198
279
219
228
219
225
219
270
237
243
258
300
234
207
198
240
255
210
240
249
270
258
249
297
177
198
270
264
198
261
243
246
207
240
258
228
201
180
237
258
219
234
213
270
243
210
231
264
216
231
246
267
255
204
234
174
297
201
252
243
204
318
249
276
243
270
210
300
216
216
189
219
246
231
243
270
264
201
273
249
216
219
213
207
228
228
246
201
207
243
237
228
249
237
186
276
237
255
183
228
297
225
237
234
201
255
252
252
225
231
234
195
189
246
213
231
249
249
246
255
216
213
228
270
267
213
240
282
243
177
225
237
219
234
285
276
255
240
249
216
213
264
189
240
273
291
270
240
255
210
249
270
246
180
231
207
264
225
273
258
252
258
171
249
261
219
246
297
249
261
255
204
210
276
267
234
216
240
312
249
210
258
201
273
288
249
225
231
261
204
240
276
237
222
219
234
267
285
240
201
240
255
234
243
207
228
228
252
216
240
255
201
201
219
219
222
237
243
234
234
