249
249
201
237
219
252
240
225
243
234
276
246
189
228
228
225
297
237
225
195
195
207
204
237
252
225
282
219
237
237
249
273
285
213
255
195
261
234
195
264
273
243
237
255
249
240
264
279
303
204
222
240
231
267
273
231
258
186
225
243
258
276
273
252
225
285
255
255
285
192
237
276
225
240
249
243
255
282
225
240
204
231
231
231
261
219
270
213
234
219
231
189
243
234
195
267
234
222
255
261
216
246
255
252
237
237
216
225
279
225
234
267
213
228
249
288
222
192
273
246
264
252
240
249
225
219
237
228
252
258
285
216
276
252
189
222
246
219
261
264
216
228
258
264
204
276
309
252
255
246
279
270
246
261
195
222
198
222
231
255
204
210
249
213
264
246
252
231
324
249
291
225
294
330
270
246
267
177
261
219
210
210
261
252
231
216
270
273
267
237
282
240
270
246
189
222
243
210
255
204
255
270
273
237
267
225
228
243
228
291
246
246
225
231
222
189
261
273
222
204
303
225
210
243
222
252
231
228
204
270
267
234
234
240
198
255
273
273
234
180
204
255
252
276
213
222
225
219
255
189
234
261
249
207
246
210
246
261
222
234
276
243
213
252
207
237
279
243
228
234
264
240
213
201
231
288
231
201
201
261
243
294
267
210
252
249
261
198
246
258
222
258
240
255
198
243
228
204
264
246
