243
207
231
255
231
213
240
252
195
198
258
231
255
222
237
231
240
219
207
252
249
204
228
204
255
252
228
168
255
219
219
240
267
255
270
249
249
201
231
240
222
201
279
240
294
288
204
240
225
219
216
213
276
291
255
255
213
246
216
279
246
261
249
240
219
258
207
243
216
297
210
252
228
261
252
246
267
228
258
231
270
273
231
216
255
294
249
282
210
282
264
219
219
204
249
237
285
240
228
279
231
279
264
219
252
234
255
204
252
285
234
249
243
234
216
207
243
264
282
252
303
252
294
264
246
261
219
255
240
240
222
225
210
267
228
273
219
231
231
228
246
213
261
234
246
234
243
258
237
243
207
288
213
201
234
297
213
237
186
273
267
291
264
261
213
261
228
180
207
252
264
237
225
282
246
276
261
216
177
300
228
225
243
219
252
201
273
225
252
261
219
285
246
231
279
225
225
264
294
210
288
228
282
246
219
231
258
270
240
210
207
252
264
273
240
309
261
273
237
237
225
228
216
243
222
219
255
234
243
249
273
189
282
189
273
237
231
264
198
255
231
240
249
252
240
249
228
210
243
237
291
276
171
276
231
246
228
243
246
225
234
246
243
273
165
231
228
237
243
255
234
276
228
234
249
255
255
246
261
252
252
252
246
219
210
249
264
231
240
243
213
237
252
243
261
270
234
270
249
186
