249
234
207
204
279
267
240
228
267
231
297
234
207
258
198
291
222
234
234
243
222
231
261
237
264
249
195
258
213
240
225
249
213
222
237
216
192
243
255
252
261
261
252
213
231
243
264
258
192
276
216
267
228
240
228
267
255
270
267
234
267
237
246
237
246
225
234
261
177
255
252
279
234
243
276
222
249
273
228
270
237
216
186
189
288
270
237
243
201
195
258
219
255
237
282
207
219
306
249
261
255
228
219
270
192
252
222
309
312
273
225
258
255
261
249
207
231
219
294
243
210
243
222
267
264
240
264
231
243
246
210
219
225
246
243
270
246
204
252
270
216
234
246
225
183
231
261
252
180
216
237
261
243
243
210
249
225
243
243
246
216
240
231
243
246
198
258
240
255
228
240
201
207
219
204
177
204
228
216
258
234
228
249
261
276
192
207
228
231
198
237
306
246
222
273
228
222
246
192
222
249
234
228
246
258
255
225
252
276
234
222
252
270
231
201
300
261
243
204
273
267
231
291
216
264
243
228
198
273
273
234
258
270
243
207
240
240
213
249
189
213
234
213
225
252
288
270
213
291
210
216
246
291
243
258
228
270
270
231
249
276
207
249
237
279
216
219
237
207
261
240
246
276
195
234
243
249
222
225
210
237
240
228
237
243
207
258
249
243
201
255
231
219
222
249
225
234
225
264
258
