213
249
216
237
225
240
201
279
228
225
234
210
270
288
231
222
228
210
276
285
252
279
213
249
243
240
231
213
243
267
255
225
186
204
270
249
210
165
252
267
243
228
198
216
240
246
198
225
225
213
231
225
201
228
219
264
231
255
243
255
270
216
249
240
252
198
216
294
228
198
219
276
267
225
228
216
288
219
222
231
264
294
228
252
228
234
243
198
261
228
288
249
210
279
234
255
228
279
177
279
303
243
210
225
246
243
240
300
234
222
225
231
279
246
255
231
288
198
222
249
213
261
216
195
243
246
201
231
237
282
198
261
192
264
264
303
234
237
240
288
219
222
234
246
255
231
273
258
204
243
249
255
222
255
282
207
270
189
240
192
276
258
243
219
246
258
219
276
282
237
237
240
240
222
267
243
183
234
219
219
231
276
222
243
219
231
225
189
225
228
225
234
201
207
213
249
228
213
276
243
261
210
267
231
273
234
255
213
237
225
279
282
222
219
246
234
207
243
237
255
261
276
222
282
204
264
219
225
249
249
237
255
255
234
255
213
231
261
201
240
231
228
213
228
249
264
255
216
243
216
189
246
234
252
252
228
243
246
195
213
228
255
219
204
282
264
231
201
249
234
285
249
267
234
171
315
273
228
231
225
225
204
222
213
267
273
210
240
204
207
246
225
237
246
231
249
258
252
294
282
