2748
2643
2613
2577
2526
2673
2556
2694
2715
2577
2655
2598
2523
2607
2619
2628
2598
2739
2616
2730
2643
2634
2625
2676
2577
2628
2673
2619
2643
2748
2721
2715
2778
2550
2616
2607
2667
2670
2505
2637
2529
2622
2526
2658
2589
2673
2715
2667
2757
2709
2622
2715
2670
2550
2712
2517
2721
2610
2565
2583
2523
2403
2547
2721
2751
2673
2520
2580
2640
2808
2496
2721
2505
2595
2787
2592
2634
2670
2709
2685
2625
2721
2640
2769
2619
2622
2583
2553
2727
2691
2556
2457
2487
2535
2709
2610
2682
2601
2628
2775
2622
2565
2736
2550
2541
2637
2661
2598
2544
2688
2643
2691
2616
2829
2658
2631
2547
2601
2649
2727
2535
2634
2655
2754
2514
2619
2595
2760
2523
2688
2601
2655
2538
2628
2703
2535
2619
2670
2907
2484
2652
2676
2424
2721
2541
2589
2718
2550
2727
2751
2478
2625
2511
2595
2628
2730
2496
2475
2658
2661
2646
2640
2553
2661
2649
2583
2574
2487
2613
2646
2667
2634
2742
2583
2802
2592
2679
2598
2757
2553
2745
2463
2748
2721
2550
2730
2685
2610
2547
2604
2460
2604
2790
2787
2715
2436
2784
2661
2688
2724
2712
2499
2601
2685
2652
2598
2646
2673
2448
2577
2787
2538
2658
2481
2541
2661
2598
2811
2715
2706
2466
2769
2685
2625
2658
2697
2670
2508
2838
2700
2517
2814
2718
2472
2577
2718
2604
2745
2520
2589
2697
2445
2508
2604
2568
2595
2583
2706
2445
2442
2496
2580
2856
2508
2592
2607
2583
2595
2796
2781
2688
2658
2670
2589
2568
2628
2694
2493
2649
2667
2718
2589
2721
2874
2604
2508
2652
2658
2646
2517
2424
2559
2715
2697
2760
2796
2481
2469
2847
2619
2715
2769
2511
2706
2634
2799
2625
2691
2850
2610
