495
477
495
492
528
450
486
483
468
477
459
444
597
495
441
462
492
453
438
462
543
432
396
429
462
483
435
525
468
465
495
543
420
471
513
477
483
465
510
486
426
447
489
558
432
519
492
495
480
426
477
471
399
465
489
525
474
462
432
516
501
462
507
555
525
507
435
408
393
438
510
465
540
498
477
471
510
513
507
498
480
495
453
513
567
480
537
417
459
465
450
444
555
585
465
465
465
453
459
429
432
486
522
444
504
471
510
513
405
474
432
483
471
429
444
435
480
447
474
426
504
567
477
477
510
444
495
441
459
531
366
570
501
513
549
447
468
444
531
501
405
468
525
513
504
480
450
471
519
531
495
456
510
513
501
417
447
498
486
534
462
483
411
423
519
423
552
480
432
474
459
486
468
438
438
504
432
501
501
459
507
540
477
468
447
474
552
456
471
435
438
483
441
507
483
495
408
483
420
465
519
456
462
483
405
525
432
543
414
507
396
510
549
465
519
408
402
471
519
483
489
510
477
531
453
528
435
417
477
540
519
531
378
471
438
537
549
546
492
477
537
438
435
498
474
480
489
474
435
513
504
474
468
453
447
471
474
447
447
423
474
531
492
516
483
525
444
489
546
513
435
507
477
411
519
483
486
528
492
495
501
498
465
513
462
534
516
519
531
495
495
552
489
552
498
492
444
522
471
492
