252
225
222
201
243
225
273
291
219
228
195
246
264
222
228
192
243
234
243
201
261
249
222
225
276
219
222
243
279
228
219
279
273
207
240
255
255
237
240
231
249
195
222
201
240
216
207
270
183
207
267
240
231
204
228
237
273
237
213
198
252
258
249
255
225
189
183
228
216
225
246
246
321
252
222
207
258
234
192
195
246
234
285
219
255
246
291
264
249
231
261
246
225
201
294
261
222
243
261
291
258
225
228
213
273
228
264
267
273
234
219
270
288
210
192
210
246
234
192
177
225
285
183
195
243
231
270
264
252
279
282
252
231
291
261
255
234
252
291
207
222
270
246
216
216
228
285
276
261
273
198
228
243
189
246
207
210
237
204
213
198
204
222
225
255
219
210
210
207
222
243
249
240
207
285
204
213
273
243
234
267
189
240
222
246
234
288
252
252
249
207
243
219
285
165
204
222
276
279
249
300
222
240
231
195
282
252
294
204
249
276
294
225
210
237
228
282
228
234
231
270
201
216
210
243
297
204
252
183
249
240
252
267
201
246
231
201
198
264
216
249
252
279
255
249
249
246
234
252
243
243
249
258
219
264
267
219
306
237
240
216
234
228
270
258
264
252
252
246
228
216
240
222
243
207
246
225
228
255
261
204
225
243
237
219
243
237
222
204
222
195
243
264
183
216
264
267
267
213
213
