213
276
234
225
285
243
252
237
246
258
228
180
255
255
255
240
231
225
234
252
225
264
189
231
237
282
252
258
258
213
246
231
198
204
210
279
237
297
219
255
216
276
252
240
255
216
261
270
258
261
276
291
231
279
267
240
213
207
234
237
231
234
237
198
213
237
219
270
234
228
228
192
237
261
231
246
225
261
279
213
279
285
261
234
249
294
219
186
228
264
216
240
261
240
240
276
231
246
282
165
204
213
216
234
228
216
219
243
261
261
246
240
204
240
195
273
264
216
222
243
261
237
201
237
279
228
252
288
231
249
270
249
231
261
192
219
264
258
240
291
255
216
204
270
240
264
216
291
195
213
231
285
246
339
285
234
276
207
222
261
225
204
252
231
228
216
234
246
225
219
267
297
267
219
243
237
234
261
258
243
186
228
222
213
204
246
246
267
207
255
234
213
270
210
231
282
243
240
198
258
306
198
246
273
255
216
237
234
249
213
300
297
240
183
237
228
252
207
270
228
237
303
246
261
234
264
240
234
249
249
231
228
225
252
219
246
246
210
201
246
273
273
198
270
228
255
213
258
249
234
195
207
219
282
228
186
264
243
219
237
285
198
240
243
225
225
225
249
258
243
255
207
255
216
228
246
210
216
204
240
201
195
234
219
246
279
273
249
294
225
249
273
252
255
243
222
219
276
219
282
