2730
2616
2661
2727
2685
2709
2691
2568
2718
2580
2511
2466
2673
2712
2628
2799
2604
2685
2853
2508
2730
2583
2526
2601
2646
2688
2523
2715
2649
2619
2739
2712
2910
2808
2616
2592
2691
2574
2622
2625
2733
2664
2448
2685
2631
2607
2655
2514
2814
2649
2715
2658
2520
2523
2673
2568
2556
2760
2568
2628
2649
2709
2442
2670
2748
2748
2529
2700
2703
2676
2661
2664
2436
2538
2613
2598
2622
2676
2616
2745
2598
2745
2628
2703
2730
2799
2499
2631
2532
2520
2727
2673
2736
2532
2715
2631
2286
2739
2571
2619
2538
2673
2526
2745
2880
2625
2691
2544
2610
2565
2631
2598
2550
2622
2658
2628
2721
2574
2682
2721
2610
2757
2718
2556
2757
2859
2577
2763
2757
2667
2637
2370
2607
2622
2613
2676
2568
2688
2598
2721
2637
2628
2706
2499
2529
2583
2715
2730
2715
2544
2658
2643
2787
2592
2649
2637
2706
2733
2649
2631
2613
2760
2529
2709
2697
2688
2736
2685
2499
2622
2553
2493
2787
2766
2676
2661
2637
2643
2700
2532
2691
2634
2676
2691
2634
2673
2583
2730
2649
2586
2724
2808
2541
2829
2619
2715
2538
2853
2580
2742
2571
2727
2637
2592
2553
2697
2571
2610
2529
2805
2565
2604
2541
2652
2601
2607
2658
2679
2610
2670
2553
2703
2550
2727
2679
2691
2769
2754
2565
2790
2625
2676
2496
2604
2607
2607
2610
2811
2544
2781
2541
2637
2697
2631
2763
2646
2634
2607
2625
2733
2676
2709
2712
2658
2643
2715
2757
2760
2589
2667
2550
2433
2766
2460
2415
2682
2589
2436
2511
2703
2676
2703
2622
2733
2661
2466
2640
2556
2652
2751
2619
2559
2721
2490
2511
2637
2496
2634
2673
2646
2778
2577
2634
2613
2619
2523
2562
2643
2622
2814
