2679
2658
2643
2598
2481
2640
2586
2772
2766
2586
2532
2661
2601
2601
2748
2622
2667
2553
2649
2595
2556
2595
2646
2670
2628
2703
2679
2583
2628
2562
2538
2697
2493
2589
2685
2619
2592
2571
2601
2448
2616
2604
2571
2730
2754
2523
2760
2640
2523
2694
2589
2664
2811
2742
2658
2673
2658
2550
2529
2667
2526
2649
2673
2709
2748
2655
2796
2574
2595
2544
2454
2556
2703
2601
2628
2676
2616
2592
2568
2664
2616
2700
2505
2661
2826
2541
2604
2763
2535
2580
2676
2694
2562
2679
2595
2751
2706
2643
2436
2676
2793
2649
2505
2652
2733
2541
2604
2769
2685
2670
2667
2715
2463
2685
2559
2583
2592
2607
2709
2733
2556
2694
2676
2511
2628
2565
2466
2370
2826
2640
2511
2628
2688
2619
2580
2622
2541
2571
2724
2673
2679
2595
2778
2682
2514
2604
2760
2487
2697
2553
2688
2535
2655
2517
2622
2526
2697
2712
2679
2706
2646
2688
2769
2541
2721
2895
2661
2664
2565
2664
2652
2643
2577
2661
2673
2802
2670
2580
2631
2493
2559
2514
2526
2712
2745
2778
2634
2772
2586
2742
2721
2652
2547
2622
2694
2583
2451
2697
2775
2556
2706
2610
2622
2748
2685
2616
2535
2763
2610
2613
2619
2610
2697
2742
2631
2730
2772
2841
2466
2718
2766
2625
2661
2481
2472
2559
2616
2493
2715
2649
2721
2598
2589
2598
2649
2592
2664
2748
2616
2595
2604
2499
2595
2562
2736
2811
2706
2658
2520
2712
2628
2697
2646
2784
2688
2691
2532
2592
2505
2835
2712
2658
2637
2703
2691
2649
2607
2553
2571
2619
2637
2643
2679
2742
2553
2583
2772
2604
2547
2589
2547
2766
2724
2601
2706
2616
2445
2712
2535
2571
2424
2712
2625
2706
2637
2655
2655
2652
2613
2436
