2841
2778
2559
2781
2760
2805
2574
2697
2586
2547
2649
2679
2664
2580
2541
2709
2514
2505
2769
2706
2409
2715
2613
2640
2664
2508
2502
2553
2643
2673
2523
2649
2742
2679
2706
2670
2646
2688
2547
2430
2553
2574
2619
2769
2583
2613
2667
2619
2619
2634
2652
2508
2730
2664
2766
2670
2661
2823
2595
2568
2598
2589
2550
2574
2625
2550
2703
2616
2715
2532
2544
2442
2679
2571
2664
2622
2490
2673
2694
2598
2739
2616
2637
2910
2766
2697
2559
2826
2589
2562
2745
2631
2817
2553
2613
2577
2721
2676
2709
2583
2628
2643
2754
2685
2646
2658
2673
2724
2691
2487
2715
2628
2595
2535
2586
2694
2538
2748
2694
2868
2676
2583
2607
2709
2631
2844
2721
2727
2700
2805
2592
2817
2469
2556
2691
2661
2631
2649
2601
2541
2703
2553
2655
2679
2532
2622
2586
2658
2700
2610
2751
2571
2457
2577
2730
2532
2760
2661
2670
2583
2655
2598
2448
2562
2667
2634
2721
2580
2616
2691
2595
2730
2490
2637
2700
2727
2571
2454
2496
2550
2745
2655
2646
2562
2550
2595
2655
2727
2739
2619
2427
2685
2619
2583
2742
2769
2589
2589
2526
2718
2616
2619
2589
2787
2568
2574
2523
2631
2649
2682
2643
2733
2577
2748
2547
2508
2712
2613
2688
2619
2790
2604
2610
2721
2781
2559
2640
2664
2610
2736
2646
2655
2580
2652
2547
2487
2628
2703
2646
2499
2592
2664
2607
2787
2721
2556
2694
2736
2703
2604
2628
2781
2676
2559
2514
2865
2418
2655
2766
2544
2535
2475
2538
2559
2622
2685
2577
2478
2523
2547
2625
2544
2712
2607
2580
2664
2571
2583
2574
2646
2508
2676
2703
2715
2667
2649
2604
2640
2577
2808
2628
2676
2709
2682
2649
2523
2823
2556
2541
2742
