228
240
297
294
276
252
210
243
210
252
276
189
222
192
240
237
231
249
177
225
243
237
309
207
204
243
207
222
267
231
246
300
264
231
270
231
228
213
216
246
219
195
231
249
270
261
279
240
255
261
273
267
237
216
252
261
246
246
228
228
243
267
270
285
216
234
246
231
174
267
240
237
252
225
249
273
210
213
255
204
252
279
228
213
222
273
216
249
225
264
222
228
168
240
234
186
273
267
231
252
273
255
264
285
228
270
273
249
249
219
240
243
192
246
216
225
216
177
222
249
216
282
201
234
243
228
282
225
237
252
228
246
267
237
300
183
249
258
222
276
240
246
285
216
201
225
270
228
282
279
216
273
261
219
219
201
207
264
222
276
216
228
213
195
252
297
312
243
255
255
186
234
261
255
234
180
240
216
294
246
213
246
231
243
210
234
285
237
234
246
231
213
225
234
213
252
261
189
261
240
246
234
300
219
240
222
237
252
174
264
243
225
240
267
234
225
216
288
225
243
264
258
207
249
252
219
255
225
252
303
333
213
294
183
270
279
282
273
201
249
291
210
204
252
210
258
273
216
264
261
237
225
273
210
279
261
273
207
228
252
255
288
222
255
192
225
255
225
201
267
222
264
303
228
240
237
222
258
207
288
213
279
246
261
294
213
213
222
243
225
189
279
270
246
225
261
261
240
255
213
