249
207
267
270
258
258
285
183
255
261
231
216
243
261
240
285
228
261
243
228
276
273
243
234
300
240
246
297
258
222
243
267
201
246
255
273
222
297
276
249
261
246
213
243
207
204
171
252
237
249
303
234
249
207
240
216
291
207
255
276
258
249
225
171
255
216
276
249
276
210
237
255
219
267
249
207
279
258
243
258
201
240
276
249
204
219
195
183
186
276
228
282
279
225
261
261
276
246
252
285
228
198
267
237
219
222
261
228
267
243
216
276
252
258
252
228
222
249
297
255
258
273
222
252
174
228
240
228
294
258
312
234
288
255
285
237
228
204
195
222
210
258
252
228
285
201
222
204
255
264
249
243
231
225
270
225
216
324
261
219
273
264
204
201
195
264
246
267
243
240
270
270
183
252
261
240
279
315
204
243
255
285
279
216
267
252
273
201
270
231
261
237
264
264
291
240
237
276
270
237
255
279
258
282
213
195
213
255
210
255
249
249
210
249
282
222
300
225
234
213
225
270
279
207
267
231
264
210
237
207
249
258
219
216
276
225
255
258
234
249
210
258
246
243
246
231
234
234
267
231
270
258
204
204
219
237
240
258
183
231
273
258
231
234
258
234
255
219
249
246
228
246
243
255
231
222
225
237
243
273
246
228
264
219
246
225
297
252
249
228
291
207
231
231
228
246
285
189
261
216
