258
273
243
231
234
264
210
192
237
222
225
240
237
288
240
282
258
225
228
258
213
207
258
237
228
315
225
222
255
258
273
258
237
267
243
240
264
279
243
249
240
237
243
267
252
258
267
216
249
234
240
222
243
210
234
216
243
258
249
264
237
228
270
270
267
237
222
234
303
243
264
249
264
252
231
216
258
267
243
279
261
246
198
222
219
210
234
174
261
213
231
279
249
228
213
309
192
255
246
204
282
279
198
237
249
252
279
240
291
222
216
213
249
240
234
249
267
228
288
201
216
216
222
231
204
279
276
240
303
240
231
231
276
243
225
222
270
225
261
234
285
222
216
219
225
195
216
246
237
216
213
261
228
255
264
264
237
228
243
222
297
249
243
222
246
261
246
252
237
255
261
201
270
249
243
243
174
198
237
183
234
216
246
234
249
234
225
228
261
213
243
246
228
216
285
261
228
192
171
222
255
228
219
255
276
240
282
213
246
213
267
276
231
243
243
228
252
252
255
249
246
207
231
225
225
261
228
261
201
285
228
261
279
222
252
249
267
240
228
252
210
231
189
228
231
273
246
225
252
243
207
204
222
270
240
222
237
207
264
264
231
282
201
216
243
174
207
219
285
213
255
219
216
243
252
246
267
243
264
243
258
273
183
222
198
198
255
303
243
234
213
207
279
273
222
306
243
255
201
288
