243
234
234
252
273
195
252
258
231
264
237
246
276
249
243
333
240
291
273
291
246
243
273
306
231
294
243
252
234
279
285
219
222
237
237
252
276
294
255
303
234
264
258
267
270
225
222
252
252
225
270
258
273
222
222
231
192
267
258
207
228
300
219
213
288
285
240
234
216
243
210
261
279
276
267
261
237
267
231
240
261
279
237
300
270
213
309
246
204
288
306
222
288
180
183
198
228
207
153
213
183
252
261
231
219
204
222
240
267
237
204
228
213
246
216
255
171
231
243
222
249
240
204
231
282
285
252
219
255
231
243
228
231
291
249
255
216
219
267
294
264
246
282
249
231
237
252
213
258
249
216
270
240
273
240
276
240
240
273
234
282
246
189
249
264
180
261
204
249
246
261
264
243
216
240
234
228
252
219
213
264
240
246
216
225
249
228
186
207
204
261
243
252
249
261
258
261
240
204
270
306
231
264
309
255
270
279
249
243
216
243
228
198
264
249
150
225
240
216
234
249
267
237
228
240
225
252
222
237
282
240
219
264
276
246
246
225
270
258
234
240
231
267
246
270
270
303
240
252
243
273
240
255
231
198
183
270
282
276
258
198
243
270
249
207
285
252
267
231
243
285
204
225
234
246
249
210
309
201
207
216
219
249
258
270
234
222
264
294
198
234
225
219
243
246
216
234
234
249
246
