252
228
243
237
183
222
255
222
267
243
216
243
264
240
237
195
222
249
249
222
201
285
231
216
255
264
261
243
264
303
249
204
237
228
234
222
231
183
288
279
246
282
246
216
213
258
240
219
228
237
261
279
225
213
216
228
213
234
225
252
210
213
231
252
270
234
249
204
246
207
231
252
213
198
267
243
237
264
219
258
219
240
237
201
291
258
240
210
264
252
276
243
219
216
216
162
222
237
186
207
171
219
264
222
282
213
222
246
234
192
258
201
249
201
225
273
249
249
225
198
207
252
216
300
249
234
237
270
225
231
234
222
234
261
198
258
213
306
216
189
243
225
213
252
318
222
240
189
249
219
285
276
273
273
303
279
252
273
225
216
246
210
258
282
219
249
267
234
294
222
219
207
291
222
246
207
237
231
201
210
288
279
192
201
228
210
216
234
273
210
240
216
264
270
216
240
231
255
180
249
267
231
201
201
303
276
234
252
171
255
246
207
270
228
273
270
273
222
222
222
240
282
264
243
270
270
279
228
228
231
240
246
204
264
249
267
261
237
249
225
243
267
222
243
219
270
288
249
177
267
222
276
234
213
243
231
201
255
237
258
207
225
228
225
240
249
288
252
234
219
219
234
273
234
246
204
237
222
216
249
225
252
255
198
288
258
258
234
213
243
201
261
270
228
252
273
252
216
249
240
