210
207
201
267
261
249
282
213
300
249
243
222
189
264
234
198
261
261
225
252
243
237
264
252
237
252
192
228
213
255
264
210
222
240
258
255
288
252
231
243
249
225
249
294
228
312
219
216
237
213
243
273
219
216
249
243
288
246
255
189
270
270
219
225
279
264
201
252
252
201
270
264
180
273
246
246
237
282
225
291
225
324
240
225
222
273
213
249
237
222
243
240
252
273
228
228
270
219
216
249
204
264
246
231
219
228
204
237
243
228
246
222
282
228
291
246
246
234
237
249
288
237
270
267
258
222
246
243
219
246
255
189
234
234
234
237
219
219
216
243
240
234
216
258
186
267
198
228
264
291
240
249
234
243
228
240
234
201
273
270
210
225
261
231
291
219
258
189
246
231
252
279
228
267
219
243
237
228
237
261
219
243
231
240
219
249
240
210
243
261
213
267
219
243
258
237
231
234
240
255
237
234
249
222
294
180
237
222
234
255
279
231
264
186
282
237
282
219
291
237
267
216
255
246
237
222
207
201
258
222
195
273
291
222
189
252
198
246
225
225
216
216
273
255
252
255
204
228
261
279
210
222
312
291
240
204
228
252
267
195
216
216
255
336
315
249
192
231
261
210
162
228
216
243
246
267
213
228
246
258
258
264
213
249
237
237
204
234
246
243
294
291
243
270
237
219
267
195
210
249
