216
282
267
252
225
273
210
228
264
234
228
207
255
285
258
261
237
249
216
252
222
240
222
228
294
309
240
237
243
216
231
225
255
300
249
222
228
204
195
231
216
246
222
189
261
213
300
225
219
243
243
240
225
258
228
213
273
255
213
216
210
237
249
252
228
204
258
222
186
264
219
210
240
213
246
276
255
222
195
222
228
228
240
222
255
159
264
243
222
249
210
213
240
267
177
252
246
234
264
246
204
243
255
201
213
282
255
288
222
228
213
297
249
228
231
252
291
246
264
249
300
255
231
246
231
243
282
198
294
240
285
219
261
210
264
249
228
270
282
207
261
261
189
261
279
246
261
246
258
237
219
252
219
210
219
291
195
246
261
231
222
216
270
282
198
267
273
273
210
264
276
282
225
255
270
255
264
213
249
276
237
207
204
216
288
249
294
219
222
210
276
219
216
225
267
276
216
210
252
246
264
312
243
246
252
243
234
267
240
267
240
213
258
231
216
195
225
201
252
201
213
222
255
309
249
234
219
207
246
234
231
264
183
207
216
294
207
207
264
252
225
222
213
231
222
252
234
204
249
246
252
291
225
237
273
291
237
282
231
294
198
228
240
204
210
249
219
222
237
225
222
216
228
267
255
249
225
285
231
255
264
225
276
216
243
216
270
294
246
246
297
237
252
273
225
246
210
207
237
222
