249
204
240
207
258
231
294
222
225
243
189
261
273
204
228
315
249
282
261
243
231
267
207
177
252
204
258
258
267
222
261
249
177
222
282
249
243
255
222
243
216
237
267
198
186
198
231
243
243
261
264
273
267
198
297
231
273
246
246
219
255
219
264
213
201
297
240
225
195
258
192
261
225
234
228
231
258
228
231
234
258
261
273
237
255
255
216
234
216
246
258
243
261
243
261
204
189
279
267
297
243
270
240
225
204
228
255
282
201
276
204
234
240
252
267
258
240
204
243
228
222
213
273
222
216
243
204
264
234
216
288
261
225
204
195
255
240
261
252
243
270
267
270
213
246
240
216
252
222
240
258
198
219
267
243
270
225
210
195
246
276
228
264
234
246
246
201
219
210
261
249
258
225
198
219
225
249
234
282
282
276
213
249
237
231
240
252
231
234
258
282
210
243
240
237
219
297
165
237
195
204
234
249
225
264
231
288
261
300
195
183
234
219
219
210
201
264
264
198
231
267
276
219
210
210
285
255
279
228
273
267
237
240
279
207
237
267
240
258
246
210
243
225
255
210
198
246
231
210
213
249
228
252
234
222
198
228
231
219
255
222
249
231
171
255
258
234
249
201
252
291
237
255
219
228
183
219
246
240
258
252
255
258
222
222
222
249
240
234
267
237
294
210
240
291
225
270
246
228
237
