279
162
264
189
237
237
252
267
237
240
267
273
240
291
234
192
270
186
183
228
216
252
243
252
204
237
273
234
273
201
210
204
273
234
252
234
237
273
207
252
276
222
234
213
243
234
237
207
255
240
264
267
234
255
240
216
252
231
213
261
228
291
264
189
267
240
237
189
273
291
204
258
228
204
192
240
249
228
249
267
219
240
195
222
210
231
195
186
204
282
249
207
276
231
183
255
261
243
264
237
288
294
264
228
246
255
261
255
243
213
243
252
222
240
231
258
198
213
195
252
213
252
261
219
195
237
222
234
201
228
216
219
228
255
246
222
267
246
267
192
252
252
240
264
198
225
258
204
249
261
234
273
204
243
240
231
258
204
243
264
276
222
273
237
252
255
282
282
228
288
258
228
267
225
255
240
234
213
282
213
234
264
210
285
270
198
267
231
249
276
225
255
222
195
237
219
216
279
258
219
288
219
183
258
243
249
273
216
192
231
162
252
231
243
255
240
228
255
228
255
246
234
243
210
243
297
222
243
273
240
249
240
237
240
240
276
237
297
252
246
219
243
246
231
225
189
207
231
258
192
255
195
261
252
240
261
234
270
246
279
288
279
192
282
258
231
204
228
237
219
273
171
195
225
216
252
222
252
267
282
198
216
285
276
201
273
201
222
231
237
249
201
249
234
249
198
249
195
201
222
