237
234
276
237
300
204
258
192
261
252
273
249
249
234
279
216
222
255
234
255
228
225
273
228
204
267
249
216
252
210
243
213
261
222
243
213
234
231
225
210
204
192
243
237
264
210
270
216
258
264
246
261
216
222
252
234
240
219
249
243
237
198
231
225
225
246
252
240
258
261
249
207
237
264
210
213
270
216
252
246
213
234
246
240
213
258
228
294
228
249
261
228
246
234
225
243
222
279
267
222
261
231
156
228
210
258
231
267
252
249
240
243
246
201
276
204
207
192
258
231
246
228
276
228
216
228
273
297
204
210
216
216
225
270
279
255
210
240
225
237
291
252
255
261
261
237
207
219
207
216
222
213
234
306
285
246
231
270
297
255
195
246
210
207
225
246
261
219
240
258
303
294
246
231
258
267
216
219
252
261
216
225
294
264
210
252
216
243
243
195
228
246
210
240
228
222
255
294
276
234
237
228
243
297
222
195
255
240
234
222
315
255
213
219
267
201
261
270
264
264
258
195
249
267
255
204
246
264
207
228
219
207
207
246
225
243
252
201
243
222
228
201
267
237
222
234
216
204
273
267
201
213
267
222
213
234
237
201
240
240
243
210
216
225
210
255
189
261
255
228
219
207
228
273
261
273
231
231
243
237
246
234
246
243
255
237
228
189
252
213
231
210
195
198
252
252
213
216
240
252
