234
258
198
228
192
267
276
240
276
231
252
282
291
276
183
273
252
234
237
255
237
279
282
243
207
240
231
249
216
198
243
204
222
225
216
237
234
255
240
258
228
264
291
231
237
240
225
258
216
270
231
243
237
216
225
240
264
201
240
252
195
252
195
219
207
255
210
189
252
300
174
204
246
222
258
234
237
240
258
297
246
216
243
213
222
261
204
207
210
216
264
249
225
252
273
210
210
219
237
240
228
246
222
234
258
285
243
219
258
189
273
234
219
219
249
228
225
231
255
288
207
213
249
252
264
267
225
276
225
213
258
279
237
309
228
240
243
216
228
222
240
255
234
243
219
222
225
243
240
225
252
222
204
204
213
243
246
231
234
219
273
255
195
285
234
261
204
255
231
255
252
249
213
249
222
225
252
207
234
240
273
225
192
234
246
270
267
237
207
225
249
267
243
255
219
285
252
234
276
267
237
249
273
228
219
246
213
216
270
198
219
288
228
255
255
237
207
243
234
285
216
279
228
234
222
258
240
237
252
258
279
240
237
237
252
192
222
285
246
231
255
255
237
222
273
195
228
210
261
246
258
228
246
264
225
246
204
225
243
288
228
213
192
231
225
225
219
261
261
255
243
249
213
219
243
237
261
225
327
261
201
261
285
216
240
213
255
222
234
264
216
192
255
258
234
192
192
222
231
228
