234
276
210
231
240
198
192
264
225
198
243
312
213
216
216
246
222
270
261
228
228
240
195
243
225
186
264
240
231
222
285
234
231
225
213
231
234
234
279
228
237
237
249
204
261
204
222
198
240
225
225
225
261
261
264
216
276
258
237
264
243
213
243
234
252
273
231
213
249
243
279
234
243
222
216
258
210
216
216
213
222
282
231
285
225
252
225
255
219
234
207
231
246
192
231
207
168
285
189
216
204
198
207
210
267
234
225
261
192
279
240
210
225
252
258
201
207
201
243
249
264
231
255
270
267
258
261
258
183
222
237
213
261
240
255
237
240
276
231
231
192
159
234
255
252
309
231
225
219
279
270
195
246
243
201
246
276
228
270
207
249
270
180
240
228
228
189
192
240
243
189
210
228
249
258
255
228
198
222
273
258
225
231
216
255
276
243
234
261
279
261
231
216
222
237
198
213
282
225
246
255
240
252
189
267
222
237
258
240
258
234
234
267
237
270
231
210
240
234
216
219
285
222
258
234
270
225
234
237
201
264
264
285
255
219
204
264
237
291
231
249
264
231
222
234
201
279
237
288
246
198
240
213
291
216
267
258
222
276
231
225
222
255
243
279
231
195
228
246
207
264
252
237
243
225
219
201
213
207
252
255
264
231
225
267
261
255
228
228
225
225
225
255
231
219
201
222
312
252
264
