207
216
219
234
261
267
195
243
246
222
228
267
222
231
237
270
273
264
294
228
234
267
231
267
201
219
231
213
270
234
234
270
267
240
264
261
210
201
237
237
234
273
240
279
243
252
228
234
216
222
234
258
243
249
243
261
231
228
255
183
270
219
207
228
162
255
249
237
174
231
234
177
243
249
183
255
243
285
249
219
255
279
285
246
285
261
282
231
213
249
252
288
267
264
210
225
192
285
231
249
225
267
243
243
255
225
225
213
228
222
216
249
234
258
267
237
231
228
219
198
240
213
207
270
261
213
204
210
237
243
228
237
180
261
192
210
264
264
255
249
228
291
219
237
213
246
267
261
246
255
243
219
261
195
243
210
225
216
216
249
231
237
234
240
201
213
192
228
201
207
210
246
186
243
225
231
261
225
261
243
231
237
240
237
243
213
201
282
237
267
213
243
234
210
252
261
249
147
279
249
231
285
243
246
216
237
228
222
222
285
249
198
225
198
234
279
246
261
255
267
231
258
246
267
276
261
213
234
243
168
246
222
276
267
213
264
210
216
276
276
252
273
276
228
273
225
204
195
234
261
255
222
246
192
219
237
258
240
258
261
210
270
231
171
174
207
207
276
237
228
195
252
213
249
264
303
267
270
225
243
246
276
228
228
279
207
252
258
255
240
216
213
306
243
267
240
267
273
264
246
