195
243
243
240
201
243
237
216
294
237
273
186
243
192
264
243
222
243
240
225
231
213
219
324
246
252
201
213
261
228
243
240
267
234
204
219
219
285
300
219
246
213
258
267
255
234
255
273
264
243
276
285
216
237
228
204
255
261
240
183
282
255
219
264
228
240
219
234
225
264
237
258
240
207
261
240
243
288
261
243
213
234
216
231
270
273
255
237
270
204
219
252
240
240
216
225
243
234
204
255
240
237
186
267
252
276
225
267
261
222
243
204
210
270
231
249
216
222
237
225
225
198
261
246
150
222
249
285
228
234
240
306
285
210
207
234
279
267
246
234
234
228
216
267
252
264
261
198
213
213
243
252
225
243
219
228
273
213
219
264
291
231
246
222
258
258
282
255
243
222
258
246
267
249
234
276
231
216
246
246
201
303
207
261
249
207
222
210
249
279
240
237
207
234
210
276
225
240
234
225
216
252
222
192
288
228
258
252
264
228
249
282
234
246
198
279
258
213
231
222
255
249
240
285
240
189
255
261
243
333
270
243
222
234
276
243
249
249
249
222
249
192
279
195
249
258
225
249
246
273
249
261
231
246
288
210
168
237
216
252
291
291
267
270
231
255
249
243
249
303
246
219
258
300
267
270
195
258
249
222
231
303
270
246
243
240
231
237
252
243
216
225
264
288
219
255
264
273
228
261
