459
525
507
459
525
513
504
435
546
438
420
468
438
426
456
447
435
474
504
447
477
480
429
402
474
453
435
486
438
498
435
462
429
483
498
564
432
492
432
489
507
528
486
513
453
471
519
441
468
477
492
453
447
492
483
486
402
477
429
525
507
420
447
441
468
552
474
480
396
456
471
438
486
468
513
420
450
483
519
438
489
447
489
540
525
501
516
474
486
471
480
450
483
456
432
492
465
528
456
426
522
507
510
510
477
468
441
486
444
480
453
474
444
432
474
465
399
468
456
471
492
447
480
507
420
510
435
522
501
474
480
471
552
507
462
432
486
495
459
450
522
465
477
513
492
393
519
462
468
537
513
447
510
453
456
567
519
465
468
474
507
459
498
450
492
474
486
459
525
453
480
513
492
450
516
480
492
456
444
462
474
498
495
462
471
459
498
471
525
459
516
486
468
489
543
552
420
513
447
483
468
438
471
417
543
528
456
486
513
441
450
444
462
498
498
480
489
459
438
480
507
477
435
459
507
501
447
540
453
504
510
519
492
411
522
366
486
405
489
504
543
492
486
516
516
486
564
504
483
501
483
450
471
558
483
462
474
501
483
564
444
483
474
567
516
489
471
495
456
456
441
516
528
480
510
540
492
429
480
483
456
492
492
480
495
489
510
447
474
447
483
504
534
528
465
429
459
477
489
378
