246
288
255
201
264
219
249
285
273
222
246
255
210
246
237
216
210
216
213
228
282
249
252
261
225
255
240
249
288
192
207
258
204
270
276
219
186
270
297
219
237
231
246
201
240
258
255
231
228
225
207
297
261
360
210
282
267
225
213
243
243
222
216
255
237
192
216
228
210
246
258
228
234
261
210
234
252
222
231
243
198
264
258
258
258
207
225
231
276
276
273
252
249
186
246
228
171
300
219
195
264
231
216
279
240
219
237
201
240
240
276
273
261
228
258
198
261
213
243
270
222
213
255
267
252
231
240
192
222
243
264
237
216
267
216
195
252
237
222
243
258
285
243
201
240
255
249
264
252
150
228
207
255
234
234
216
255
201
282
243
279
198
276
225
264
234
234
216
177
240
198
240
243
219
249
237
207
207
204
234
213
225
234
225
252
219
252
225
189
189
258
234
261
246
219
225
240
237
246
276
243
252
243
204
234
267
309
222
234
255
270
270
180
234
198
264
228
234
189
255
222
249
258
258
246
225
276
204
258
243
228
222
219
240
204
192
168
207
210
249
240
219
282
246
195
276
225
243
243
222
216
252
255
168
231
213
204
243
222
231
192
246
231
270
222
270
183
222
210
276
234
279
237
282
204
213
222
207
258
204
270
240
267
231
219
222
279
246
228
246
255
231
282
255
252
261
264
237
207
264
