195
249
270
243
237
243
261
213
231
255
234
207
201
228
240
249
219
258
231
264
267
288
228
255
231
273
267
219
216
201
258
255
264
261
213
288
279
186
264
240
297
243
267
270
252
231
240
264
237
240
234
258
228
198
270
216
237
279
201
204
225
228
231
243
216
186
234
213
222
237
276
219
249
258
276
243
267
267
198
228
261
234
297
276
267
225
228
219
264
234
267
255
231
222
291
201
282
318
264
240
237
198
261
243
255
264
204
234
261
240
222
246
231
216
270
225
228
231
240
243
222
186
261
216
276
210
222
207
243
234
216
291
282
246
219
261
252
213
243
234
222
270
273
216
243
237
195
261
222
231
231
219
249
240
198
276
192
204
249
222
249
234
222
243
264
261
261
246
246
237
210
243
282
249
261
204
210
201
264
237
219
225
204
249
249
273
240
243
246
213
195
210
231
252
240
222
213
216
228
252
261
219
252
249
231
246
279
237
255
273
246
231
273
228
252
267
279
249
234
270
270
222
201
279
276
273
276
267
216
291
201
225
258
207
255
249
219
210
210
240
234
219
219
192
237
261
213
255
240
267
264
216
213
261
276
204
261
243
222
243
210
198
243
240
240
246
222
240
231
210
192
234
249
249
237
249
231
222
276
273
234
171
243
219
237
246
192
204
201
213
264
237
240
222
252
246
246
252
237
243
