252
204
249
243
273
219
270
213
264
192
285
213
198
300
267
252
234
222
252
258
207
267
261
195
273
204
264
267
270
267
276
237
228
207
225
252
183
237
252
279
315
204
258
210
264
249
249
258
240
240
258
225
213
237
294
261
237
282
285
258
270
213
279
246
294
312
192
228
258
231
231
258
207
249
249
240
216
252
234
243
303
234
234
282
282
216
258
234
231
222
246
261
228
267
225
186
237
228
222
228
267
228
261
198
249
222
246
276
267
246
228
231
267
264
228
222
222
186
213
198
219
213
183
243
198
270
210
285
276
228
279
270
252
204
270
243
258
264
231
249
225
237
270
261
267
201
252
273
225
228
204
246
249
276
231
234
201
249
240
252
261
270
201
222
222
210
207
186
279
252
198
279
237
225
231
234
192
276
294
267
243
204
180
276
240
282
207
240
231
267
231
240
246
273
210
288
243
243
234
264
234
273
264
264
192
255
240
246
231
267
228
252
246
210
195
249
249
249
207
261
207
237
234
243
264
249
216
255
243
270
279
216
237
234
219
240
201
255
237
243
243
216
246
225
267
237
228
213
213
249
282
264
216
207
192
270
213
210
231
213
273
222
228
219
285
243
249
177
258
219
192
225
198
264
207
234
270
210
207
222
174
219
222
255
204
219
300
228
270
198
228
225
243
270
240
228
237
309
261
174
