237
255
288
240
291
243
258
222
180
264
246
225
261
306
219
267
228
258
249
228
276
264
216
267
243
243
219
213
297
285
222
234
252
192
240
255
222
258
237
201
189
282
198
264
213
234
273
198
231
255
237
267
246
261
237
237
234
222
219
270
255
243
234
282
318
291
246
231
195
240
219
255
270
198
240
231
192
306
258
222
171
273
240
237
264
261
204
252
228
228
171
240
228
222
225
240
222
216
243
201
249
180
273
234
264
228
207
225
228
204
282
249
228
267
237
222
228
219
285
186
222
234
240
237
297
210
252
207
207
267
237
303
204
189
225
249
279
249
219
183
237
279
243
285
228
213
252
249
234
189
222
258
192
207
228
240
195
246
234
240
237
210
270
222
246
243
201
267
270
246
258
267
249
186
264
279
231
222
303
234
201
225
258
219
261
267
237
219
252
237
222
231
261
219
237
264
255
210
273
252
228
198
243
234
258
243
210
264
270
240
219
282
264
198
267
207
240
222
264
252
243
216
255
237
261
225
270
285
249
306
249
255
279
237
276
228
267
216
246
219
276
204
234
309
231
207
291
252
258
246
210
219
207
207
210
246
270
249
216
195
252
234
201
243
255
231
249
186
249
246
228
237
267
234
228
228
288
192
237
246
231
252
255
228
231
237
225
174
276
243
252
228
246
237
255
207
204
195
177
276
