282
258
252
213
249
231
243
264
219
237
237
198
222
258
225
219
246
225
261
198
264
294
243
258
222
243
258
219
213
258
255
231
210
249
237
225
261
192
231
273
219
282
261
219
231
261
291
252
207
261
180
213
255
228
267
222
246
213
207
207
309
246
246
231
207
291
255
249
222
228
243
267
264
231
216
258
216
192
222
234
267
222
204
228
276
240
234
267
258
240
213
237
231
222
228
303
237
222
291
255
228
243
243
219
252
225
264
282
213
279
246
231
246
243
204
216
240
258
246
273
258
246
228
252
216
231
258
297
210
225
177
222
243
222
243
195
276
198
237
252
252
231
270
267
231
267
300
216
198
243
237
279
216
261
255
222
231
252
240
198
225
234
255
240
207
228
249
285
243
192
252
201
234
297
279
186
261
225
261
246
264
279
276
240
297
210
291
177
225
231
243
210
225
216
231
279
195
252
261
270
285
219
258
258
279
225
258
195
204
237
213
228
252
207
234
228
255
294
210
255
267
258
264
168
240
249
237
183
234
219
177
231
237
243
216
189
240
219
198
273
240
225
261
237
219
225
222
219
228
261
234
258
240
264
288
201
210
240
249
231
207
213
198
243
252
264
216
240
210
216
261
255
273
240
258
255
252
240
270
228
189
210
237
210
255
252
207
264
225
210
252
285
216
237
270
183
192
279
237
276
