486
516
468
444
492
486
465
474
441
480
492
552
492
480
519
516
492
471
459
474
453
501
471
450
528
483
495
486
390
498
534
561
513
468
477
528
513
432
462
465
519
447
504
450
438
357
459
453
471
531
495
495
462
462
519
381
468
558
453
549
495
537
426
459
477
531
471
495
501
471
486
471
504
465
510
519
453
504
465
462
429
483
486
438
504
492
396
537
456
480
453
537
456
465
441
447
474
522
546
480
459
429
504
519
507
483
534
426
477
498
423
411
474
429
489
489
525
420
492
453
459
468
459
408
480
504
519
459
498
495
543
555
459
468
498
483
429
498
465
396
519
474
477
531
498
477
447
510
486
420
432
465
474
486
444
489
471
576
456
498
513
528
489
534
477
363
486
444
495
495
495
459
462
588
468
456
528
510
417
447
516
492
447
477
414
579
456
516
516
432
513
495
513
471
531
441
555
507
465
447
435
432
456
483
465
501
474
462
438
489
471
492
450
534
453
492
444
492
537
456
483
486
498
423
489
459
444
522
429
501
447
495
534
465
486
468
474
492
483
450
435
432
540
420
498
504
447
492
411
423
465
450
558
366
477
537
525
477
447
507
468
543
522
516
489
546
477
465
510
480
531
489
486
498
459
558
480
495
513
498
507
540
468
459
471
477
465
420
408
459
489
549
447
507
483
498
486
414
375
453
