231
249
234
267
261
234
216
225
225
267
222
222
252
252
225
252
228
258
261
219
270
252
222
276
177
252
228
240
243
246
192
246
258
279
201
252
249
237
216
228
219
246
264
219
201
219
264
231
252
219
246
228
234
249
216
240
252
213
204
240
216
252
198
219
213
207
216
222
249
225
192
267
246
249
222
192
258
261
222
201
180
252
234
243
210
246
240
195
267
222
228
240
204
264
231
234
225
198
222
225
285
198
204
291
243
228
249
177
258
285
234
258
249
258
246
207
195
213
222
243
225
276
246
216
258
279
252
276
210
237
219
189
252
249
192
231
258
240
303
231
219
237
267
258
249
195
252
225
261
198
270
225
198
276
174
267
249
303
228
219
219
225
234
270
231
240
213
270
234
252
234
273
243
243
222
237
219
198
204
183
237
240
228
240
228
249
216
225
273
246
264
270
222
237
249
261
231
216
288
246
225
237
219
204
216
213
219
300
240
228
204
198
225
222
210
210
228
252
255
273
252
240
204
174
297
219
285
240
282
234
225
264
216
219
267
279
240
279
264
210
249
252
210
258
234
237
285
279
306
255
279
228
240
222
246
249
228
237
204
231
198
225
219
213
234
261
210
258
228
219
219
267
231
213
216
228
243
231
231
240
237
291
228
282
273
276
264
174
270
243
240
276
264
186
210
300
267
261
243
225
