285
207
297
270
246
288
282
201
213
213
237
192
234
225
267
216
246
249
231
294
213
228
207
201
246
228
240
213
198
237
276
216
231
231
276
255
297
273
207
267
261
243
243
216
207
273
207
264
252
240
249
186
216
201
237
261
264
252
291
258
228
234
243
228
195
285
207
225
201
252
264
264
261
258
240
228
249
240
267
240
249
210
249
222
252
201
252
249
237
237
234
198
228
258
258
261
216
243
252
222
234
288
261
246
279
213
237
207
198
252
264
171
252
255
234
213
261
237
222
249
249
228
279
249
246
228
252
246
240
240
225
195
201
258
231
291
261
228
228
249
273
297
192
189
234
240
192
237
249
237
252
255
276
222
192
261
252
294
219
225
237
237
192
222
225
204
282
213
231
183
255
231
282
240
264
267
240
204
183
231
264
219
228
228
240
180
201
273
258
276
240
249
252
225
228
201
207
252
201
216
222
186
243
261
261
183
240
249
273
231
231
258
258
228
231
231
198
264
198
249
291
204
207
234
234
231
207
276
228
276
270
240
231
276
201
297
201
162
207
261
228
261
237
270
234
255
216
261
216
264
219
231
288
219
255
321
231
255
180
237
258
234
279
216
207
234
243
243
246
231
279
234
231
261
273
237
225
249
237
276
240
258
237
246
216
267
294
237
240
237
237
201
273
264
225
246
264
210
216
234
