264
219
261
228
246
237
192
219
228
261
249
243
276
228
267
183
276
228
219
261
273
243
237
276
231
234
258
264
300
225
252
279
258
219
252
273
204
243
228
249
255
228
258
276
216
237
216
261
261
243
198
252
273
231
240
258
252
207
234
258
273
195
240
264
228
234
264
240
306
243
210
210
243
240
207
222
234
282
225
240
219
255
240
273
258
288
234
234
222
279
249
201
228
294
240
225
240
216
261
249
237
270
273
249
237
234
288
240
285
195
213
231
312
258
243
225
300
216
228
255
234
231
201
204
198
216
282
234
240
249
249
264
204
219
258
309
231
291
252
201
231
222
222
255
213
204
249
219
204
246
282
219
234
291
267
252
237
192
207
225
207
225
276
246
216
264
249
186
222
219
216
228
237
237
219
210
225
258
258
264
222
264
270
273
264
270
282
252
234
237
192
231
219
225
210
276
261
246
204
249
237
207
234
273
285
258
219
273
222
270
267
258
213
222
261
213
213
225
237
270
234
279
213
237
258
231
279
219
198
288
252
234
255
264
261
240
225
213
243
246
213
258
267
249
264
255
273
282
213
231
276
231
246
210
222
240
252
255
213
279
240
258
189
240
225
261
255
225
246
258
264
228
249
210
234
255
210
291
249
276
249
207
252
273
336
243
243
243
243
252
258
222
228
219
225
243
240
285
234
333
