285
231
186
249
204
252
258
234
195
297
282
261
252
210
228
288
249
267
276
279
261
201
210
225
249
267
210
255
276
225
225
204
252
294
225
225
264
252
252
231
291
237
234
204
225
258
270
255
273
303
222
249
216
228
297
228
225
237
285
249
210
285
234
228
273
240
192
264
213
282
228
225
228
285
240
213
306
243
225
228
264
279
249
231
222
174
252
273
222
162
282
165
249
291
237
240
237
210
273
285
252
231
234
240
225
243
264
243
258
222
213
222
204
261
258
267
255
225
243
303
213
237
297
249
222
270
240
219
243
276
249
273
228
270
276
261
195
276
231
216
234
216
228
216
219
297
162
213
228
273
249
222
255
240
219
243
261
237
222
183
282
216
234
243
279
237
234
249
240
216
213
282
225
282
231
315
288
222
228
222
243
282
225
285
219
225
195
258
252
207
222
294
255
255
228
225
267
192
270
249
222
246
252
207
210
264
231
261
249
255
261
237
276
234
231
222
222
207
237
219
225
210
219
228
234
177
219
234
198
282
228
249
246
255
216
189
306
261
255
288
252
267
267
237
249
255
189
255
276
213
273
267
252
237
201
222
231
240
333
252
201
216
216
231
216
267
264
240
231
222
288
234
234
231
246
216
285
243
228
267
225
228
243
267
252
282
225
243
279
243
201
246
228
285
195
249
237
285
210
228
