204
273
222
222
246
252
213
237
279
246
273
282
237
261
243
210
240
219
255
249
300
231
213
246
249
225
213
240
267
225
273
267
255
285
240
189
204
261
297
267
195
225
285
237
261
219
243
261
216
288
261
258
249
228
234
240
270
288
186
285
237
261
222
261
237
306
276
234
234
186
246
252
252
246
279
276
243
258
255
267
225
219
231
243
231
240
261
246
228
204
195
279
204
228
312
228
249
264
234
240
258
210
255
228
234
210
222
210
252
243
228
258
279
276
204
240
240
252
237
255
267
243
234
258
258
246
222
219
222
237
249
231
219
219
243
237
243
270
261
297
201
228
228
186
303
282
273
216
282
219
201
252
255
228
225
198
225
222
207
231
234
309
228
198
264
225
183
273
267
234
237
285
246
252
273
243
213
282
255
234
219
195
219
207
240
264
255
216
249
222
270
291
267
231
201
255
210
273
264
246
240
231
264
219
267
249
225
177
237
252
237
255
249
243
249
276
291
267
237
240
240
273
186
234
213
213
264
252
282
234
237
207
213
270
297
309
273
339
258
252
249
213
243
261
231
261
246
300
249
252
210
264
270
261
270
210
246
240
246
258
225
222
219
234
273
270
228
228
228
273
282
225
180
279
210
216
231
240
276
243
213
204
195
186
222
270
243
252
222
249
261
213
228
204
258
240
213
255
234
231
