231
222
246
219
294
222
198
249
240
156
312
258
249
222
273
267
234
216
228
258
228
219
222
192
228
234
198
237
258
291
243
228
207
198
207
264
204
225
213
261
228
288
216
204
174
267
237
276
228
285
267
225
243
219
264
243
231
252
228
207
261
237
306
228
213
264
234
210
240
231
270
243
228
321
264
243
252
279
237
276
294
231
255
234
279
261
216
231
204
210
210
225
228
219
267
225
255
198
228
237
243
201
231
282
270
279
207
279
204
174
237
276
243
201
285
282
192
258
225
234
243
216
219
228
261
258
246
279
231
213
225
201
270
240
240
279
258
213
240
246
261
225
234
252
282
261
291
201
258
234
237
252
252
219
207
192
237
234
285
237
210
246
285
240
243
243
264
246
234
231
243
237
243
261
240
204
201
246
228
225
240
210
249
195
237
276
234
249
222
258
234
240
273
270
249
249
234
249
234
273
255
213
261
216
216
252
225
231
252
240
291
231
252
246
231
267
237
198
228
285
246
255
216
240
231
285
222
249
228
243
255
276
282
246
231
258
210
279
180
234
249
246
288
207
252
207
237
213
222
237
213
264
195
234
252
240
216
252
240
237
219
276
228
207
249
207
222
258
195
225
264
210
258
216
255
210
252
231
252
273
249
261
237
282
267
237
195
264
231
213
234
282
240
195
237
180
225
276
207
240
