1698
1701
1602
1656
1758
1686
1734
1596
1629
1749
1623
1659
1692
1653
1746
1614
1701
1557
1776
1725
1698
1560
1716
1737
1698
1665
1704
1764
1707
1725
1638
1638
1788
1614
1653
1584
1671
1698
1638
1626
1668
1623
1608
1620
1773
1650
1731
1608
1533
1674
1659
1641
1593
1767
1701
1653
1704
1671
1680
1773
1722
1848
1539
1809
1734
1551
1533
1638
1650
1647
1701
1650
1596
1566
1728
1668
1704
1635
1662
1827
1638
1758
1725
1632
1671
1665
1755
1800
1650
1692
1845
1689
1605
1740
1620
1611
1611
1620
1629
1737
1659
1800
1635
1785
1695
1599
1719
1824
1668
1746
1689
1611
1701
1701
1674
1668
1704
1740
1644
1683
1680
1818
1623
1683
1617
1620
1611
1665
1611
1575
1707
1524
1656
1800
1689
1686
1671
1623
1614
1608
1698
1548
1749
1758
1656
1506
1722
1614
1758
1668
1698
1653
1689
1617
1707
1776
1632
1662
1647
1704
1656
1749
1779
1851
1710
1644
1515
1740
1647
1716
1815
1569
1701
1686
1608
1746
1737
1746
1638
1704
1605
1695
1755
1653
1764
1761
1692
1692
1635
1674
1677
1743
1689
1761
1761
1698
1632
1665
1794
1545
1608
1659
1674
1722
1641
1776
1629
1770
1605
1701
1638
1581
1674
1758
1650
1734
1584
1620
1818
1689
1689
1602
1578
1728
1683
1737
1848
1833
1758
1707
1647
1566
1635
1587
1593
1620
1530
1722
1830
1683
1758
1803
1689
1665
1674
1656
1767
1701
1629
1539
1803
1623
1692
1827
1692
1593
1890
1650
1596
1650
1710
1695
1728
1692
1797
1680
1719
1635
1857
1698
1677
1689
1740
1683
1719
1761
1776
1749
1713
1686
1593
1677
1725
1695
1689
1665
1752
1770
1698
1719
1629
1587
1719
1593
1809
1698
1773
1662
1569
1692
