279
228
222
228
231
258
228
258
249
228
249
270
237
228
255
267
252
273
222
246
234
222
228
234
246
255
207
207
225
264
276
240
255
246
228
249
225
201
219
240
258
228
222
267
273
204
258
225
273
219
243
207
240
210
261
192
213
216
279
255
258
243
207
177
240
219
195
213
225
255
231
246
255
219
237
255
237
219
267
276
279
249
228
276
291
246
264
222
246
258
267
240
216
219
255
189
249
282
213
219
255
258
246
216
255
258
255
246
195
246
252
246
291
207
231
222
258
264
246
264
243
216
213
225
279
237
237
237
246
228
222
219
210
246
243
276
255
243
225
186
279
255
267
243
213
207
243
225
258
261
234
234
237
237
222
249
267
234
231
297
252
267
249
246
297
270
228
255
276
237
213
243
249
228
258
195
201
240
222
237
228
267
291
303
294
270
255
240
255
282
231
264
207
264
207
234
264
231
186
225
282
264
252
231
261
237
276
228
261
258
231
258
249
246
225
237
303
216
240
237
234
186
243
189
294
273
225
213
279
255
222
267
228
255
225
240
210
189
219
264
246
210
276
204
231
243
201
297
234
237
249
279
210
261
213
252
261
228
273
246
297
261
243
267
231
267
240
282
222
246
237
273
249
240
249
225
249
243
246
288
270
246
240
279
255
294
234
213
222
213
237
171
234
270
246
252
255
261
246
210
