225
258
204
261
261
300
252
258
246
228
204
201
222
297
240
228
234
258
207
249
267
234
180
255
219
249
222
222
234
201
213
237
264
207
255
297
237
213
216
288
234
246
285
264
252
246
201
291
249
258
246
270
225
207
282
252
264
228
246
210
252
240
270
273
267
249
261
201
312
201
243
237
207
240
243
258
189
255
201
216
246
258
264
249
267
210
237
294
207
177
246
216
261
282
216
234
234
240
282
204
210
225
207
213
213
243
240
186
213
228
303
252
228
237
210
216
204
243
267
243
192
237
231
252
261
222
249
210
222
267
270
261
186
213
234
273
270
231
252
231
231
288
264
231
234
195
204
189
228
243
219
267
213
249
222
216
222
222
222
219
246
258
231
264
261
222
243
240
219
234
240
210
240
183
264
264
222
243
234
240
234
288
225
222
234
285
255
192
204
261
273
213
252
225
162
195
219
267
213
195
264
237
195
237
204
276
186
231
252
210
252
237
255
219
204
246
249
234
255
279
252
204
243
228
282
225
267
210
183
210
246
312
273
237
231
249
225
225
252
207
273
234
195
204
249
180
255
204
279
246
255
237
231
228
258
228
252
279
294
288
270
261
243
261
243
246
309
240
231
267
270
234
234
222
243
195
216
198
276
309
285
204
270
258
207
237
222
234
228
270
258
288
237
204
216
213
234
240
258
237
