210
240
228
222
246
234
255
276
264
240
273
228
240
213
243
276
249
267
204
228
279
201
228
246
291
246
282
246
246
222
207
231
240
240
258
243
225
255
261
213
237
300
249
204
264
264
192
237
294
225
240
201
267
219
279
252
246
267
195
249
216
261
243
207
201
243
213
213
231
258
276
267
252
234
237
219
225
234
246
249
252
285
201
207
210
261
249
228
225
234
222
240
261
267
213
231
267
201
270
219
207
261
237
234
201
237
276
282
258
261
204
219
246
240
213
237
243
255
273
201
237
228
231
237
240
225
303
249
210
264
234
207
237
258
204
216
243
228
288
213
240
180
249
216
231
267
219
216
261
249
264
285
249
267
207
264
192
207
240
246
228
201
225
234
243
300
261
252
195
249
213
276
294
258
234
210
237
267
207
285
231
219
198
204
234
225
267
192
255
201
255
192
225
282
216
201
243
240
231
258
246
282
261
246
246
213
282
261
240
231
261
276
243
261
252
243
297
219
249
252
177
258
270
228
234
219
249
285
222
258
258
243
234
228
231
258
243
276
264
237
204
279
255
237
246
267
255
222
204
264
228
237
228
222
243
234
210
252
237
246
267
225
225
216
252
201
243
249
267
225
249
303
225
312
252
270
249
270
216
258
276
207
255
231
225
285
189
243
270
225
219
210
252
231
228
198
261
288
237
225
