264
276
213
237
237
285
243
183
204
249
231
261
276
222
207
255
273
258
222
231
225
243
228
189
240
231
207
207
225
270
255
264
237
225
228
240
213
243
270
243
270
228
267
237
258
210
237
222
270
261
273
207
222
219
288
264
225
261
204
225
222
192
234
270
243
234
246
213
246
312
225
219
189
201
258
240
234
234
219
195
294
219
261
225
246
279
219
219
243
231
231
243
264
228
228
195
240
228
219
237
282
234
180
243
243
264
249
249
237
201
264
258
321
258
237
255
216
174
285
228
258
243
210
231
237
231
219
198
162
255
207
243
225
240
219
183
270
225
204
282
210
231
303
243
267
252
210
222
258
210
228
261
249
252
207
246
225
255
228
225
276
285
231
252
249
210
207
237
249
228
213
255
264
237
183
261
264
249
201
258
258
273
240
210
189
291
246
243
228
237
231
231
234
210
234
261
237
201
231
231
195
234
237
240
252
267
228
240
234
222
294
249
246
261
219
252
219
213
225
222
255
243
234
270
255
186
246
243
231
225
237
312
294
249
237
231
255
279
273
234
264
243
267
195
237
234
267
237
231
252
240
213
255
234
282
267
195
237
216
270
255
249
258
240
195
273
252
282
201
252
204
249
219
258
222
213
252
210
240
237
228
210
273
291
201
195
291
264
228
231
207
204
231
219
231
216
246
255
258
225
