267
252
213
225
249
219
246
213
210
210
180
249
225
213
300
207
258
267
246
204
213
273
273
201
255
231
282
255
216
243
222
240
207
273
183
285
273
192
213
273
258
243
213
243
255
213
252
219
210
204
294
183
216
255
279
249
222
291
222
270
267
198
231
201
258
237
228
270
213
255
237
255
315
291
258
210
264
255
156
249
246
237
231
225
300
219
210
246
222
321
201
219
288
285
210
270
237
249
270
237
219
243
234
201
219
249
222
258
225
234
231
216
264
228
267
228
243
192
264
219
234
258
237
237
249
243
264
237
258
291
195
288
204
186
258
270
225
216
249
240
249
213
252
255
282
234
264
246
261
231
249
246
261
240
204
252
258
243
237
255
249
225
243
249
222
285
288
282
192
195
273
219
228
240
264
261
243
252
270
273
231
231
234
237
231
213
237
210
234
219
219
231
273
198
237
237
237
225
210
225
246
240
264
234
243
252
234
264
276
252
228
219
210
270
216
315
276
270
261
231
297
243
219
231
261
228
258
264
231
264
237
240
240
246
216
231
225
294
204
243
216
201
255
279
237
255
213
225
261
228
336
237
216
276
198
258
243
240
249
249
231
243
234
204
225
243
270
321
198
273
213
252
231
222
246
231
246
225
264
201
288
231
225
258
249
222
231
228
276
249
222
258
222
267
231
267
312
231
273
249
