207
237
273
237
255
219
252
231
222
234
288
267
243
219
246
240
300
306
252
291
222
192
228
207
249
213
210
231
255
267
246
249
225
219
237
225
258
255
276
225
183
261
234
276
249
222
258
231
276
195
261
237
288
255
279
219
249
204
222
279
234
240
294
258
297
276
225
237
267
246
255
186
240
264
261
189
189
204
237
234
264
243
234
228
213
240
237
198
231
216
201
231
228
249
273
228
255
234
228
249
234
261
231
240
234
255
270
297
225
207
258
252
249
261
255
240
261
279
261
246
261
270
195
243
189
297
267
255
243
234
231
255
225
249
204
228
267
240
237
294
201
255
243
303
252
213
255
237
243
210
222
234
189
255
264
219
231
207
240
276
264
243
267
246
228
291
237
261
267
279
246
252
276
225
225
252
243
246
309
204
258
201
222
246
198
276
219
234
246
204
180
240
195
213
216
219
168
246
216
264
240
222
210
231
189
234
282
279
198
234
264
189
258
183
255
234
198
198
201
240
243
285
285
216
234
204
258
246
264
267
297
240
204
279
243
252
201
243
207
288
180
297
246
225
276
219
255
210
282
216
213
252
201
225
237
249
240
261
246
270
273
252
240
237
240
270
222
243
252
267
222
270
264
264
282
285
246
324
240
252
216
297
189
213
279
276
294
219
213
219
270
198
282
222
288
249
213
198
258
237
