258
237
243
228
282
213
246
309
207
246
261
279
282
255
228
222
222
213
219
246
198
249
252
222
219
240
258
234
288
261
276
189
273
249
237
258
237
231
228
267
261
222
237
261
297
240
249
231
240
234
222
240
300
258
264
261
213
249
258
291
228
207
258
222
225
234
273
231
258
237
195
246
252
216
264
231
195
207
222
234
228
273
288
237
279
240
246
231
207
219
216
294
324
234
279
261
207
264
240
210
267
246
255
237
243
231
240
291
237
249
276
264
240
264
207
222
228
270
216
258
234
240
228
273
273
246
243
216
288
264
225
225
225
261
255
282
234
285
228
228
180
234
285
204
261
249
237
306
231
261
234
231
210
261
261
207
240
240
219
198
261
234
204
270
237
288
186
210
192
213
264
231
207
270
225
219
264
234
252
249
234
201
279
222
240
198
183
243
234
288
237
222
243
255
228
228
195
234
300
210
228
210
252
207
201
246
240
210
237
186
270
234
195
282
279
243
270
273
207
222
228
276
246
267
249
213
213
219
255
273
237
189
246
294
240
294
285
225
255
216
219
267
225
192
213
249
231
270
234
252
264
264
231
201
243
216
222
285
267
252
243
234
225
270
216
258
240
240
228
201
210
231
234
228
249
291
201
234
267
303
264
258
258
258
219
192
204
237
222
261
288
243
201
258
234
237
252
261
264
255
