180
291
210
243
195
180
291
258
276
240
273
273
267
231
231
195
261
249
195
234
252
267
237
258
249
255
234
243
297
246
270
246
234
237
234
285
279
237
237
204
213
219
213
261
252
207
276
216
240
294
222
201
297
219
219
204
270
222
258
246
222
255
234
207
240
252
210
222
264
228
228
216
288
234
237
207
264
204
240
201
240
228
252
237
249
234
213
237
249
240
246
201
255
216
231
216
240
222
282
219
261
234
255
237
225
285
219
231
258
234
264
228
183
240
243
195
267
255
291
204
246
261
264
252
213
279
234
183
231
219
207
246
273
216
273
201
279
201
216
243
231
243
234
228
276
228
222
252
243
246
201
243
249
231
207
252
246
267
288
234
198
225
243
195
183
252
291
237
270
249
216
261
249
261
243
240
270
261
210
231
291
270
237
282
198
249
219
213
216
267
240
231
240
213
288
264
261
225
207
264
168
261
216
303
219
237
228
219
222
246
270
255
240
276
216
240
240
264
219
264
234
246
237
249
258
264
204
240
273
261
276
198
216
255
213
279
252
234
225
255
237
237
231
264
213
234
264
213
183
231
222
189
222
192
279
216
180
228
243
231
246
246
234
264
246
219
279
243
255
240
264
207
198
246
270
252
216
201
249
291
240
243
270
264
219
207
198
219
261
261
225
252
300
270
240
279
216
276
249
231
