243
222
243
177
255
246
210
252
243
228
207
255
222
273
252
210
204
258
219
195
252
267
222
231
201
234
273
171
264
249
186
258
273
243
297
234
252
231
228
246
267
207
207
261
207
189
204
252
201
234
195
234
258
213
237
225
234
249
249
207
219
273
225
228
219
204
219
264
276
228
228
201
198
189
270
222
267
291
219
222
225
276
204
180
255
249
243
222
249
234
261
264
237
243
234
222
231
258
243
273
204
222
219
246
216
240
228
222
246
243
270
207
222
261
225
252
243
177
225
225
264
207
225
252
270
249
237
201
219
264
270
264
225
231
231
294
255
264
249
216
246
249
228
231
213
231
198
258
225
249
249
201
225
270
273
246
186
243
264
252
234
210
222
240
252
234
237
264
252
303
267
249
204
186
213
249
234
261
234
249
225
249
243
252
273
195
216
192
237
243
219
228
213
216
225
219
261
207
243
249
240
177
264
240
267
192
228
228
267
252
270
303
237
219
240
228
228
204
264
267
285
210
213
216
204
264
225
228
273
201
267
213
243
252
246
231
249
243
240
216
255
198
222
258
249
246
255
258
255
267
243
228
237
228
285
237
213
243
240
249
249
234
258
231
213
237
207
219
255
240
246
222
228
249
225
234
225
234
255
213
249
243
192
222
249
282
219
234
231
228
252
246
243
240
210
264
273
270
231
249
