270
237
249
219
234
255
231
249
234
291
246
303
216
234
213
273
228
249
255
252
231
243
303
237
252
216
258
216
240
207
252
243
228
237
261
237
222
216
222
207
237
237
195
228
237
300
258
255
213
204
231
270
240
195
231
264
261
228
225
261
222
225
249
243
273
225
204
198
243
240
243
252
219
222
243
204
258
252
255
273
210
234
279
219
231
255
291
213
216
225
219
270
261
213
243
219
204
249
225
210
222
231
261
240
261
279
270
237
231
198
264
270
237
234
228
195
267
195
225
195
225
225
270
228
228
201
267
204
258
267
204
222
228
252
261
228
300
288
216
222
276
258
276
222
225
201
210
213
213
210
192
225
237
249
231
210
273
216
252
225
192
243
255
228
237
219
273
240
204
198
240
279
225
288
231
252
261
228
240
237
240
261
210
261
213
240
288
279
219
216
189
279
204
276
234
213
294
177
252
246
243
246
240
261
213
189
225
243
234
228
240
255
204
228
237
228
273
276
186
261
327
243
291
255
273
210
249
234
231
267
180
303
279
267
246
279
225
279
222
255
258
264
246
243
261
243
291
252
243
225
192
273
213
258
297
258
240
231
264
240
258
270
258
246
246
237
267
234
252
279
267
255
201
183
225
291
255
240
231
270
243
252
228
288
243
279
252
204
207
225
171
255
240
225
204
252
222
261
216
234
