192
213
258
261
264
228
237
234
246
171
252
276
288
216
231
237
237
267
297
240
258
219
222
264
219
273
216
237
225
252
243
201
225
216
198
237
228
246
231
252
231
228
213
237
171
237
234
225
300
189
219
267
264
264
255
240
225
240
225
228
252
294
234
234
285
267
216
234
231
219
240
225
183
249
240
258
228
258
261
252
273
291
207
240
273
246
222
225
246
291
189
240
267
240
234
219
225
237
306
246
231
234
231
228
282
216
237
219
234
213
273
234
228
258
201
207
234
234
237
264
249
273
231
201
216
246
267
198
204
231
219
243
258
210
258
246
234
285
249
276
240
228
255
249
237
270
216
258
261
219
228
231
216
237
237
219
258
189
243
243
219
216
204
258
198
273
249
201
270
195
237
225
300
189
201
213
246
216
240
273
213
228
243
258
252
201
225
231
252
249
210
285
243
219
264
231
225
270
234
252
225
231
216
204
231
243
243
252
270
228
282
243
267
294
198
255
264
303
288
240
225
258
300
306
192
234
192
246
195
237
231
264
225
231
222
321
246
225
213
273
198
216
249
303
279
285
270
204
252
264
243
243
210
324
222
261
285
228
255
210
228
231
216
267
219
246
249
282
240
243
246
222
210
216
249
264
198
228
240
276
216
237
231
255
249
213
240
234
177
216
270
213
213
231
216
234
264
270
240
219
