246
228
246
225
264
252
219
231
219
228
195
240
264
240
261
249
231
261
261
270
222
222
219
246
219
270
207
246
234
249
216
207
237
267
240
237
264
213
225
249
252
282
207
219
255
225
213
222
255
252
270
225
264
210
228
225
255
258
249
228
246
243
249
237
252
195
204
216
237
219
234
246
222
258
198
228
219
258
252
228
246
291
276
273
213
270
198
237
240
216
264
264
213
228
288
246
261
195
282
261
258
264
225
234
231
201
303
204
279
219
213
237
237
195
258
198
231
258
258
240
243
219
237
237
240
279
276
231
270
264
243
216
237
252
246
207
213
213
201
273
222
258
201
258
216
261
240
213
231
288
255
225
195
303
252
228
222
258
225
219
228
246
192
258
219
258
252
285
270
210
225
270
282
279
243
264
210
252
234
261
243
180
303
240
225
222
297
249
261
192
276
267
198
255
261
216
288
282
207
210
240
240
267
243
225
216
291
207
255
249
216
219
249
240
183
240
213
246
228
222
345
243
219
282
237
207
300
240
288
225
240
180
258
264
276
267
249
213
270
339
252
222
231
237
288
198
228
270
213
231
156
237
246
231
201
204
234
192
261
228
198
225
246
240
219
267
207
249
228
255
264
198
222
213
240
231
297
216
171
246
234
240
252
255
219
225
249
273
264
216
264
228
273
261
198
246
213
270
255
210
