231
285
234
255
258
240
237
210
210
210
237
207
222
246
261
240
243
240
273
210
228
240
243
225
237
243
246
234
228
234
213
252
234
252
201
165
273
237
267
288
237
279
225
252
240
261
240
309
255
258
207
204
225
225
234
207
258
207
228
231
273
183
240
261
231
300
237
252
258
249
228
264
252
303
258
267
252
303
288
201
252
300
240
258
234
240
234
231
264
222
219
201
255
282
264
276
231
222
246
285
231
228
231
225
303
258
201
255
225
180
222
231
255
219
237
192
204
231
237
234
201
228
216
225
249
246
231
216
216
258
270
267
210
204
189
273
279
213
252
240
270
237
174
261
258
252
264
273
234
267
201
285
237
270
246
234
198
225
231
261
222
267
264
264
216
198
300
282
234
219
321
225
219
216
240
243
258
258
252
198
255
216
285
252
273
180
273
294
210
255
222
273
255
276
288
243
249
198
237
261
258
231
219
249
261
288
306
273
300
267
255
240
273
240
255
273
219
240
228
237
264
279
279
216
219
225
222
252
243
219
231
255
234
231
261
240
234
246
273
237
255
225
243
207
225
258
210
222
225
264
219
222
285
225
210
240
264
240
252
237
243
237
201
270
222
252
204
231
219
207
222
243
222
180
234
240
219
213
234
210
312
198
279
249
207
261
261
198
234
246
270
222
246
228
198
252
252
237
219
201
