783
789
717
675
720
768
738
690
711
648
762
768
675
732
711
762
762
726
729
681
774
609
720
678
747
645
741
765
654
753
735
654
729
678
771
681
747
723
657
759
675
798
663
861
732
642
747
705
729
687
777
708
747
714
708
699
657
693
717
705
714
666
753
810
630
699
666
744
708
744
729
717
753
723
735
717
735
684
753
723
777
669
690
783
672
681
735
651
627
735
774
732
651
729
687
807
702
771
732
765
738
711
771
852
765
660
699
702
729
657
699
696
783
753
696
744
756
786
708
735
669
648
708
762
759
753
678
657
696
732
732
726
741
633
699
663
717
666
744
708
630
711
732
717
651
762
678
753
660
759
639
708
720
738
726
702
753
780
759
750
657
774
699
714
714
711
675
735
636
621
720
735
804
645
744
726
702
717
732
738
687
738
774
708
777
759
711
741
705
687
747
711
717
777
711
735
747
681
753
705
795
714
837
654
708
672
753
651
705
708
738
735
654
645
696
765
732
792
768
744
744
723
666
735
723
729
651
714
726
756
738
738
771
756
717
735
726
735
747
657
741
711
699
792
681
663
789
705
822
723
705
681
675
705
645
780
753
756
690
714
735
762
699
729
663
798
729
687
645
732
672
705
762
717
717
744
714
717
672
813
702
777
708
729
651
690
750
672
771
600
669
702
726
759
678
720
750
705
711
747
