270
255
255
216
177
225
276
225
240
243
222
207
213
261
222
276
231
246
261
228
264
192
228
303
267
237
240
210
219
210
222
192
243
261
219
228
264
222
273
243
207
234
240
240
240
210
231
237
213
228
240
273
225
240
249
240
249
207
255
234
204
234
231
255
264
207
207
234
282
270
288
258
231
228
240
201
267
261
192
192
228
306
264
264
243
225
246
255
267
255
225
258
243
210
240
162
249
264
294
219
210
246
279
204
201
252
234
255
234
252
240
255
264
279
261
276
243
255
246
225
228
261
213
213
228
222
285
165
273
213
234
243
243
252
273
222
219
225
261
231
216
255
228
210
249
234
240
213
270
246
240
225
240
222
243
276
216
174
189
225
243
207
234
270
219
237
249
225
225
231
249
255
207
243
246
249
255
264
276
219
276
231
261
273
228
204
222
219
246
231
243
243
270
276
222
198
267
231
231
240
222
252
225
231
192
237
243
216
213
234
138
216
264
294
231
234
252
189
243
237
228
258
207
213
243
291
213
261
207
252
249
234
225
228
192
210
255
243
219
204
258
243
246
291
258
267
261
201
228
207
207
222
285
249
243
261
243
204
222
258
192
237
210
282
237
204
198
273
219
228
231
234
237
276
183
231
258
231
204
246
252
225
288
279
255
276
267
222
273
270
243
276
225
276
246
270
264
225
264
231
