165
270
213
261
228
234
243
267
234
255
237
273
213
258
252
225
243
234
195
282
228
231
228
222
261
216
231
237
264
255
303
234
240
267
267
249
321
243
249
255
219
231
228
222
255
264
204
267
201
240
219
228
213
291
234
237
225
222
261
243
246
291
279
246
231
213
261
234
261
240
252
261
237
264
252
252
249
270
222
213
246
219
255
222
243
231
234
270
234
216
222
252
225
222
243
270
270
195
237
264
261
192
240
204
228
213
252
258
234
231
243
252
231
225
231
261
276
186
258
213
243
231
231
219
201
249
225
240
237
249
255
276
261
195
246
252
198
300
249
219
291
255
207
225
285
225
225
246
276
258
303
258
180
228
270
240
246
282
231
249
303
252
216
255
204
255
246
231
243
228
234
237
252
276
261
210
222
204
282
255
246
237
264
264
216
258
252
255
237
279
240
213
222
261
258
273
225
219
219
243
279
255
270
246
228
219
300
252
255
264
267
231
240
297
243
234
207
258
234
273
213
258
192
222
219
228
213
243
225
222
261
243
273
255
207
228
255
174
222
225
261
276
222
261
234
216
252
204
228
243
225
279
234
279
234
204
231
249
237
255
231
219
216
240
225
222
207
288
276
213
216
219
249
255
291
276
264
252
213
270
264
216
231
249
270
267
231
297
264
228
213
240
237
231
252
207
246
222
252
225
