687
756
687
759
750
708
756
708
735
729
768
783
708
633
657
726
714
726
768
651
726
729
657
726
714
798
816
729
714
768
681
645
708
723
738
675
774
729
654
693
639
666
735
831
753
714
720
675
798
726
720
747
675
768
777
783
735
780
726
768
750
675
678
744
654
711
618
717
714
726
696
768
738
615
702
747
795
675
759
735
759
726
792
747
720
786
777
672
696
705
759
675
789
756
702
645
708
780
720
762
714
705
729
711
741
696
771
720
732
708
792
807
696
732
720
729
813
648
702
705
711
723
729
765
762
732
723
795
720
684
771
771
717
618
735
675
687
648
741
696
678
795
684
753
657
702
699
720
762
705
726
696
753
753
666
708
705
684
687
732
813
711
762
711
678
717
735
666
687
666
723
798
723
711
618
735
705
714
783
705
654
669
747
747
771
708
702
741
654
675
702
765
705
717
717
693
720
678
660
708
792
681
780
762
684
708
744
747
711
732
768
669
687
690
804
750
627
741
705
645
747
747
735
750
732
753
621
843
726
669
759
741
717
783
759
717
723
756
717
738
741
702
798
780
708
765
759
651
684
699
678
702
729
711
654
708
663
690
642
756
675
780
657
702
765
687
696
738
735
747
705
720
672
762
747
702
756
876
780
648
714
696
687
636
783
717
762
717
636
699
696
747
702
708
735
762
759
732
792
690
