231
210
237
195
246
267
234
204
201
285
252
219
252
192
273
252
207
243
210
303
267
198
222
234
219
249
246
240
261
243
237
210
294
282
210
261
288
276
228
264
267
285
186
267
225
246
219
234
222
228
207
234
210
270
270
213
240
231
240
237
231
240
258
258
273
261
240
306
240
255
213
201
252
207
276
252
234
237
252
237
297
282
213
222
204
243
291
213
207
213
252
237
204
228
222
213
249
252
174
267
243
255
240
222
237
273
243
204
207
216
273
249
270
216
246
216
252
234
234
237
255
204
222
258
258
252
285
189
213
246
267
234
261
228
291
246
222
228
261
255
213
225
231
240
240
267
231
231
219
219
294
258
249
195
231
261
222
249
258
213
213
255
279
210
276
210
195
282
255
324
204
234
261
231
315
231
273
264
282
264
270
252
201
237
213
270
231
222
231
243
261
252
231
267
267
264
249
240
231
204
216
216
234
237
204
219
267
237
213
246
198
237
231
231
282
240
234
231
228
243
264
261
219
231
219
234
270
219
282
228
270
198
240
234
207
237
297
228
249
231
255
303
228
231
273
249
249
222
243
237
216
291
222
189
228
282
228
222
249
270
255
273
261
210
261
231
273
270
261
213
270
243
222
189
288
222
258
228
216
258
222
225
249
231
267
261
234
240
264
222
219
252
279
234
210
234
222
243
225
246
