210
207
288
276
240
210
234
222
213
297
243
216
270
228
204
225
234
249
243
243
228
246
249
228
228
192
261
234
264
246
279
213
219
210
261
240
252
225
192
243
216
249
252
261
207
189
213
273
219
237
255
195
270
279
237
216
252
252
276
258
234
270
252
243
180
246
183
228
243
264
213
186
231
207
213
258
180
210
234
234
312
237
225
249
249
219
279
201
186
249
297
228
276
213
213
231
198
231
189
228
198
228
255
231
258
276
243
177
207
231
204
270
237
186
261
252
234
261
192
282
243
297
243
234
243
270
228
261
216
249
255
231
240
276
273
222
243
216
219
264
219
246
189
249
255
309
204
249
270
261
210
228
252
258
255
249
261
222
234
243
273
216
222
234
261
249
225
207
213
240
231
285
303
234
234
228
216
204
231
267
228
246
225
240
234
234
231
207
282
276
297
216
249
210
273
264
273
234
240
219
249
339
246
273
228
219
222
333
252
234
261
204
279
225
240
243
243
222
246
246
270
204
225
252
222
207
219
255
261
240
252
207
252
240
219
255
216
222
231
219
252
246
282
210
240
243
246
234
279
267
240
252
183
234
231
240
204
192
189
228
213
237
231
216
252
246
240
294
201
276
195
237
255
240
267
231
177
210
219
198
213
183
210
225
249
183
273
249
261
255
234
225
213
222
237
222
276
210
243
234
