282
252
225
240
246
273
297
249
252
207
210
210
261
240
282
219
237
294
267
219
282
231
237
255
216
195
222
270
261
309
243
258
264
255
270
273
222
225
234
216
198
207
219
279
255
228
267
249
237
234
249
288
246
285
201
219
225
249
261
207
225
201
225
216
231
240
237
264
276
243
237
249
192
204
270
240
231
213
225
240
216
270
240
219
261
255
228
255
258
225
198
213
255
252
255
240
234
252
222
201
225
186
321
255
246
201
243
219
276
234
228
228
216
240
276
267
231
234
240
240
240
237
240
231
231
228
243
282
234
243
246
219
264
249
252
240
252
216
225
291
204
246
249
213
264
213
240
264
261
249
231
228
258
240
240
234
237
255
228
252
252
243
276
222
288
198
225
249
240
261
213
240
210
210
243
228
243
261
276
243
234
258
243
207
321
225
234
231
234
213
267
213
252
249
237
276
255
243
249
213
213
210
219
249
267
234
216
255
225
219
231
270
249
258
216
234
219
294
210
240
228
270
255
249
228
273
219
252
246
237
219
210
258
234
276
240
321
249
273
240
240
249
258
219
255
243
234
231
210
270
249
264
252
267
231
213
219
243
213
213
222
201
207
225
255
216
219
219
231
258
204
216
192
252
240
216
258
255
243
231
246
267
237
210
237
234
225
195
234
258
273
195
192
231
237
279
258
306
219
300
