219
225
222
225
225
234
240
255
231
297
231
225
237
204
243
261
225
225
255
198
177
312
222
264
231
222
252
216
213
276
219
219
237
225
264
249
228
234
264
207
180
240
228
252
222
183
213
249
270
222
282
228
255
225
234
249
210
210
222
270
300
210
252
228
249
258
249
225
231
243
246
243
243
216
282
273
273
225
210
279
246
258
255
219
231
192
264
240
243
246
249
234
240
222
219
225
213
261
222
267
282
282
228
255
252
252
279
228
258
213
261
225
240
258
228
222
258
198
297
279
201
288
228
201
255
243
246
198
231
195
234
252
267
198
270
207
243
282
255
258
246
246
288
261
213
252
249
228
264
276
234
216
258
228
258
231
267
240
237
234
213
243
258
264
225
201
249
246
213
195
249
276
231
246
261
246
240
288
261
267
228
240
201
294
231
246
216
273
189
240
228
228
234
219
258
255
210
219
237
255
219
225
267
246
219
273
261
213
276
276
243
225
180
270
270
264
225
267
216
255
282
189
258
228
285
255
267
249
264
213
195
267
282
252
204
228
285
270
219
228
249
240
198
216
216
264
252
198
243
207
165
258
231
234
282
237
243
258
222
258
264
255
234
246
216
261
246
210
240
216
219
225
207
231
234
207
273
231
210
225
246
273
234
267
246
258
237
243
216
270
240
258
249
318
231
225
267
213
282
198
