255
237
246
246
237
228
207
243
234
249
243
213
228
240
240
186
252
279
210
240
228
216
249
213
231
291
252
279
246
249
216
282
234
264
276
240
246
237
219
207
258
216
261
228
231
219
228
213
198
306
270
234
282
258
240
270
237
216
255
276
210
192
246
219
231
282
258
159
201
231
276
246
249
216
246
237
207
228
234
291
237
252
249
249
195
228
246
279
264
234
207
270
249
240
243
228
258
231
237
279
234
267
177
234
249
222
237
264
246
228
237
225
243
234
228
249
246
240
297
243
246
228
249
216
234
249
231
216
276
252
231
207
252
261
240
249
210
216
225
204
234
249
240
198
240
195
246
237
252
219
270
264
282
204
246
267
285
270
249
189
234
252
246
270
249
216
231
255
234
300
231
258
237
237
234
237
225
252
228
249
234
207
216
210
279
183
204
180
225
303
285
264
264
225
222
240
231
252
225
279
252
282
237
210
213
231
210
279
219
288
234
189
255
258
222
222
294
231
240
252
255
273
237
270
243
225
222
216
237
276
240
252
252
234
258
207
267
228
231
267
246
237
216
243
210
231
258
258
198
198
222
273
225
210
291
252
246
225
270
192
264
276
210
252
219
279
243
294
237
216
225
234
267
249
234
222
258
216
267
237
252
216
225
237
249
258
249
201
237
294
234
213
261
207
225
210
222
246
240
246
