258
204
291
237
225
297
234
237
228
288
279
261
237
267
210
294
234
267
231
300
243
219
213
198
237
246
225
204
228
264
234
216
195
237
282
294
222
276
258
276
231
258
240
222
249
177
216
234
213
219
261
252
225
246
222
270
252
192
225
246
210
222
219
300
213
255
222
246
243
219
243
183
264
270
249
273
213
300
243
261
219
237
249
237
240
237
258
243
237
213
204
216
210
192
204
210
228
258
231
228
258
264
237
189
219
255
237
216
213
267
276
237
234
240
237
294
261
285
171
303
234
225
258
222
237
228
216
261
192
225
216
264
240
213
258
228
297
243
240
249
255
219
234
207
255
246
297
225
234
222
246
216
255
210
246
216
252
258
231
270
177
255
234
240
234
198
222
246
228
300
282
249
225
258
237
231
261
279
237
258
225
252
237
285
255
210
201
273
243
240
270
240
267
228
300
300
237
198
240
207
204
246
240
213
273
228
225
219
237
264
210
246
270
309
255
273
267
237
258
216
270
240
264
279
240
246
270
276
246
198
255
234
279
258
234
219
225
249
246
219
249
237
240
231
276
240
219
231
240
273
210
231
264
249
258
198
219
246
276
279
237
267
237
231
234
237
234
195
246
216
195
198
216
240
240
246
264
243
228
192
264
225
258
186
237
186
273
249
291
225
240
198
258
261
222
249
288
258
240
207
