468
435
465
531
450
483
528
387
438
531
492
489
480
516
528
456
426
459
465
510
459
468
417
564
483
474
486
411
474
477
492
402
465
432
471
531
501
516
483
456
471
420
528
510
435
516
432
468
525
528
528
456
432
423
453
492
495
438
510
549
492
468
426
516
447
465
483
525
468
522
558
411
498
474
492
495
453
441
516
438
438
528
513
438
498
459
495
492
519
519
417
441
456
468
519
525
462
471
420
495
426
492
507
483
462
432
522
516
492
513
429
465
438
438
528
507
447
501
471
492
537
432
504
450
504
453
474
495
447
495
483
465
555
531
402
465
525
555
450
480
453
441
534
468
447
429
486
408
519
498
462
426
525
462
474
534
444
519
474
504
513
513
444
459
486
441
465
555
438
495
471
456
495
495
570
393
501
510
483
474
444
504
489
438
510
522
504
474
432
429
456
489
423
480
480
423
483
474
534
486
507
507
435
456
513
411
471
411
501
483
498
492
438
477
516
504
492
561
459
474
444
468
435
474
495
450
459
480
435
489
480
453
465
462
459
489
531
507
420
534
486
483
474
441
486
399
480
471
456
429
513
510
510
483
474
531
459
621
555
501
411
486
444
435
507
489
519
453
498
510
534
441
477
504
474
519
426
459
426
465
477
492
438
459
423
423
465
465
420
480
486
510
492
447
510
411
435
570
498
474
