177
237
219
237
219
243
228
216
240
213
231
276
231
225
213
252
219
204
228
276
192
225
228
240
261
249
219
228
261
192
255
285
237
258
225
213
243
246
219
234
228
276
237
273
264
306
270
231
243
237
243
228
285
249
249
261
255
249
210
243
216
207
261
195
207
246
210
246
258
273
222
231
219
255
300
228
228
255
240
276
210
240
213
213
219
228
204
231
219
243
282
246
213
258
192
207
282
225
243
186
243
270
246
228
261
219
219
219
210
234
255
225
219
213
159
204
285
234
273
207
219
231
267
258
270
204
231
258
234
231
270
210
192
249
234
267
219
213
255
249
216
252
261
243
243
225
231
258
216
195
231
273
225
207
210
228
273
234
207
282
222
255
273
273
237
306
282
279
273
243
222
267
273
240
210
216
225
204
285
306
228
249
234
261
207
222
249
237
282
237
279
219
228
198
231
273
261
273
300
201
264
240
234
252
309
273
243
237
237
222
249
240
276
249
282
204
213
240
219
243
255
261
228
279
186
231
261
270
273
225
234
270
237
252
228
252
177
228
234
252
213
177
258
225
261
264
234
219
222
237
234
249
231
216
240
252
261
195
255
219
276
261
255
273
243
258
195
231
222
237
204
219
246
207
282
285
246
228
246
258
315
282
237
261
282
255
291
240
243
267
237
222
240
183
285
210
246
288
255
216
