222
222
240
258
258
252
255
294
252
285
258
189
234
240
252
264
231
294
189
171
246
228
297
198
216
270
213
264
207
219
219
231
240
246
270
192
279
249
234
270
204
252
288
279
273
222
213
213
216
288
258
207
267
261
258
243
264
222
267
243
225
288
246
231
252
237
255
222
255
201
204
219
258
237
243
270
222
234
270
270
237
213
201
195
249
159
222
255
252
270
270
237
258
267
267
288
231
231
225
264
258
237
219
267
225
252
258
231
192
249
219
255
252
216
231
279
219
276
225
207
255
222
246
243
246
249
276
276
249
222
213
249
231
261
204
228
249
264
240
210
279
249
285
192
183
234
231
189
288
237
297
222
270
282
225
192
240
228
216
237
252
270
210
297
258
258
246
258
219
246
234
210
219
201
273
219
255
270
282
228
276
222
219
213
288
261
252
216
255
210
240
249
237
255
240
174
249
234
270
195
234
231
222
192
234
201
267
246
231
228
258
204
288
216
264
261
228
258
246
240
246
237
198
234
276
237
249
201
282
228
264
252
243
261
222
243
195
273
204
222
231
231
237
222
255
237
225
234
210
267
189
273
216
249
219
261
195
249
201
249
267
228
255
234
195
279
249
252
255
210
231
222
267
228
282
228
219
246
264
243
225
225
282
231
195
195
240
204
225
228
237
234
291
225
192
204
222
210
246
234
