261
252
234
237
264
243
237
243
249
240
234
249
213
216
243
186
252
210
177
267
258
216
207
255
213
294
246
246
234
258
216
267
216
237
252
216
201
261
198
234
246
276
213
282
264
279
276
198
222
261
237
240
243
201
228
249
210
231
201
219
261
222
228
222
204
210
234
207
222
210
228
249
228
243
174
195
246
228
261
288
255
234
246
285
219
252
237
249
222
201
261
285
216
246
252
204
237
252
237
210
246
261
201
225
249
249
252
270
213
264
267
186
219
261
237
210
222
249
213
282
240
204
234
267
225
237
186
294
264
228
246
228
249
261
273
237
270
285
279
270
282
219
222
240
240
294
237
225
273
240
219
231
273
225
243
255
246
255
201
249
285
255
273
240
237
219
270
228
210
222
261
273
267
288
267
189
225
282
210
231
231
255
216
243
261
261
192
252
252
258
234
219
231
246
267
222
276
213
228
228
234
213
285
198
222
276
240
183
258
210
234
225
231
240
252
249
327
228
225
222
231
246
198
237
294
288
210
204
303
225
249
201
231
240
213
198
234
243
270
228
216
216
207
261
213
243
234
264
228
237
228
219
258
249
246
303
249
228
237
183
228
249
270
228
288
216
255
222
237
231
273
246
219
246
222
261
219
231
219
246
225
210
237
216
276
273
261
255
210
264
234
243
222
258
228
231
261
228
225
267
