258
261
246
252
282
240
258
237
258
234
213
294
252
261
273
258
237
255
243
207
237
195
258
318
213
207
261
216
213
234
252
288
240
201
234
237
195
291
222
249
252
237
240
234
231
255
228
210
246
195
240
228
264
219
252
246
234
171
234
213
276
207
234
201
282
264
285
249
300
213
243
279
264
210
243
225
174
243
222
246
252
213
219
219
267
189
246
207
222
264
258
228
225
219
198
288
219
267
231
252
216
210
294
222
306
249
240
261
264
252
243
243
240
243
243
240
216
228
198
222
276
225
237
282
237
210
273
264
228
255
240
246
231
240
219
237
225
237
267
237
195
282
219
237
240
252
252
261
243
216
231
261
240
174
249
201
237
207
291
252
276
240
273
204
234
264
279
255
189
240
228
243
246
276
240
282
252
252
234
228
189
231
258
237
237
306
264
270
231
231
234
246
270
216
240
222
249
222
279
204
282
276
285
249
201
276
231
216
282
279
279
222
294
255
270
213
243
255
270
243
204
195
219
261
228
288
240
228
177
261
237
240
252
234
228
231
210
222
210
216
255
297
222
258
201
231
252
192
303
225
270
243
252
258
186
240
207
204
216
231
207
204
213
201
189
207
177
297
162
270
201
273
207
216
192
225
210
270
258
234
267
234
249
234
165
261
255
243
234
228
243
258
228
204
240
210
207
240
243
246
