282
195
237
252
243
243
201
222
234
252
246
270
243
198
186
303
255
213
276
249
249
231
225
219
273
204
195
255
195
264
279
255
237
273
201
234
267
210
249
159
249
246
225
273
228
240
294
231
207
246
237
255
249
240
267
291
255
261
249
285
225
267
240
249
264
249
243
201
195
222
255
240
228
195
228
234
231
213
213
279
210
243
225
255
252
225
210
267
255
285
231
243
273
234
228
222
219
255
255
264
234
237
204
177
234
240
258
267
201
219
288
237
207
228
219
237
225
312
234
204
180
240
237
231
285
228
258
213
231
243
231
186
225
303
234
201
198
219
237
264
252
204
243
294
249
285
306
249
213
198
276
213
264
246
276
309
222
246
189
237
246
240
213
225
231
204
288
195
249
225
243
213
258
258
213
195
243
198
171
264
219
231
228
222
240
258
234
207
240
255
327
231
255
231
234
240
234
213
246
261
186
249
213
261
255
270
246
261
177
261
234
210
246
249
237
249
231
219
276
219
294
234
273
261
246
264
252
276
210
234
183
210
207
246
252
204
216
258
234
198
228
213
246
201
204
258
255
201
252
255
249
180
255
276
276
225
195
237
210
252
231
309
213
249
306
222
288
213
210
243
240
282
273
231
282
261
252
255
234
240
252
267
255
231
276
222
225
270
231
246
231
270
264
228
240
234
255
243
246
222
