273
231
240
288
246
222
222
228
243
240
222
261
231
213
249
273
258
258
222
222
267
231
231
195
267
228
270
219
231
228
240
246
264
192
270
219
228
261
222
210
240
240
258
273
192
231
216
228
270
267
261
237
222
210
240
234
189
201
264
243
243
321
231
258
192
279
258
252
216
255
255
267
198
243
249
261
213
261
219
246
246
225
195
246
219
180
216
234
273
273
237
261
255
225
216
252
252
258
237
252
195
258
297
216
243
255
207
252
294
279
276
231
255
222
183
273
228
207
219
276
228
210
249
222
276
255
231
279
240
228
240
192
234
300
252
207
246
198
231
237
246
243
270
198
252
210
237
216
207
282
255
150
213
243
282
276
240
255
291
237
243
234
252
246
222
252
258
285
252
258
243
276
237
189
243
261
249
222
234
246
189
261
213
288
237
246
291
249
237
210
240
213
237
249
291
279
264
228
225
261
189
240
270
231
237
246
180
249
267
297
246
231
252
240
177
288
237
222
276
270
213
267
306
255
207
264
231
216
234
279
291
222
198
219
252
228
201
240
222
204
273
246
252
270
282
306
240
237
234
249
192
234
231
258
291
225
276
219
216
222
222
246
231
237
225
228
258
204
216
240
273
213
216
216
264
255
249
234
255
258
264
198
267
222
279
303
228
267
219
267
222
210
201
222
252
201
231
249
264
189
