249
294
255
285
246
231
273
237
207
288
246
249
204
258
258
273
225
237
273
246
231
240
231
267
225
189
258
204
237
225
231
231
249
207
258
201
228
255
201
204
252
228
228
234
258
288
210
225
237
237
207
222
270
174
246
234
231
219
213
276
294
240
225
207
270
207
249
246
198
213
234
192
270
258
216
231
231
255
285
222
240
204
273
258
249
252
225
231
276
282
231
249
249
252
246
234
222
237
201
198
204
225
243
222
207
231
216
231
237
264
228
237
234
276
195
225
252
237
228
228
237
219
228
246
237
201
213
192
237
270
273
243
222
255
213
231
294
204
234
216
240
249
240
246
267
261
234
264
222
276
204
273
276
264
276
237
279
231
255
246
324
222
255
240
267
252
216
279
252
156
300
216
234
276
270
255
270
258
252
201
192
237
258
252
225
231
237
231
231
192
285
231
270
240
240
219
273
222
270
219
255
243
240
258
228
249
264
240
234
204
276
201
249
243
276
228
237
204
240
249
246
273
285
288
210
255
201
246
261
207
261
201
249
255
276
228
198
231
222
222
258
255
219
258
213
225
270
213
243
237
225
228
222
234
234
294
294
285
252
258
267
207
198
234
249
225
237
240
243
207
255
264
237
243
201
255
270
258
237
231
273
264
216
228
231
234
288
231
234
240
252
222
231
234
216
258
267
222
216
228
