186
240
207
216
246
246
222
255
246
237
252
252
243
219
246
264
234
222
210
246
261
213
228
258
261
189
231
273
279
228
240
246
255
279
186
228
210
225
207
255
231
288
255
252
228
291
255
282
279
225
279
264
312
270
246
204
264
240
225
243
231
258
210
198
216
270
213
258
255
207
279
231
276
225
240
231
255
246
267
228
252
243
228
180
234
234
234
219
210
231
327
216
252
294
225
282
234
258
255
243
249
228
216
195
228
246
264
210
312
249
225
204
219
240
219
252
255
231
273
222
228
240
267
270
276
210
228
246
192
252
213
261
213
246
222
279
279
276
225
273
276
276
243
228
174
204
213
243
246
270
210
207
171
189
294
234
210
222
237
207
300
240
213
237
216
237
240
216
249
255
273
270
300
216
177
270
234
252
219
213
276
225
222
228
246
243
252
210
276
234
228
207
231
261
267
201
201
249
234
234
258
234
195
204
216
219
243
216
252
207
246
210
237
267
249
222
210
240
198
228
270
276
267
219
300
225
240
270
231
261
213
243
183
246
228
279
201
249
324
243
264
189
243
225
237
177
162
261
279
228
249
267
285
252
189
225
213
246
210
219
225
243
213
240
213
279
216
264
237
249
309
234
264
234
276
249
252
312
201
249
234
258
210
225
234
258
231
243
243
240
240
222
228
249
237
276
276
240
267
240
