174
303
210
234
231
234
270
240
216
267
225
216
195
246
267
225
246
198
285
276
252
240
252
258
216
237
246
228
234
210
234
165
282
252
210
273
210
213
219
216
228
192
198
276
309
249
228
240
180
231
195
234
252
228
225
273
228
216
219
213
231
228
240
267
264
261
204
201
189
210
213
249
279
270
210
231
177
228
246
222
231
219
195
231
213
216
255
288
228
213
246
291
228
228
282
264
264
201
252
243
237
285
297
246
210
294
303
222
234
243
243
183
192
195
270
228
243
246
243
222
255
243
231
246
288
189
252
267
294
273
291
270
240
270
225
189
231
228
273
249
216
249
216
258
234
252
222
240
237
282
282
243
213
231
246
246
261
237
282
255
261
240
243
204
195
225
261
261
222
225
246
288
159
237
279
180
249
234
282
201
213
300
240
243
210
276
186
255
219
228
198
240
210
279
213
249
279
228
255
240
213
267
219
228
285
267
234
252
225
246
240
237
213
252
219
228
252
231
255
231
231
213
246
300
246
258
222
240
216
198
225
243
267
237
207
261
240
249
213
261
204
222
261
228
219
258
237
264
180
237
225
225
252
207
252
258
249
219
246
243
252
234
279
240
261
213
204
204
231
234
249
222
279
255
267
246
228
231
237
228
210
228
222
276
225
261
222
213
237
243
252
270
213
246
246
267
237
270
237
282
