306
228
240
174
264
246
216
225
270
273
240
246
240
216
297
216
246
261
243
255
246
258
231
267
276
237
270
222
207
174
240
255
243
210
204
246
204
246
264
243
255
282
243
246
216
252
201
219
255
207
267
252
267
252
252
261
228
243
240
234
207
237
240
243
225
252
216
249
201
264
285
213
240
249
252
207
246
213
246
234
222
276
255
261
300
219
225
273
258
174
198
315
246
243
231
159
222
237
288
231
276
237
231
189
210
204
258
213
228
177
213
264
219
261
300
210
255
237
222
273
288
267
219
270
222
261
255
210
252
246
261
252
249
216
264
198
237
201
216
276
243
237
267
201
222
249
258
225
213
237
234
255
228
261
243
246
240
237
237
249
228
264
225
234
231
279
291
213
309
225
237
234
213
240
255
243
243
240
297
228
219
240
210
219
243
243
246
264
246
183
222
237
219
228
198
237
252
192
210
267
234
228
255
273
228
237
219
276
237
249
213
228
255
255
222
213
207
207
201
249
228
252
252
222
231
192
249
222
231
246
219
231
192
225
207
216
207
264
252
219
204
258
237
291
210
321
243
198
237
219
240
234
258
240
201
210
261
249
249
198
285
264
258
258
270
273
252
240
186
264
237
228
222
216
258
285
297
225
228
255
258
273
246
279
210
270
216
228
228
264
279
237
270
216
225
246
222
219
222
282
