267
297
249
267
222
249
204
222
201
273
189
264
246
180
267
234
249
213
258
261
237
252
339
258
243
225
243
231
276
195
228
240
231
231
204
213
240
237
246
240
159
234
252
294
264
234
270
273
255
246
225
252
219
237
252
246
216
234
234
246
192
258
237
201
213
222
225
255
195
222
228
237
177
210
258
240
216
216
261
225
252
231
237
249
243
243
225
174
243
222
240
234
219
243
276
294
210
222
231
234
255
234
222
255
222
237
240
234
240
213
252
249
264
270
225
258
234
258
252
252
264
246
249
177
252
219
186
270
267
291
246
249
231
201
246
234
294
249
216
213
225
219
240
192
213
225
243
255
285
225
225
162
246
192
195
222
267
243
255
261
231
273
198
210
282
207
249
243
231
267
192
192
246
204
219
273
195
246
243
210
240
267
234
195
252
225
273
225
246
231
252
291
246
192
294
192
198
231
210
213
216
207
231
285
237
267
201
237
210
213
309
234
228
258
276
261
243
240
222
240
243
228
261
309
261
243
228
315
207
198
240
195
225
216
225
255
255
237
222
219
273
198
249
240
270
255
204
291
264
213
210
243
246
198
261
273
270
198
198
237
237
231
273
240
243
291
279
201
261
249
225
219
207
225
228
195
228
282
225
297
189
276
240
237
225
222
246
291
210
237
222
234
222
207
219
222
237
240
249
249
