234
186
255
240
240
300
210
225
264
249
270
234
243
189
291
240
210
264
276
234
261
306
243
225
249
237
243
282
213
252
258
285
243
252
225
267
210
252
249
261
255
279
189
189
258
267
246
219
174
249
294
246
240
243
258
207
282
237
264
186
240
273
207
288
243
300
204
237
255
192
222
231
255
204
231
258
264
258
231
231
285
204
243
273
219
276
270
237
231
240
219
249
210
243
204
246
207
297
207
252
249
273
195
228
264
231
243
267
246
264
240
228
261
219
219
294
273
246
252
234
261
264
228
255
261
225
255
267
192
204
267
234
258
231
237
234
285
207
282
231
258
297
201
219
261
270
219
264
237
246
216
225
228
237
219
252
207
279
279
246
249
231
252
267
186
270
225
258
195
210
294
252
201
273
267
216
246
231
270
249
261
240
243
255
270
240
210
330
234
228
264
243
213
141
288
216
237
213
252
258
222
255
279
273
225
246
243
222
252
237
261
246
204
261
291
192
288
276
207
252
252
246
234
270
240
228
225
219
243
234
204
237
219
339
264
228
297
249
252
222
276
270
231
210
246
240
198
234
225
249
222
279
234
249
252
279
261
267
216
276
240
273
210
273
246
189
246
225
213
228
216
246
207
288
273
219
183
276
231
276
246
231
231
189
246
249
267
276
243
276
255
237
252
228
213
270
237
264
255
252
