270
240
231
210
240
246
261
237
261
225
198
249
291
258
264
246
219
273
231
246
300
243
249
261
237
249
201
246
237
240
273
201
285
228
264
294
213
318
240
231
273
192
204
258
252
222
213
231
234
201
249
207
282
264
261
225
276
177
240
228
261
177
273
201
261
321
222
252
234
222
282
243
255
255
240
180
243
252
237
195
231
276
240
258
264
216
234
174
210
243
270
249
207
228
237
273
204
264
279
222
213
225
255
264
249
249
198
228
282
210
198
252
264
261
237
264
240
279
216
228
240
255
219
309
273
219
234
261
204
255
252
219
234
231
246
207
198
219
228
246
240
228
222
246
246
216
243
243
279
300
219
234
279
219
258
246
234
228
252
180
237
216
234
240
273
243
255
162
285
249
273
246
213
207
234
195
213
294
252
282
237
237
291
273
240
240
243
255
309
234
249
207
234
231
204
216
237
261
237
210
264
255
237
204
228
243
264
222
270
258
186
264
147
255
291
204
243
249
249
282
237
255
219
222
258
204
243
249
246
234
252
249
291
273
210
228
240
231
267
276
249
249
213
249
222
258
246
285
255
285
219
273
216
255
240
255
258
228
249
255
282
228
243
243
189
264
237
222
228
240
231
219
270
312
264
252
204
225
243
237
249
243
252
231
207
219
204
228
210
207
234
255
243
201
207
240
240
237
222
243
