258
252
243
258
276
246
231
225
279
195
264
216
195
267
234
234
234
192
231
234
249
258
261
240
249
240
192
222
246
264
231
252
195
273
237
234
252
210
240
291
303
243
315
285
222
240
231
237
264
240
213
216
288
249
261
234
198
204
282
282
225
237
207
270
237
237
231
258
231
231
237
231
243
264
222
258
264
231
237
219
231
237
174
219
264
231
294
258
213
249
225
246
219
288
246
201
207
222
276
216
237
210
279
195
243
222
252
228
240
219
279
258
261
216
246
258
261
297
231
213
210
288
246
240
237
279
189
240
225
213
231
252
288
246
216
216
258
237
249
222
198
261
252
162
252
234
231
192
240
258
240
276
243
246
252
222
228
234
228
192
216
264
297
261
237
234
315
213
267
273
249
249
225
219
255
291
255
213
246
285
243
195
201
216
255
198
228
243
228
246
261
192
219
246
222
222
198
249
246
237
225
237
219
234
207
255
276
216
243
180
234
231
270
267
222
246
273
222
195
258
252
243
282
249
255
267
246
228
258
237
243
219
240
213
255
216
240
231
222
282
285
192
213
225
270
243
219
246
258
225
222
225
258
216
228
264
219
216
273
306
279
264
249
258
276
204
264
255
228
216
261
234
252
228
288
204
237
222
237
240
219
225
252
201
237
234
222
231
270
192
207
240
234
258
267
225
252
303
225
258
