237
237
192
225
246
246
237
228
252
234
267
231
225
189
207
237
258
231
252
255
231
252
261
249
243
201
219
285
258
240
219
207
255
213
213
291
240
255
237
231
279
195
189
219
237
237
189
237
258
231
267
243
198
282
261
237
231
279
258
231
264
273
252
216
219
228
225
231
243
240
303
186
252
219
249
240
249
225
255
276
222
255
210
192
255
210
249
228
267
252
249
246
210
207
207
231
216
231
210
261
231
207
240
225
234
216
273
231
231
180
234
213
300
180
213
237
255
252
261
222
234
279
228
267
282
228
282
219
240
261
252
249
231
231
249
240
237
285
276
276
216
249
213
201
291
264
246
210
240
240
267
234
234
264
264
189
294
228
279
267
219
249
213
237
192
261
213
249
276
207
258
195
216
231
231
177
222
228
243
219
234
237
234
207
261
213
231
231
240
228
240
231
198
243
219
192
243
252
273
234
249
243
222
264
240
300
234
216
264
213
273
219
231
237
252
213
255
246
237
264
285
246
246
234
234
237
255
228
267
276
261
225
210
234
237
276
213
297
297
180
219
231
270
270
222
231
225
207
186
216
189
258
222
267
231
231
270
276
219
240
216
264
219
258
252
237
267
228
225
243
225
228
258
267
273
234
198
195
294
246
264
219
291
225
201
231
225
249
216
273
207
234
252
258
246
270
264
249
225
225
