213
261
255
198
219
240
228
231
255
234
204
213
222
183
237
243
228
264
270
243
252
261
237
195
279
243
189
291
201
210
183
234
249
204
240
261
231
267
282
231
189
207
237
264
216
216
195
213
249
237
252
219
249
207
243
222
288
237
216
255
210
264
183
198
234
240
264
228
225
186
216
258
186
261
246
201
246
213
207
264
225
216
264
219
240
315
213
246
201
204
207
276
240
207
243
234
234
240
294
228
234
222
228
249
258
231
237
258
339
234
252
204
240
210
228
222
222
249
255
216
252
213
216
192
225
252
231
246
261
291
249
264
189
216
234
231
258
222
276
219
252
243
264
255
219
225
213
228
225
267
249
249
252
279
225
249
192
225
252
246
243
222
255
228
240
282
258
249
246
258
243
231
273
249
270
294
231
270
213
231
276
237
252
300
285
222
303
198
228
288
228
198
267
267
252
234
255
240
210
219
285
276
216
243
231
234
249
276
288
291
285
252
270
261
240
270
234
246
267
237
237
264
255
234
219
243
279
219
213
246
222
225
273
213
279
180
207
204
267
201
231
273
258
210
231
237
222
222
231
252
192
249
222
255
231
234
183
225
213
264
165
273
240
225
264
246
258
303
207
225
300
237
228
231
219
276
270
285
210
213
228
210
252
237
231
270
291
231
258
231
276
231
228
228
240
249
273
222
243
249
