255
216
255
264
204
246
240
246
207
261
252
240
237
279
273
231
267
210
267
273
285
222
192
222
237
264
231
240
219
237
201
243
228
300
243
231
276
246
240
198
228
222
285
246
189
261
219
192
237
204
243
228
216
231
258
204
279
285
243
249
288
243
228
222
204
303
207
270
252
216
240
255
261
207
252
258
249
246
243
201
252
246
201
261
240
264
234
207
225
276
240
231
234
288
216
228
261
234
261
228
255
270
258
237
234
225
219
237
228
231
246
225
252
219
258
249
237
234
210
285
243
255
189
237
264
294
216
213
267
219
207
282
216
228
243
225
213
213
210
219
195
282
213
267
273
240
270
231
210
213
231
192
198
240
228
225
222
228
180
237
279
303
234
255
255
222
222
198
228
261
222
207
258
255
270
237
252
258
198
198
249
237
213
204
255
303
183
246
273
246
258
246
219
234
234
195
192
234
243
237
246
231
201
243
228
267
264
258
246
201
267
186
285
216
255
258
279
243
231
204
294
255
240
219
252
234
222
258
255
228
225
303
297
231
252
258
267
258
231
159
267
216
195
246
258
225
225
237
207
231
240
219
246
252
225
156
255
210
249
297
240
204
252
237
261
261
246
240
237
198
270
324
189
234
183
177
222
207
258
195
246
255
228
252
192
267
216
189
231
273
297
234
246
258
234
255
201
228
207
207
