270
228
210
228
291
291
195
264
204
249
249
237
279
228
264
279
249
261
279
294
231
234
243
213
294
219
276
288
252
204
273
237
267
261
279
270
243
279
291
237
270
258
297
255
249
255
246
231
219
258
261
294
243
252
282
273
228
246
204
279
264
261
240
234
270
240
195
219
207
237
273
222
258
243
246
213
210
243
267
219
264
228
261
279
249
249
258
231
279
234
216
246
291
237
234
189
204
240
267
201
261
258
237
252
273
267
255
243
237
192
219
258
249
249
246
297
237
276
213
273
255
246
225
234
210
246
231
264
249
243
246
252
288
204
312
210
246
234
327
228
240
258
210
210
261
270
261
222
222
192
213
252
243
195
210
252
243
177
219
222
261
297
219
228
219
240
279
225
252
228
231
240
198
246
225
258
225
267
228
213
243
240
234
255
261
198
240
243
276
234
270
234
234
264
279
279
195
231
261
258
231
237
204
237
249
297
264
237
276
225
240
234
216
204
240
213
258
240
261
237
219
228
231
234
240
243
210
225
237
321
204
201
243
288
270
207
246
270
228
270
249
195
234
198
231
210
204
252
228
243
219
252
234
258
225
264
231
288
258
228
231
210
264
228
255
252
204
150
258
249
282
315
231
273
222
201
282
219
246
228
204
252
267
192
228
234
195
246
261
282
246
228
234
207
216
258
222
255
222
207
