231
231
258
219
267
261
249
246
198
285
246
228
210
210
243
261
243
207
198
258
243
240
213
252
192
180
216
237
261
216
240
237
249
210
249
240
261
216
258
249
240
225
252
276
249
261
237
222
192
225
270
252
225
216
240
243
276
267
267
225
228
201
225
198
240
225
225
225
252
204
279
249
225
243
267
237
225
204
261
216
234
261
204
255
240
195
246
237
270
246
249
177
258
225
228
291
225
207
204
252
246
210
282
255
240
243
264
201
252
249
225
228
228
273
183
219
261
216
207
225
249
228
168
249
267
234
222
228
195
216
204
252
240
261
264
240
279
261
234
255
231
210
228
210
258
276
255
288
297
210
198
234
261
279
219
243
231
267
234
204
267
276
243
264
228
237
216
174
282
270
273
210
249
237
285
282
240
246
282
252
258
297
255
258
231
213
222
249
237
225
216
261
243
273
240
189
243
213
210
204
234
207
240
285
282
255
273
222
246
231
234
225
270
219
249
309
255
264
234
195
237
270
210
300
258
252
273
240
231
261
282
231
264
222
261
228
228
219
216
252
243
264
267
294
240
204
258
219
237
213
210
270
216
243
288
213
276
249
249
246
228
267
222
213
213
231
246
246
246
201
270
243
219
246
240
246
231
225
246
264
222
213
261
210
222
213
222
213
261
222
252
258
276
267
222
195
240
300
249
258
