252
240
192
207
258
231
252
198
267
270
237
249
240
255
240
216
261
252
261
246
264
231
213
195
279
243
213
282
216
228
258
207
216
219
240
264
258
246
243
237
249
192
231
321
237
219
252
252
267
246
225
234
177
282
210
234
231
252
231
219
285
225
222
186
207
231
222
240
231
273
267
252
261
261
264
198
273
258
249
228
204
264
189
252
213
225
246
216
240
249
246
213
240
198
267
222
261
204
213
252
243
234
216
249
240
294
240
225
282
243
255
201
267
282
261
237
276
240
252
228
270
231
240
294
255
207
324
225
279
258
252
261
246
246
225
186
237
213
243
270
222
207
240
294
210
237
240
228
219
261
246
243
270
273
225
228
219
213
249
267
240
276
255
270
216
258
225
303
228
243
216
255
255
252
255
291
225
207
285
213
285
249
219
288
252
237
213
231
222
222
240
282
201
291
222
249
234
261
252
285
234
237
195
267
216
210
213
276
213
261
267
216
252
252
231
207
222
255
237
243
222
270
243
276
261
273
234
195
303
225
252
243
210
240
303
249
270
207
225
222
228
222
225
273
252
213
207
246
234
231
270
237
249
213
183
288
219
231
246
267
207
213
252
261
282
216
222
219
219
204
297
216
243
249
204
201
225
252
234
204
276
219
255
240
249
255
228
207
273
252
189
228
204
312
207
279
219
189
234
321
