195
249
186
225
234
243
219
222
267
204
264
267
288
231
228
204
237
255
240
264
228
270
270
225
255
231
261
300
222
255
252
234
231
252
222
237
198
198
204
243
177
219
165
210
312
222
225
294
243
228
225
237
279
246
249
258
285
198
198
240
228
240
228
207
234
252
225
231
270
201
267
231
249
267
234
258
249
270
249
225
267
186
249
231
201
216
252
240
261
243
261
216
237
234
186
234
219
267
216
234
288
249
237
279
225
273
276
294
252
213
258
201
243
237
228
228
186
279
231
207
270
240
222
216
276
228
204
231
246
255
219
249
210
213
234
201
258
228
279
255
267
234
213
288
267
228
300
201
258
240
207
270
243
252
228
312
246
213
255
276
234
273
213
234
249
270
249
234
240
276
234
195
276
237
219
261
267
246
285
234
288
282
219
204
174
255
243
285
216
192
216
249
243
231
216
252
237
273
225
231
252
207
213
252
243
216
261
204
243
237
183
219
174
249
240
228
306
264
273
222
240
204
258
240
213
249
279
252
282
270
231
249
252
270
246
225
225
213
240
225
240
213
240
231
237
252
249
198
246
246
279
204
270
258
174
186
267
231
249
222
240
240
231
237
270
207
171
222
258
273
279
228
225
297
225
255
240
180
240
261
219
228
219
252
225
219
258
243
237
228
264
264
186
237
243
195
219
273
222
240
