234
237
270
216
267
228
282
225
267
225
219
273
246
264
234
267
237
252
210
225
267
258
237
255
261
318
276
240
270
240
258
270
240
237
231
231
255
282
240
210
222
252
228
225
252
231
276
225
240
258
210
258
201
231
225
261
246
255
246
258
231
282
270
252
249
270
222
249
258
243
270
249
231
240
240
228
249
240
261
252
234
246
225
270
252
222
288
234
204
243
240
255
246
240
231
249
228
237
246
228
228
198
243
261
198
213
234
255
213
270
252
228
225
225
258
252
252
237
252
267
192
282
273
213
237
213
276
252
204
216
255
225
231
285
291
255
258
243
252
252
264
225
231
240
255
303
297
270
177
219
252
231
228
234
225
249
252
222
255
219
243
252
264
207
210
255
222
216
234
204
216
234
270
195
237
273
315
252
276
255
258
204
249
228
246
276
198
246
255
264
279
264
270
237
213
273
216
261
267
240
228
216
228
279
210
195
282
273
261
258
237
240
213
291
216
234
240
240
249
210
264
207
243
195
237
267
297
258
249
195
264
195
279
222
204
207
237
234
255
273
225
219
189
240
279
252
192
222
264
210
210
225
201
216
279
216
252
243
213
246
270
243
282
273
297
213
204
204
216
264
222
198
234
261
213
243
237
201
261
237
231
246
234
216
222
219
279
246
222
198
183
267
234
231
228
237
204
276
216
279
