198
237
258
231
324
264
237
234
216
219
216
255
264
222
246
261
246
240
225
267
231
234
210
198
255
231
255
234
243
243
267
249
186
246
234
237
264
234
234
234
237
237
252
252
234
207
192
294
228
258
255
204
231
231
243
261
207
243
273
234
216
237
243
213
207
234
222
252
219
228
261
234
237
246
228
252
252
216
252
258
261
243
219
273
207
180
201
219
219
246
216
267
285
255
216
222
222
225
219
237
231
273
201
300
228
273
219
255
213
261
249
240
276
216
225
222
234
288
261
249
207
237
207
246
231
216
228
222
225
246
243
234
225
225
249
231
234
225
291
207
210
240
276
231
240
255
285
246
243
201
219
219
207
273
252
228
240
267
234
198
204
270
243
267
255
243
204
246
222
213
228
222
213
240
219
249
228
234
222
228
267
237
234
207
249
219
216
186
252
264
228
231
267
228
273
234
279
243
243
246
198
246
216
234
246
207
279
300
195
252
210
219
207
231
210
237
228
189
255
252
234
258
204
222
240
207
249
216
288
255
213
240
261
177
255
240
204
225
252
210
279
183
273
246
246
210
261
243
219
219
189
282
243
222
207
231
225
225
273
231
261
213
249
210
213
279
219
243
177
249
219
234
219
243
207
237
237
252
282
252
240
282
249
204
258
267
204
237
306
228
192
240
249
216
273
258
249
255
264
174
