252
225
243
261
219
237
249
240
234
222
294
228
273
243
264
228
255
267
273
243
174
249
216
270
237
171
240
240
264
297
279
288
198
306
225
204
252
264
258
264
246
195
261
258
213
228
237
270
285
258
264
201
282
213
234
231
213
234
228
249
246
219
261
213
291
201
276
255
210
276
231
186
234
192
222
276
231
186
264
240
213
246
264
243
249
285
198
222
222
219
243
252
228
252
231
249
204
222
213
243
246
240
309
267
210
228
264
186
216
276
216
201
264
222
237
264
240
243
201
288
270
270
243
231
234
300
258
210
210
282
258
282
207
237
258
249
249
201
195
288
237
258
261
228
276
225
249
276
267
207
258
240
291
207
222
243
237
201
273
240
237
210
237
231
195
210
222
246
276
228
246
213
210
291
270
261
243
294
285
261
219
249
246
240
258
255
240
294
258
216
219
270
234
270
228
249
291
228
264
282
219
222
243
270
252
234
216
216
273
234
243
249
273
222
201
279
255
246
222
261
222
207
210
225
267
234
237
231
267
201
225
207
255
273
252
270
246
252
246
276
258
201
219
249
282
231
243
255
258
267
255
231
255
228
243
249
249
249
246
228
216
225
249
243
237
300
288
246
237
264
219
261
240
234
186
240
228
222
228
249
213
246
249
258
237
234
246
237
264
234
258
222
267
201
228
234
222
225
270
219
