219
258
252
195
231
273
246
237
249
261
219
216
249
270
249
237
213
249
228
231
243
192
264
231
228
285
276
216
183
258
255
225
243
252
225
228
222
243
237
267
306
195
270
261
201
228
234
237
243
267
273
225
261
255
246
219
198
255
210
279
237
201
219
219
249
264
225
222
246
234
264
237
240
243
213
252
246
243
243
192
279
246
249
231
255
273
183
273
267
210
276
231
216
270
249
306
216
231
234
249
228
207
192
228
249
282
237
264
336
258
258
198
234
237
252
297
273
231
297
231
228
228
273
249
225
204
216
204
204
267
180
246
192
282
225
216
201
240
210
228
210
231
276
264
234
249
246
219
282
237
216
186
201
240
234
264
264
276
255
207
198
234
237
192
276
231
240
228
264
228
216
195
222
258
282
258
234
216
228
261
189
231
249
237
234
207
237
210
282
255
249
222
240
240
228
225
246
252
246
279
309
267
192
273
231
267
231
273
267
213
261
288
231
243
234
240
249
237
246
207
222
261
258
240
216
228
279
288
261
279
234
198
276
267
225
225
219
222
255
228
255
231
240
264
246
270
237
285
240
330
195
225
243
273
258
252
213
228
240
231
279
219
243
228
219
219
231
228
225
195
252
255
228
204
258
255
255
207
270
276
243
225
207
243
207
231
240
285
225
255
234
219
228
303
288
258
228
270
273
255
