231
189
240
240
243
240
255
273
243
234
252
258
261
261
222
258
270
225
258
288
267
192
168
252
204
201
225
216
267
234
294
213
186
216
270
246
318
222
225
222
246
261
261
255
228
243
192
219
249
270
225
285
246
219
219
240
201
249
219
243
285
231
225
237
216
240
225
264
237
222
153
261
207
273
213
228
219
228
264
225
246
240
225
225
273
252
213
264
216
219
219
249
204
237
261
204
273
240
240
249
195
204
273
201
231
222
282
285
192
240
213
201
246
255
231
237
264
246
219
186
258
267
261
276
276
252
294
228
237
255
207
231
210
225
237
234
258
237
261
243
237
219
237
297
273
231
264
264
240
306
231
255
255
216
228
276
273
255
237
195
234
195
273
246
237
240
249
231
297
243
282
195
252
225
246
222
243
234
258
249
195
252
240
201
222
249
273
252
243
261
213
261
243
261
240
246
231
246
225
276
264
249
258
258
240
246
312
249
246
228
258
165
222
258
231
231
228
243
210
282
306
270
243
225
264
294
246
231
222
258
243
264
210
297
255
228
273
243
237
252
237
210
255
252
270
258
273
279
207
276
255
195
255
213
264
243
231
219
237
261
243
219
249
237
246
276
276
264
240
273
231
195
264
237
264
252
279
192
222
222
249
237
201
219
270
219
270
195
249
213
183
285
231
246
213
222
216
258
243
255
