243
249
315
243
246
216
255
171
237
210
285
252
264
231
252
189
264
225
243
252
228
252
234
252
267
264
243
255
225
243
243
267
252
270
240
288
288
213
237
267
270
288
222
273
216
255
252
252
231
222
258
291
210
246
195
237
246
255
225
231
237
231
201
228
228
258
258
261
231
252
213
231
237
219
270
246
273
204
225
258
222
249
264
261
228
246
300
219
216
228
270
246
267
213
246
246
243
249
264
168
255
213
228
243
201
252
204
219
213
195
240
279
261
234
255
264
258
219
255
252
219
282
267
207
273
291
264
240
234
234
258
249
213
234
192
240
222
270
255
216
246
258
252
237
249
216
252
246
204
243
201
246
210
174
228
249
276
258
231
261
291
234
258
285
255
243
243
234
231
201
261
252
249
243
225
288
252
210
261
267
246
276
243
192
288
189
186
267
279
261
258
273
216
216
231
246
207
207
246
234
282
231
279
246
285
204
246
246
297
225
195
237
207
237
240
225
234
261
246
210
267
249
198
225
261
222
210
204
273
225
192
225
294
198
210
225
243
198
270
216
255
225
222
258
243
261
249
225
222
291
261
216
252
237
252
219
222
243
219
207
255
243
279
246
213
261
219
240
228
219
201
255
273
276
264
282
246
228
219
270
237
246
273
225
228
231
201
213
213
192
225
261
252
189
243
267
222
216
252
252
