258
243
228
267
309
234
276
201
267
207
246
216
252
246
240
252
216
216
246
213
222
243
243
243
258
279
228
207
225
258
258
270
207
264
216
267
279
195
213
300
258
237
213
279
246
246
210
252
270
261
252
273
189
228
237
246
228
231
192
246
234
243
213
183
222
258
231
225
222
258
216
249
213
234
273
264
258
225
255
207
234
255
258
270
237
225
246
294
231
264
237
252
225
243
255
216
246
279
216
213
231
204
252
240
201
252
228
204
297
249
240
213
297
294
240
213
216
249
324
249
222
210
231
231
294
276
249
240
228
243
279
228
207
261
234
255
228
189
267
225
222
255
240
216
255
273
195
249
258
255
237
291
174
228
225
225
237
210
189
228
273
222
234
261
258
279
285
222
219
237
288
249
216
246
267
246
243
243
222
213
231
252
243
219
222
243
219
162
249
204
195
261
219
252
237
261
252
252
210
279
225
312
222
222
228
222
237
249
237
264
258
258
273
216
240
252
225
237
264
249
222
243
246
291
243
270
330
255
291
231
249
246
234
234
198
222
252
291
228
240
243
261
156
234
234
219
237
225
237
297
240
219
249
258
267
255
282
264
231
198
210
228
225
279
213
222
258
195
276
261
252
186
243
258
225
264
255
210
219
234
189
189
288
285
228
237
213
237
198
267
249
255
201
165
216
258
264
222
237
294
