519
537
471
513
471
483
447
528
525
450
462
486
504
552
411
387
516
480
528
453
489
495
534
498
489
468
480
456
459
504
510
525
519
429
444
525
471
468
441
477
480
504
492
570
519
513
465
408
522
447
495
456
567
441
510
513
414
435
462
486
540
552
468
471
528
480
399
441
444
432
450
450
417
447
483
438
435
495
474
426
465
501
516
501
453
459
438
543
510
504
504
471
447
543
429
504
495
465
426
414
498
459
501
489
534
405
447
504
555
426
513
498
504
522
534
498
462
558
411
441
558
444
438
471
504
525
546
468
456
486
444
459
513
549
489
501
516
501
486
435
504
444
507
477
468
462
477
444
471
468
453
507
444
438
492
372
522
474
492
429
441
468
495
501
516
486
429
516
453
513
471
510
423
432
459
555
498
456
468
450
432
438
546
501
501
474
522
468
444
555
507
483
504
387
471
486
486
483
531
531
468
474
447
588
525
510
474
501
492
480
432
516
489
486
486
486
438
501
510
495
546
510
456
453
552
486
522
420
543
465
417
528
450
465
474
510
480
435
393
447
537
477
480
477
489
540
483
516
498
510
447
447
498
399
516
441
501
387
456
465
486
510
492
405
408
450
507
507
438
540
465
483
501
411
447
531
459
471
495
522
498
492
462
489
531
498
432
498
465
429
420
471
501
492
477
471
432
459
549
429
