2910
2988
2886
2820
2817
2859
2778
3024
2802
2727
2733
2901
3129
2865
2802
2997
2934
2757
3066
2772
2670
2853
2706
2973
2931
2847
3015
2769
2958
2916
2769
2988
2760
2937
2898
2835
2697
2934
2856
3006
3057
2907
2967
2997
2832
2673
3012
2940
2994
2892
2718
3072
3060
2976
2679
2994
2994
2799
3018
2973
2913
2901
2997
2772
2841
2817
2919
2685
2925
2724
2865
2757
3096
2859
2871
2949
2886
2925
2832
3024
3027
2970
2697
2979
2898
2853
2856
2601
2847
2856
2778
2889
2724
2688
3027
2931
2889
2769
2727
2907
2970
2766
2862
2955
2775
2922
2970
2781
2883
2904
2895
2943
2835
2871
2847
2955
2826
2739
2928
2733
2778
2913
2895
2754
2748
2943
2943
2994
2757
2706
3000
2829
2829
2841
2949
2841
2820
2844
3039
3084
2982
2886
2910
2904
2820
2895
2910
2991
2898
2868
2874
2775
2895
2778
2757
2937
2967
2865
2952
2949
2640
2925
2955
2787
2850
2820
2886
2994
3018
2862
2883
2952
3000
2604
3015
2817
2886
3120
3024
2826
2769
2874
2808
3024
2796
2826
2946
2877
2907
2787
2958
2880
2814
2793
2871
2931
3084
2901
2898
2877
2880
2823
2775
2817
2907
2967
2838
2841
2907
2808
2964
2853
2715
2604
3030
2754
2934
2913
2715
2757
2751
3063
2892
2964
3009
2877
2967
2952
2871
3072
2847
2937
2799
2883
2823
2814
2850
2823
2874
2730
2847
2961
2970
2883
2967
2823
2883
2874
2871
2778
2982
2976
3015
2745
2856
2883
2865
2823
2913
2823
2802
2919
2898
2991
2967
3000
2766
2871
2925
2856
3126
2802
3051
3000
2853
2868
2835
2676
2757
2817
2895
2874
2940
2871
2835
2976
3066
2769
2868
2955
2913
2898
2892
2913
2757
3012
2835
2886
2724
2892
