276
225
288
222
297
210
252
270
264
171
246
222
225
261
252
255
183
234
183
228
255
243
267
213
249
231
261
234
237
195
213
255
225
186
258
240
297
207
252
213
207
258
252
267
243
225
231
261
246
228
237
255
219
255
216
216
246
210
252
288
273
243
294
246
255
201
234
234
225
240
258
243
201
222
249
243
207
210
282
243
228
231
243
210
264
216
255
252
249
270
237
249
225
255
240
309
240
234
279
246
276
207
222
222
219
228
237
234
273
210
210
219
234
267
249
285
258
225
243
195
228
213
234
237
216
249
198
231
297
216
213
285
210
297
234
270
258
228
309
270
270
216
210
231
231
222
219
261
273
222
255
204
297
219
255
273
264
219
255
279
297
285
258
351
198
270
288
252
222
240
237
225
252
249
249
213
228
213
228
258
252
264
249
222
243
237
261
222
291
219
240
291
201
240
225
243
228
219
210
273
171
258
243
228
222
252
195
306
258
255
237
282
243
246
252
270
246
246
234
261
234
270
255
243
201
210
231
207
234
273
261
249
297
228
276
231
234
255
246
243
243
231
222
276
258
225
225
246
264
258
246
291
207
210
243
267
246
222
225
231
216
207
201
228
204
243
234
246
231
195
219
255
264
195
222
240
204
231
246
219
198
195
234
195
264
261
198
243
255
300
264
225
276
240
255
270
186
222
186
216
