261
225
198
255
249
267
213
255
264
261
234
231
246
231
255
234
219
243
264
315
258
252
207
261
237
246
237
186
252
249
249
243
246
231
195
195
252
225
210
234
216
267
273
210
273
213
264
225
282
237
279
222
258
249
270
231
276
264
210
231
204
225
255
240
267
210
195
246
207
216
228
267
213
264
255
213
294
273
213
207
192
285
252
237
207
273
267
222
339
219
291
276
231
231
258
228
249
222
264
210
243
156
216
282
255
219
216
228
207
231
243
261
192
273
249
267
276
225
210
264
258
213
261
258
249
231
270
255
240
228
243
207
216
243
258
255
267
231
273
270
207
243
225
207
246
243
267
222
222
252
237
243
252
201
192
219
225
201
249
261
243
225
240
240
270
216
255
294
273
216
243
234
210
237
213
249
216
267
213
252
213
264
234
258
243
186
234
249
303
207
267
276
225
186
291
210
270
243
246
207
258
255
246
231
246
252
282
243
273
237
204
246
216
231
246
252
231
270
192
195
234
255
201
213
228
201
264
258
234
249
210
276
234
261
264
291
240
234
216
267
237
276
255
240
216
216
264
261
237
231
255
222
222
192
234
213
252
294
267
255
240
243
219
255
216
291
246
267
228
237
249
219
237
267
270
225
243
237
210
195
180
216
255
282
270
243
252
195
186
240
231
243
264
234
243
234
198
273
231
243
