243
216
252
273
264
255
246
246
234
258
231
237
282
228
186
210
216
219
222
216
234
261
249
240
204
234
225
276
279
270
279
264
267
213
252
213
282
237
252
213
255
246
234
252
225
231
231
171
246
264
249
288
195
246
225
294
255
222
240
267
243
234
234
231
240
243
252
234
282
231
192
246
240
285
228
240
210
225
228
228
237
219
252
252
279
234
237
231
288
264
249
306
243
258
288
213
252
246
255
231
207
204
225
273
234
258
270
243
255
240
213
240
228
261
228
291
213
177
204
228
264
237
231
237
273
195
225
270
243
267
255
246
168
255
207
201
234
231
276
234
237
249
261
222
228
294
282
243
279
231
222
234
207
213
279
246
201
231
258
246
237
240
258
213
306
237
249
201
309
240
246
204
231
207
264
174
192
219
231
243
273
258
276
237
249
282
249
243
222
243
231
210
219
237
234
228
246
252
288
261
231
270
234
237
264
270
228
261
225
261
189
234
222
258
237
246
249
237
240
267
252
198
183
204
252
219
213
252
264
255
282
273
246
258
249
279
243
225
282
249
210
258
189
213
258
273
273
267
267
228
240
237
276
288
252
255
222
267
228
237
240
213
252
258
228
246
279
210
291
219
225
201
237
216
300
240
198
231
231
270
228
216
225
246
255
261
234
255
264
264
267
231
219
255
210
207
282
249
240
282
