438
462
447
474
546
528
516
525
528
540
462
510
507
531
507
438
441
525
495
411
480
501
474
453
495
420
477
468
477
453
513
378
495
498
486
546
570
447
501
522
441
462
453
456
474
534
447
444
429
453
480
393
483
504
480
447
480
504
474
522
513
444
456
483
429
510
459
510
513
495
468
477
438
438
423
465
537
483
468
432
510
519
441
492
549
396
504
462
495
489
426
447
486
501
444
480
501
486
522
462
456
432
540
408
489
465
474
492
483
411
498
474
588
498
516
453
459
507
459
507
486
411
489
495
501
417
516
510
555
489
435
516
447
471
507
477
531
420
459
513
468
474
501
456
519
513
504
486
429
531
501
483
474
423
504
423
438
483
489
417
513
435
543
495
489
483
498
501
435
498
507
498
450
570
429
501
456
501
507
444
513
498
390
471
480
510
399
459
459
423
465
456
444
456
477
486
477
528
462
459
453
495
501
474
513
528
420
477
492
474
462
504
477
435
420
534
492
486
486
456
492
486
468
492
462
459
498
486
495
480
471
474
510
462
465
495
459
471
405
462
471
537
495
477
453
477
483
492
516
498
468
498
480
453
486
492
555
465
414
450
504
510
477
501
441
480
501
420
447
489
534
507
495
519
465
474
444
447
504
525
483
486
471
513
477
459
513
495
543
552
465
456
498
390
423
492
501
528
450
519
