246
243
249
312
174
228
246
246
234
234
222
237
228
246
225
198
198
249
249
210
216
240
219
252
297
279
285
198
216
240
243
252
264
243
228
243
252
234
216
225
237
264
270
201
240
264
183
267
255
240
189
237
258
264
279
198
270
255
237
246
216
264
216
219
255
273
216
285
261
237
213
288
216
261
252
234
252
216
210
261
246
261
210
261
180
243
219
222
237
195
249
249
219
228
246
252
228
240
249
285
240
255
255
246
261
258
246
210
258
234
255
198
237
261
237
210
252
243
225
207
249
252
291
285
273
261
252
213
246
231
267
264
249
252
237
273
255
255
204
228
261
225
231
222
216
228
243
237
219
216
198
243
237
210
279
261
213
261
210
270
246
264
252
216
210
189
210
237
261
273
255
291
231
252
216
252
249
219
198
234
243
201
237
258
231
252
207
174
237
240
216
234
264
237
264
237
219
252
219
258
222
270
255
210
210
249
276
327
234
225
210
228
267
240
261
231
195
213
246
270
282
276
207
249
237
240
249
240
300
291
219
177
225
261
246
240
210
255
249
234
213
258
267
222
222
228
222
234
225
258
225
234
279
216
240
213
273
201
264
261
231
207
216
213
270
231
252
243
219
234
252
183
261
285
228
270
246
279
234
216
243
249
207
219
237
279
219
246
222
297
222
201
225
237
225
225
246
252
231
237
