258
246
237
240
240
240
213
240
249
249
258
249
198
252
249
243
273
300
216
225
234
228
264
237
189
192
210
234
228
225
195
279
246
279
243
201
228
231
303
240
210
309
192
243
255
240
252
258
243
282
240
225
213
321
222
252
252
252
264
228
234
216
276
282
249
240
234
195
216
294
213
261
240
285
246
210
171
249
279
231
267
267
255
219
285
216
234
234
189
249
258
192
231
234
219
219
225
228
258
297
204
240
276
225
261
213
213
258
255
318
255
261
240
219
189
249
237
246
258
231
231
273
243
252
198
204
246
255
243
249
255
228
258
276
225
216
219
276
246
264
261
279
228
282
225
258
183
252
183
228
294
216
231
267
207
240
228
234
222
204
249
240
204
234
258
237
213
249
234
237
225
246
249
294
249
240
195
252
219
222
246
276
285
231
276
201
246
264
240
198
249
222
243
252
180
249
204
216
270
303
162
240
219
273
225
228
249
201
264
270
243
240
255
237
249
225
237
270
216
219
255
231
210
267
258
306
258
240
210
216
240
225
282
261
210
219
276
255
306
243
258
276
225
255
213
255
267
240
249
243
279
228
246
249
228
234
264
270
279
261
234
240
270
237
255
321
237
234
219
222
264
201
168
225
216
219
237
249
258
207
246
180
282
276
246
210
249
243
228
249
243
255
243
225
219
279
225
225
222
258
