2901
3006
2994
2889
2874
3012
2910
2937
2880
2742
3003
2781
2901
2892
2937
2823
2799
2865
2877
2913
2817
2982
2880
2901
2844
2835
2772
2877
2829
2796
2892
2913
2904
2937
2943
2877
2856
2943
2772
2943
2739
2787
3033
3018
2919
2928
2724
2931
2784
2901
2880
2877
2769
2685
2727
2817
2823
2724
2913
3030
3039
2868
2820
2823
2859
2826
2961
2949
2985
2868
2751
2880
2871
2886
2850
2940
2895
2925
2835
2772
2949
2802
2970
2745
2805
2886
2835
2820
2802
2946
2904
2889
2883
2958
2781
2922
2883
2841
2901
2802
2826
2787
2811
2889
2991
2931
2778
2856
2868
2745
2973
2724
2889
2859
2883
2793
3063
2964
2787
3012
2922
2856
2865
2856
3042
2751
2958
2622
2880
2760
3015
2919
2781
2892
2922
2841
2775
2736
2967
2793
2901
2841
2718
2967
2892
2946
2874
3042
2958
2904
2865
2940
2733
2832
2904
2907
2736
2967
2871
2865
2871
2916
2934
2910
2787
3051
2928
2739
2802
2961
2871
2877
2748
2883
2772
2877
2799
2865
2874
2859
2937
2739
2931
2985
2928
2811
3003
3051
2961
2910
2808
2952
3039
2781
2931
2904
2805
2787
2862
2910
2661
2955
2820
2727
3024
2754
2949
2841
2721
2898
3000
2775
2889
3039
2907
2952
2868
2874
2907
2862
2985
2928
2913
2712
2901
2850
3105
2952
2937
2667
2931
3102
2796
2913
2850
2826
2832
2808
2814
2904
2988
2817
2925
2988
2934
2811
2994
2985
2940
2811
2997
2871
2931
2745
2943
2952
2778
2853
3003
2892
2934
2766
2880
2706
2880
2811
2970
2874
2988
2724
2811
2904
3003
2916
2850
2784
2748
2970
2940
3000
2787
2886
2883
2853
2847
2823
2940
2892
2685
2826
2832
2925
2712
2724
3099
2745
2922
3000
2733
2733
