243
249
258
216
237
255
222
213
240
240
270
228
222
291
252
228
279
324
252
237
264
276
249
273
204
261
228
273
249
246
219
231
246
276
240
255
219
210
234
252
198
222
279
234
252
219
228
243
270
252
252
234
234
189
225
270
222
240
207
213
273
219
228
180
228
234
222
234
222
267
249
276
291
252
249
267
249
201
255
243
234
267
198
222
192
222
231
258
249
237
309
210
201
297
246
225
225
270
246
243
258
201
249
240
228
249
216
225
255
219
189
207
219
258
231
207
258
246
264
249
285
240
219
231
225
216
249
228
288
243
201
237
243
222
249
237
198
291
231
279
237
222
231
243
192
267
264
198
261
255
231
213
252
258
225
219
255
240
186
276
255
204
228
234
189
246
270
234
261
246
267
240
237
279
243
252
240
276
213
261
246
231
228
228
255
216
297
231
225
201
264
213
186
237
255
273
231
228
210
243
225
222
180
243
210
243
279
198
258
243
237
216
264
258
243
222
231
207
234
243
216
255
240
255
282
237
243
228
267
267
261
273
258
216
198
219
270
225
267
225
234
228
213
273
276
228
258
225
291
270
261
237
225
261
210
231
273
240
219
264
228
210
216
213
270
228
234
198
240
243
288
240
243
237
258
261
177
243
210
234
177
240
252
228
237
264
234
231
225
258
273
204
222
231
228
264
246
213
240
180
