240
237
219
201
213
210
276
216
276
243
252
267
237
261
258
276
231
273
216
264
204
240
204
180
261
219
234
180
240
231
225
198
207
228
249
225
210
228
234
234
213
231
210
231
198
219
273
231
255
216
237
225
261
243
246
237
237
228
291
213
228
255
246
228
240
279
228
201
234
270
294
303
195
285
237
252
207
159
264
273
219
234
219
216
246
228
270
246
267
267
282
234
219
225
246
297
291
270
213
219
276
246
243
198
252
255
237
234
246
273
294
279
243
204
294
204
216
234
237
219
216
255
291
216
225
216
207
291
255
270
246
216
282
258
222
231
180
234
264
237
255
270
264
285
213
222
222
282
228
252
225
270
228
264
267
228
225
276
240
246
198
246
270
204
246
264
243
243
213
189
234
213
249
225
231
207
258
270
243
252
258
249
261
243
207
264
228
204
264
243
258
228
267
210
249
243
246
291
288
249
192
249
255
258
285
276
231
246
216
225
276
222
225
264
189
192
216
186
267
231
237
222
255
225
189
258
273
294
258
231
228
255
264
264
258
228
234
273
207
225
255
210
252
225
216
312
225
231
198
246
288
216
249
273
255
210
243
264
285
267
279
285
252
201
234
243
243
243
264
243
270
213
210
246
234
237
225
243
258
201
240
213
225
255
246
246
243
264
261
216
216
312
213
237
195
231
237
201
186
255
