243
303
267
243
240
297
255
192
285
231
267
204
222
276
240
237
216
243
246
234
228
210
237
267
213
234
246
273
207
246
258
261
312
210
246
267
240
243
246
267
252
279
177
258
270
234
243
216
210
261
255
255
213
237
264
267
243
195
243
249
285
252
240
201
231
183
231
186
216
246
231
228
198
234
264
234
240
276
222
222
261
270
234
252
285
237
279
285
180
219
213
297
222
246
261
249
255
258
237
243
231
231
246
183
225
189
270
234
261
204
270
261
264
234
225
249
234
207
249
246
201
231
249
249
234
243
243
192
285
267
255
276
204
237
216
240
231
249
255
243
258
225
246
279
234
270
231
267
267
228
246
246
222
261
267
225
216
234
261
234
258
285
222
246
279
192
267
252
216
264
264
258
273
255
216
267
240
207
273
237
264
288
267
231
225
240
243
237
288
333
249
210
231
276
246
261
279
294
249
207
237
228
264
240
249
210
195
249
261
261
252
258
219
201
225
282
228
261
255
195
213
261
282
270
240
273
273
210
243
237
183
261
240
213
249
264
255
234
258
246
213
210
267
231
210
240
237
264
189
249
249
243
219
264
258
198
246
222
225
270
222
207
240
210
255
183
246
252
267
252
240
258
216
207
201
234
243
213
291
282
237
231
291
249
207
240
270
201
237
213
300
177
237
243
207
216
204
264
213
228
