210
225
270
213
249
204
243
231
201
231
258
237
273
264
231
201
249
261
273
246
192
213
252
201
258
180
255
255
261
255
252
240
228
231
252
252
282
240
192
249
231
234
264
303
294
258
282
228
219
237
261
189
255
240
249
252
231
231
180
231
255
225
318
201
267
222
261
249
228
273
255
279
279
234
231
303
201
279
276
234
189
264
291
234
237
264
228
240
231
237
228
231
225
234
219
300
222
216
243
207
213
252
228
249
213
240
270
231
249
261
252
231
231
249
261
219
237
288
267
234
276
273
255
255
252
204
225
249
267
273
213
240
231
222
267
267
234
249
249
264
264
225
276
246
243
222
198
252
270
246
249
264
195
270
246
225
258
255
216
264
255
201
243
243
261
246
207
216
228
204
270
180
246
279
282
270
267
234
255
219
210
228
231
174
192
288
219
207
228
252
240
210
258
264
192
252
243
270
195
276
225
264
183
225
207
207
225
255
237
240
264
231
213
201
222
258
237
264
264
219
228
183
255
321
195
198
297
276
192
240
228
219
243
240
246
264
240
237
210
303
249
294
225
279
240
255
282
252
264
225
291
225
288
222
270
228
213
249
303
270
273
228
252
267
264
213
201
237
225
219
225
231
231
249
279
255
210
273
222
228
204
246
243
222
249
189
180
246
267
231
285
222
243
222
246
213
225
204
243
243
