2823
2832
2946
2646
2940
2934
2811
2973
2898
2871
2910
2772
2817
2823
2799
2826
2841
2811
2982
3027
3081
2871
2961
2556
2898
3045
2811
2928
3051
2898
2823
2934
2841
2718
2748
2808
2847
2964
2871
2931
2883
2883
2844
2952
2997
2796
2919
2856
2958
2790
2943
2763
2859
2760
2784
2817
2865
2910
2829
2802
2853
2994
2808
2877
3012
2850
2946
2940
2988
2802
2898
3006
2868
2949
2943
2841
2790
2811
2820
2847
2799
3012
2739
2853
2925
2730
2925
2874
2841
2982
2850
2901
2937
2796
3072
2913
2778
2847
2949
2754
2970
2802
2961
2889
2859
2976
2883
2793
2997
2805
2970
2853
2805
2937
2928
2919
2802
2931
2766
2835
3054
3018
2967
2946
2856
3009
3027
2928
2802
2970
3006
2910
2961
2724
2859
2724
2877
2925
2841
2703
2928
2892
3024
2913
2928
2907
2994
2910
2790
2730
2964
2838
2799
2808
2916
2994
2949
3105
2808
2754
2853
2832
2850
2733
2799
2874
2805
2829
3021
2868
2907
2907
2889
2895
2775
2952
2823
2874
2742
3018
2856
2790
2829
2841
2940
2886
2760
2787
2826
2973
2889
2832
3042
2829
2844
2895
2778
2868
2952
2982
2841
2853
3033
2787
2811
3015
2991
2880
2997
2970
2859
2700
2919
2943
2943
3048
2973
3069
2949
2994
2925
2964
2778
2832
2985
2919
2826
2841
2850
3009
2925
2793
2994
2769
2781
2865
2880
2865
2991
2883
2907
2922
2934
3081
2940
2844
2874
2835
2853
2934
2823
2937
2865
3030
2799
2838
2853
2727
2886
2805
2871
2889
2916
2682
2838
3048
2844
2940
2736
2883
2892
2769
2868
2844
2895
2904
2910
2811
2757
2907
2937
2961
2718
2787
2685
2856
2799
2811
2964
2775
2775
2886
2802
2922
2937
2793
2886
2982
2826
2877
