276
189
288
204
213
225
219
258
249
267
246
234
237
288
255
264
246
201
195
198
216
243
213
243
180
210
276
192
243
204
258
228
243
219
216
270
219
198
267
249
210
213
219
213
246
234
234
261
222
231
210
222
249
228
291
243
237
228
240
225
240
243
234
282
279
243
270
195
216
225
264
216
219
255
258
249
216
186
231
198
240
258
201
252
282
261
282
240
234
195
249
270
261
252
228
192
261
189
225
267
267
204
228
255
222
288
222
279
177
204
270
240
243
261
204
225
252
228
240
210
240
303
204
198
267
291
234
252
204
267
228
216
207
243
243
222
240
261
216
246
201
219
273
249
276
264
288
201
252
225
234
219
222
240
255
219
255
312
204
252
231
243
225
219
225
261
264
240
219
222
234
228
264
252
243
255
246
249
249
291
237
252
231
261
222
255
231
279
234
228
258
204
222
222
234
252
234
219
240
216
219
225
276
210
273
213
222
234
246
237
255
231
207
243
222
219
234
240
192
222
252
213
213
225
264
228
276
210
240
249
231
216
228
264
282
228
252
186
216
252
243
261
267
288
237
225
246
216
261
246
210
255
270
222
237
243
219
210
249
207
243
288
234
237
201
225
252
186
219
213
291
240
228
291
228
264
243
243
228
234
276
246
264
216
228
285
198
240
276
252
285
210
306
288
306
246
210
219
255
264
