267
267
231
252
243
234
198
249
249
255
213
225
189
261
189
270
267
249
252
237
243
204
240
267
225
231
246
249
237
204
234
270
243
273
222
210
237
231
261
201
234
213
246
222
219
231
198
222
234
243
267
243
243
276
261
300
276
252
207
264
210
234
228
267
243
216
195
222
225
243
246
228
264
246
270
237
246
264
237
297
258
252
285
240
225
204
222
264
216
243
225
228
267
216
237
282
297
243
264
192
267
201
249
222
255
243
243
276
237
249
240
225
297
270
222
300
201
282
168
231
249
219
261
201
291
222
216
234
195
252
246
279
267
273
192
267
246
240
255
219
264
261
207
243
258
249
234
285
252
273
231
243
261
240
231
240
261
246
246
228
276
216
264
213
282
267
219
225
219
219
240
204
255
249
243
261
273
228
213
288
234
249
207
234
213
225
222
264
258
204
216
264
231
279
246
213
228
237
231
240
204
213
291
264
246
231
267
255
252
222
201
252
228
210
270
189
222
291
219
228
240
204
216
216
228
201
216
198
207
189
264
249
219
222
249
177
183
261
261
231
255
240
222
225
255
237
258
189
255
267
219
273
213
201
228
240
228
213
246
222
255
222
300
246
249
264
273
243
249
273
207
258
300
240
240
198
219
243
267
294
189
255
198
309
264
225
249
237
267
216
249
234
177
237
228
222
276
219
216
249
