225
276
297
240
237
213
240
258
258
207
249
246
228
258
246
237
225
249
234
198
258
183
255
234
225
243
243
219
225
213
252
279
273
198
228
225
246
201
210
261
228
216
225
249
240
252
210
255
213
225
228
270
243
258
237
249
231
231
273
186
204
237
249
225
264
240
228
288
237
243
258
189
252
234
249
237
237
255
237
264
231
288
222
243
222
225
198
276
204
165
258
243
216
234
246
270
288
282
243
198
219
240
264
231
270
222
213
234
234
255
282
237
246
192
249
225
225
252
261
255
300
228
252
225
210
228
216
186
219
237
216
231
246
213
294
261
255
207
234
267
234
201
225
264
243
252
255
249
252
264
240
270
222
252
261
231
228
291
246
273
228
243
210
273
267
177
273
186
252
234
186
267
267
219
189
210
252
249
267
225
216
219
210
240
243
225
276
228
246
198
249
261
264
240
219
246
213
237
228
261
258
234
237
249
258
258
228
261
252
216
177
228
231
213
285
276
246
186
216
225
207
240
249
258
249
204
207
198
225
243
252
249
231
228
258
288
273
243
246
240
234
258
258
228
228
240
252
234
207
270
204
300
234
267
252
300
270
225
267
255
234
234
237
258
255
237
225
276
261
222
204
225
255
234
189
246
207
225
258
267
252
237
243
216
252
243
285
252
261
243
264
201
267
243
234
273
255
258
288
291
