249
219
264
249
180
213
258
222
249
231
237
213
225
246
189
252
252
213
219
225
231
222
216
234
216
225
231
219
264
255
237
273
225
276
213
279
213
222
246
246
258
204
216
273
288
174
192
228
234
252
270
222
198
204
249
273
243
252
234
246
267
249
282
195
249
267
219
252
255
237
228
237
222
258
246
234
258
282
243
234
276
282
219
243
258
240
273
312
192
198
264
243
255
243
216
258
273
216
279
198
228
219
243
267
243
276
240
243
213
198
249
243
237
252
225
195
219
249
234
237
249
246
276
201
276
192
222
309
297
249
267
255
249
270
237
204
309
240
222
267
258
225
228
216
204
186
228
243
288
234
264
192
240
228
261
258
234
189
261
189
225
258
159
237
228
294
192
276
312
195
207
288
234
216
204
282
267
264
273
231
222
243
243
225
246
285
246
249
282
228
249
273
255
276
237
249
258
201
222
207
252
216
234
213
192
243
270
240
279
258
246
249
255
267
243
198
219
195
225
270
252
201
249
174
222
246
285
243
246
213
228
261
273
252
222
231
201
213
288
228
279
213
228
255
183
261
240
255
213
237
264
270
279
276
213
228
291
279
201
258
237
243
207
210
225
219
246
231
231
225
252
189
237
252
252
255
207
222
234
237
186
243
222
270
219
279
237
201
228
213
270
282
213
258
219
240
234
261
270
204
