255
240
252
264
264
231
252
255
228
276
273
273
234
276
264
243
243
228
240
237
282
219
237
231
198
243
222
234
300
192
243
201
210
279
282
303
246
192
240
279
255
261
243
273
234
234
225
201
255
210
243
246
225
246
231
237
240
243
279
261
207
249
219
267
300
240
258
255
306
252
240
216
249
252
219
246
222
231
225
207
303
237
249
189
237
264
258
225
249
279
225
252
234
207
216
255
258
237
270
198
255
228
243
258
222
228
243
255
231
276
234
189
228
237
219
216
207
240
183
210
225
183
192
213
207
174
231
222
243
192
246
228
252
252
216
264
249
243
240
228
249
288
273
258
300
228
252
201
276
210
240
216
237
246
237
216
222
210
228
252
228
174
267
240
189
228
180
228
204
255
288
225
276
255
255
270
258
234
243
189
204
243
216
228
300
222
258
249
285
213
264
240
252
219
216
237
258
225
309
282
243
255
210
219
231
231
276
210
195
213
273
252
189
225
276
234
240
240
252
261
309
276
282
201
255
249
246
240
243
216
261
243
210
246
222
237
225
252
213
168
225
276
261
231
237
246
267
231
210
267
177
231
228
174
231
249
273
219
258
192
246
192
264
270
282
213
258
279
273
210
255
225
252
246
213
243
270
252
234
267
267
216
264
219
237
186
255
234
243
177
249
294
273
246
243
234
213
258
255
234
