249
243
270
270
234
246
273
222
258
207
243
249
240
252
204
231
210
201
216
228
201
234
213
270
225
243
222
198
219
249
258
231
273
201
222
246
255
198
273
267
207
213
234
222
213
234
294
210
231
231
288
252
246
291
252
225
240
207
219
264
225
225
258
186
222
234
213
231
237
312
243
261
246
213
204
252
237
315
249
246
255
201
240
207
270
198
255
222
231
225
234
234
228
237
228
240
261
207
246
249
255
189
261
258
249
267
252
222
240
231
291
207
237
267
228
243
237
225
252
255
231
216
231
228
231
180
252
252
270
252
243
228
222
243
252
255
255
204
192
258
222
249
261
255
252
276
234
231
249
222
198
240
237
219
258
222
240
240
234
228
234
234
228
219
255
246
246
330
243
213
207
258
192
258
225
261
264
252
213
237
264
276
240
264
207
246
306
252
252
231
213
234
252
237
261
225
243
228
240
228
213
270
240
276
267
234
249
234
261
258
219
291
261
264
219
258
246
240
267
264
267
303
282
252
243
234
255
177
222
231
186
228
264
291
198
222
192
258
249
198
216
204
273
231
282
234
243
279
261
255
255
222
210
276
234
255
246
267
276
252
240
249
246
228
237
210
261
225
225
279
249
219
252
231
237
237
252
273
237
243
213
225
261
267
219
207
222
255
264
276
231
249
237
276
249
237
222
240
243
261
