213
228
240
258
225
243
243
264
228
249
279
225
279
249
237
213
204
237
216
255
201
246
204
204
225
261
201
267
228
246
231
231
288
204
231
186
282
273
222
255
234
231
276
210
240
213
231
228
228
228
252
279
219
198
243
300
249
270
219
237
249
231
234
279
249
219
264
258
216
258
237
291
207
222
243
258
198
261
195
216
243
249
252
240
231
270
261
240
255
240
243
294
216
240
255
213
303
225
222
273
288
252
237
234
240
222
267
183
228
231
303
240
264
234
231
225
234
216
231
234
228
267
231
237
261
237
198
282
189
237
216
258
219
231
219
267
297
255
267
252
240
276
198
237
225
222
195
240
228
225
264
243
261
264
270
255
243
228
186
222
231
249
240
309
282
240
222
243
234
243
258
198
201
252
201
276
276
186
264
273
258
243
231
249
249
285
216
267
237
261
234
261
255
228
192
261
231
222
240
273
249
246
213
243
258
264
252
186
282
222
210
216
240
252
204
210
240
240
216
252
216
264
249
249
222
228
240
252
249
246
198
249
255
219
228
267
258
279
270
198
243
264
270
192
276
213
219
222
273
237
273
237
285
276
285
231
255
240
225
237
279
300
267
228
297
219
282
204
237
240
267
237
261
225
222
264
255
222
231
279
225
243
210
231
315
270
234
222
198
261
195
249
192
237
258
255
231
273
294
267
