243
204
264
216
225
213
234
258
252
255
285
237
228
237
228
231
267
234
219
195
279
210
204
234
240
267
252
252
204
234
231
282
216
273
243
282
213
249
222
270
273
258
249
210
240
243
231
216
180
300
246
261
261
252
204
192
213
252
258
282
246
231
312
249
222
210
240
228
198
201
234
258
252
255
198
303
228
246
186
243
258
231
240
231
207
255
222
213
276
258
255
207
225
270
210
216
219
186
204
213
210
243
234
240
246
189
216
210
213
222
225
306
237
273
231
279
231
237
207
210
213
261
228
270
243
213
252
264
243
189
261
276
222
216
222
273
228
198
228
222
222
291
216
234
246
240
222
303
273
225
252
264
222
234
243
270
267
219
246
207
273
231
267
213
201
303
219
249
261
243
276
270
276
276
207
240
249
201
198
273
201
270
189
273
195
258
228
228
291
240
240
249
306
264
222
300
261
207
237
297
279
213
201
249
249
246
231
213
246
240
264
237
189
261
255
216
231
219
222
267
255
294
210
249
228
267
267
282
303
234
261
183
213
198
225
246
252
270
228
222
282
267
237
192
201
237
258
204
258
231
219
243
213
255
252
240
255
249
240
255
255
306
258
249
264
189
252
282
246
216
198
246
243
279
243
309
207
252
246
261
276
216
243
231
240
234
255
225
180
276
186
225
252
261
243
249
174
261
222
282
