231
192
240
216
228
201
258
219
255
270
276
174
207
210
252
210
234
216
204
270
285
294
222
240
228
240
264
225
249
273
261
219
276
216
231
210
228
246
255
261
237
213
231
252
255
252
222
252
246
234
213
249
228
237
267
252
276
249
246
261
249
228
204
237
240
273
213
228
246
264
210
249
303
249
228
267
273
156
228
237
231
210
204
243
252
234
198
225
180
225
216
213
210
222
222
246
270
207
270
207
240
225
249
240
264
258
210
228
237
255
282
228
225
204
273
234
270
228
243
222
237
288
249
213
255
270
228
261
249
246
240
198
234
291
228
240
243
195
255
261
189
210
261
285
267
258
204
225
258
252
216
267
228
246
261
183
276
270
228
195
225
273
204
255
261
210
252
234
273
243
234
243
273
243
216
234
252
246
243
222
240
207
261
219
213
258
240
222
273
195
237
234
249
234
222
237
246
222
243
255
219
183
225
228
222
237
213
285
240
255
261
237
276
225
279
204
204
201
213
249
258
234
225
210
282
267
279
216
243
276
177
192
261
198
237
243
267
231
270
243
255
255
195
222
231
222
255
249
210
234
261
216
213
270
264
258
252
216
216
276
276
300
255
288
210
225
261
213
255
249
270
273
225
261
249
219
261
282
270
243
261
288
264
225
231
270
264
255
231
237
240
237
264
237
231
252
282
180
222
201
