201
294
234
207
261
219
225
180
243
237
207
198
219
252
222
240
222
222
198
243
192
255
210
201
291
249
258
285
219
249
192
222
228
204
192
288
267
255
234
192
219
252
249
267
243
243
249
249
225
219
240
237
249
264
249
222
183
240
273
246
222
213
237
219
240
243
279
243
216
267
213
240
234
246
234
291
213
249
264
255
267
213
243
186
231
249
240
243
234
243
183
297
225
237
231
249
240
183
189
195
243
228
240
303
207
231
261
258
210
228
243
246
273
285
216
258
240
216
273
243
264
186
246
231
207
255
261
258
231
246
264
219
234
240
219
243
225
252
267
270
270
273
288
228
264
234
282
243
213
189
255
237
207
228
249
267
213
201
273
237
204
240
231
192
264
237
228
225
219
213
246
252
294
258
189
216
231
288
282
243
222
276
252
264
243
255
243
243
237
243
237
246
246
207
222
180
279
267
246
228
240
261
213
237
258
258
243
222
189
255
249
213
261
240
264
222
234
279
225
240
258
255
240
216
246
240
219
243
219
198
219
231
252
264
189
225
261
258
210
231
255
285
213
258
246
234
252
243
198
237
222
204
246
312
264
225
291
174
210
228
279
222
294
240
246
186
276
243
258
210
264
258
231
246
237
318
249
204
216
210
204
243
168
240
273
240
207
210
297
267
303
213
225
258
264
249
246
234
261
228
