222
216
264
249
195
261
195
237
204
279
234
258
264
216
231
201
234
267
279
279
222
255
270
234
237
216
294
309
228
291
237
234
228
210
207
240
255
270
240
246
228
237
228
309
237
264
261
246
237
243
243
240
198
264
186
219
219
276
297
234
270
255
249
240
249
219
246
276
228
252
225
279
252
204
249
246
210
225
204
267
210
195
267
261
192
192
327
237
201
252
204
219
225
234
237
261
228
225
234
258
249
240
186
189
219
210
225
249
183
288
255
246
243
255
225
231
198
267
258
240
210
246
255
198
261
270
258
258
225
267
261
240
195
219
273
228
312
270
252
267
288
231
219
219
213
282
249
216
231
255
189
240
213
246
237
255
204
195
267
231
255
258
267
246
258
252
216
213
228
243
240
240
210
216
237
234
231
231
216
240
252
273
216
246
255
210
282
225
249
222
249
246
231
264
237
252
252
279
222
207
285
234
216
222
192
204
234
237
249
231
234
249
270
234
255
246
234
195
201
234
231
225
270
198
234
228
198
300
258
225
180
249
258
234
255
318
225
258
234
231
198
207
261
252
225
210
297
198
297
216
237
249
255
237
237
234
234
246
264
270
243
210
243
198
255
258
264
261
246
300
264
258
246
267
255
219
213
228
210
237
267
198
261
273
219
255
243
192
225
234
306
243
255
192
186
222
222
267
294
222
