252
228
201
240
204
237
243
267
210
243
225
246
252
261
225
258
270
264
249
285
234
192
279
258
222
201
183
261
234
228
228
204
234
198
231
225
276
234
198
219
243
237
252
234
231
267
240
216
219
246
231
195
267
201
273
249
237
213
222
228
237
225
285
267
231
282
255
222
252
273
237
261
246
273
243
249
216
252
195
240
264
306
222
264
312
273
255
216
237
222
252
231
249
267
216
255
231
174
258
258
255
237
270
255
234
219
285
243
201
267
246
219
204
258
237
231
270
255
255
186
249
225
240
210
255
255
243
219
252
219
198
222
237
252
267
228
252
264
198
231
270
264
225
237
222
276
249
228
252
237
270
267
264
240
255
276
213
225
240
249
303
216
276
213
312
240
222
270
249
234
255
264
222
231
258
273
234
249
204
261
213
279
228
210
213
213
177
249
216
195
213
231
258
237
219
231
252
267
228
249
204
219
237
303
264
246
303
198
237
228
243
240
210
285
216
243
219
222
264
258
201
273
264
243
258
258
240
204
258
213
222
195
216
282
264
297
213
261
210
252
219
225
246
213
186
225
255
177
282
273
273
246
258
219
261
240
189
222
219
243
249
222
231
276
249
237
207
219
234
273
237
225
258
273
255
270
300
234
231
225
255
282
210
249
270
276
249
186
225
264
276
225
186
213
234
246
231
225
264
270
