216
237
234
237
258
237
243
282
285
234
231
255
267
228
225
246
228
234
243
240
258
258
264
261
267
222
234
237
237
240
225
213
216
273
201
252
222
243
261
231
270
219
192
252
240
216
204
261
222
267
231
198
261
261
252
285
252
246
294
303
234
222
249
309
273
288
261
213
210
282
234
234
273
234
231
258
204
261
246
231
228
249
183
204
255
213
228
201
270
243
258
252
195
297
267
231
225
249
195
165
249
258
207
246
216
258
291
216
249
240
276
294
291
180
267
279
252
255
228
270
201
282
246
231
231
225
237
240
204
204
195
264
222
201
204
255
207
270
231
237
237
270
276
279
285
273
240
213
195
201
225
315
279
252
249
255
216
234
270
231
249
246
279
219
255
198
237
234
234
201
195
237
249
225
219
207
219
231
234
210
231
279
234
183
204
270
219
261
252
240
222
213
255
198
240
234
270
261
246
291
243
246
261
258
198
228
225
195
258
276
237
213
171
177
249
249
276
246
276
231
198
237
243
249
255
249
246
249
237
216
264
219
294
255
255
234
249
243
228
270
213
234
270
240
261
216
270
249
219
249
240
252
189
222
222
279
207
282
228
255
216
234
258
222
240
240
300
222
243
204
219
213
249
252
273
288
219
237
234
252
267
210
183
240
219
255
237
255
255
258
222
237
219
282
264
258
240
237
237
252
