222
246
219
279
246
246
243
195
192
273
213
234
201
243
210
225
228
219
252
258
216
258
240
204
306
228
192
198
258
219
213
270
225
252
222
237
207
258
255
201
234
285
231
240
258
225
252
192
183
216
249
252
222
267
201
243
267
252
264
210
261
273
261
261
231
261
216
222
270
225
264
279
210
231
264
225
261
264
210
210
171
234
219
255
234
201
243
258
276
222
207
249
288
243
240
222
249
240
252
237
243
237
222
321
225
231
195
252
219
231
234
252
282
261
246
216
204
240
234
252
216
204
219
192
252
198
240
279
288
240
243
246
261
255
270
213
276
234
300
201
258
228
204
225
240
315
288
240
264
255
222
270
234
204
261
267
267
300
216
249
249
249
231
294
222
237
222
213
201
294
237
213
276
276
213
252
252
273
234
219
219
177
276
228
270
240
228
264
258
270
222
189
246
243
255
246
201
240
252
267
273
291
201
186
195
282
225
252
261
240
249
231
246
243
231
255
201
231
237
222
264
273
258
243
294
282
213
210
222
252
207
228
267
162
231
225
189
288
258
222
246
267
228
231
216
270
222
228
258
231
252
291
243
201
258
216
243
222
258
273
267
189
219
237
237
219
258
270
174
240
273
255
267
243
243
237
294
252
252
210
225
213
276
216
261
267
258
258
237
258
183
222
279
282
285
243
195
249
270
234
