252
240
207
255
279
234
258
240
216
240
261
216
270
243
210
189
285
222
252
246
309
195
249
273
246
222
246
219
231
270
210
234
249
222
273
264
243
243
222
198
213
270
210
243
219
282
240
189
294
255
138
267
240
219
234
243
267
222
243
267
204
270
183
258
234
210
198
261
285
264
249
246
249
228
237
225
273
219
210
228
282
237
246
222
258
243
291
252
234
219
267
213
213
246
183
231
219
297
198
276
291
270
270
252
300
252
249
225
258
246
207
201
261
249
228
261
225
246
222
273
264
222
267
219
249
276
243
219
222
255
270
237
243
255
243
240
222
228
270
258
270
261
273
246
279
255
225
237
282
255
228
234
243
237
264
261
243
222
258
255
270
249
231
252
252
219
222
276
228
321
228
237
258
222
228
258
267
177
231
192
297
228
279
267
243
216
234
219
198
249
189
207
246
288
297
264
237
213
288
258
216
234
228
279
243
237
264
315
246
255
192
261
252
204
273
270
225
258
270
237
234
246
258
246
240
225
273
282
249
261
240
243
222
255
255
240
243
234
234
261
249
231
264
249
258
243
258
261
210
237
234
279
255
249
216
270
264
231
273
195
237
258
234
192
210
264
213
222
282
234
216
285
213
261
243
297
219
201
258
204
264
255
225
210
234
234
252
210
234
213
294
213
255
258
249
249
234
201
285
243
