2235
2217
2091
2208
2133
2247
2289
2289
2244
2103
2127
2193
2142
2154
2253
2031
2352
2097
2193
2157
2325
2274
2307
2112
2190
2322
2235
2229
2271
2307
2073
2151
2199
2274
2151
2202
2172
2064
2196
2115
2214
2058
2106
2265
2142
2247
2208
2157
2130
2184
2136
2292
2019
2217
2178
2094
2250
2049
2073
2313
2058
2160
2202
2226
2202
2184
2103
2232
2091
2082
2130
2214
2061
2142
2127
2148
2088
2211
1974
2073
2166
2133
2190
2145
2217
2208
2187
2091
2217
2214
1953
2127
2079
2046
2379
2112
2067
2214
2205
2058
2199
1932
2187
2061
2184
2115
2064
2172
2169
2064
2205
2061
2283
2190
2100
2088
2202
2346
2094
2298
2100
2286
2193
2118
2172
2169
2121
2214
2361
2145
2016
2313
2244
2157
2004
2325
2028
2121
2247
2124
1959
2199
2301
2235
2073
2169
2193
2238
2151
2253
2082
2190
2145
2094
2178
2055
2142
2178
2307
2145
2187
2157
2001
2259
2115
2046
2256
2154
2097
2232
2226
2076
2160
2148
2265
2151
2136
2028
2121
2247
1992
2202
2226
2112
2022
2211
2202
2235
2127
2112
2262
2193
2220
2151
2169
2301
2265
2058
2253
1998
2076
2103
2244
2109
2028
2238
2100
2100
2274
2280
2178
2070
2058
2100
2214
2109
2133
2250
2181
2193
2166
2205
2151
2157
2160
2181
2124
2229
2091
2076
2127
2190
2235
2208
2220
2028
2250
2226
2175
2184
2130
2286
2256
2148
2049
2100
2232
2061
2070
2145
2277
2229
2097
2214
2211
2199
2097
2274
2115
2163
2076
2193
2286
2184
2058
2235
2121
2214
2193
2124
2163
2220
2205
2097
2262
2103
2229
2166
2169
2253
2172
2040
2070
2097
2169
2061
2226
2154
2175
2085
2151
2244
2250
2205
2244
2205
2142
2154
2313
2118
