2190
2046
2250
2286
2184
2208
2142
2250
2106
2247
2085
2004
2202
2064
2103
2049
2127
2229
2250
2178
2142
2193
2166
2115
2199
2286
2172
2151
2388
2040
2115
2130
2055
2190
2247
2196
2055
2100
2040
2145
2184
2115
2199
2274
2130
2187
2295
2190
2112
2088
1995
2157
2211
2211
2091
2133
2184
2241
2316
2094
2178
2112
2286
2319
2151
2199
2196
2136
2115
2076
2244
2253
2127
2058
2157
2127
2055
2181
2115
2232
2085
2169
2301
2079
2205
2403
2358
2136
2142
2160
2100
2217
2142
2175
2214
2049
2049
2058
2256
2049
2220
2211
2319
2190
2175
2286
2124
2166
2121
2193
2151
2172
2136
2139
2202
2022
1950
2238
2148
2010
2280
2238
2226
2070
2145
2010
2199
2169
2130
2160
2208
2166
2091
2073
2130
2154
2328
2094
2163
1962
2337
2070
2244
1989
2142
2127
2175
2184
2169
2187
2199
2001
2082
2103
2163
2004
2226
2151
2151
2160
2184
2238
2088
2127
2205
2244
2229
2145
2214
2283
2076
2178
2112
2229
2148
2268
2220
2187
2112
1992
2082
2229
2355
2154
2247
2094
2109
2112
2115
2220
2055
2178
2055
2154
2229
2019
2121
2112
2058
2076
2097
2136
2133
2139
2235
2160
2313
2154
2220
1983
2076
2157
2196
2145
2121
2286
2196
2184
2250
2232
2232
2238
2166
2151
2211
2115
2235
2286
2151
2115
2085
2145
2163
2274
2205
2199
2109
2079
2121
2241
2055
2196
2052
2205
2157
2103
2082
2319
2145
2244
2193
2148
2139
2124
2193
2187
2250
2121
2061
2166
2283
2166
2211
2085
2100
2157
1974
2085
2229
2349
2421
2139
2190
2157
2181
2070
2178
2190
2115
2178
2094
2238
2145
2226
2211
2199
2271
2184
2160
2190
2082
2073
2181
2109
2157
2196
2115
2040
2286
2280
