258
279
216
231
231
240
246
234
201
234
249
219
195
264
189
201
222
222
291
243
246
195
264
216
273
285
234
225
243
186
249
246
189
228
240
234
216
252
261
342
210
231
225
201
222
210
234
267
249
288
237
207
219
270
288
243
252
231
231
255
228
300
258
252
252
231
231
309
219
243
279
264
240
261
210
213
288
255
222
261
213
240
234
255
222
189
285
207
237
210
204
213
189
219
252
285
237
276
264
222
216
267
192
225
222
240
240
228
270
276
264
228
252
231
264
240
243
201
198
300
234
228
219
243
267
249
231
201
192
240
243
255
252
222
207
240
228
234
198
252
255
222
210
213
258
240
240
243
189
189
270
216
207
300
237
198
258
192
273
264
267
237
270
258
246
249
255
222
240
258
285
228
231
213
252
240
210
237
204
279
270
249
267
273
288
231
222
246
255
276
234
198
264
240
234
228
243
183
210
216
276
264
246
237
234
234
222
240
261
243
240
231
225
249
243
237
246
243
210
249
234
300
267
246
225
207
249
267
258
261
222
201
240
237
228
225
207
231
246
243
207
222
237
252
267
210
204
231
210
237
237
255
270
237
240
273
225
186
219
258
222
234
228
231
258
246
219
219
252
186
276
279
279
282
219
243
279
201
201
270
252
258
321
249
231
219
210
192
216
246
273
252
240
207
225
234
234
249
267
255
