237
219
222
225
240
285
234
276
222
246
231
237
228
231
288
222
222
234
273
249
231
261
261
207
291
210
243
273
246
231
264
207
231
243
225
231
279
261
222
237
240
207
243
267
291
243
249
252
264
270
219
252
273
225
246
246
252
231
255
249
222
285
273
270
249
219
261
273
201
264
225
249
222
240
246
216
246
234
213
231
267
240
198
261
261
210
237
243
219
204
246
240
228
255
195
207
249
258
300
213
279
192
246
246
294
252
201
249
252
297
237
225
234
240
273
246
219
222
306
270
249
213
240
216
294
240
264
207
258
222
210
255
201
195
225
258
249
237
240
258
219
210
231
213
237
231
258
234
216
258
249
162
222
213
261
201
318
249
234
225
240
255
264
204
234
225
225
201
249
204
228
216
192
225
285
261
216
237
222
237
213
240
234
246
237
279
246
240
252
249
225
252
243
243
195
168
222
219
294
261
219
192
273
237
195
222
318
240
255
225
201
261
222
261
234
237
252
261
243
201
243
183
219
210
225
231
252
246
285
243
228
270
273
228
231
228
246
243
219
243
276
210
237
264
216
267
231
243
303
198
267
249
228
213
234
204
219
273
228
243
207
252
261
258
285
222
225
258
261
228
168
246
189
216
231
240
216
252
213
252
228
192
216
282
270
213
267
213
240
216
234
231
201
231
234
249
255
246
237
255
