252
255
234
237
261
192
249
228
243
219
234
192
228
219
267
219
249
297
240
231
264
258
267
243
240
249
204
231
255
255
225
246
243
225
231
213
222
201
240
234
255
195
306
213
261
234
267
228
264
174
201
201
237
228
228
228
288
252
249
249
159
240
258
246
282
195
246
255
237
264
237
231
222
258
261
234
249
240
252
234
204
219
228
183
237
264
180
228
225
213
249
228
249
234
216
222
240
246
252
237
225
231
279
222
249
240
234
303
204
261
225
273
249
249
231
231
231
306
234
243
207
246
210
174
255
267
198
270
261
240
252
264
282
234
243
285
207
213
249
228
246
255
267
288
222
210
219
273
228
225
228
222
222
252
264
243
222
222
252
237
252
270
228
228
243
258
282
243
273
255
258
273
252
243
219
276
285
249
255
279
165
240
201
282
240
282
276
228
198
255
294
255
267
249
300
207
246
204
261
219
273
279
258
288
282
264
210
258
246
207
261
231
219
273
270
219
240
216
252
231
231
219
207
300
264
222
258
231
183
243
189
216
297
270
258
258
261
270
222
201
210
252
204
210
243
237
240
264
240
228
222
252
282
249
213
234
240
258
246
264
228
249
234
231
216
210
228
240
246
228
261
216
237
252
231
273
291
252
195
255
237
270
243
252
234
258
318
234
228
243
249
246
282
222
204
255
249
216
237
264
