222
180
273
270
267
261
276
237
300
222
207
258
243
240
258
249
234
273
228
282
222
237
201
255
255
243
222
255
231
234
240
216
225
243
291
255
291
240
225
249
273
267
249
252
237
225
234
237
282
210
231
255
225
267
249
231
279
213
222
252
255
234
210
249
186
237
327
210
246
279
234
225
174
267
258
222
258
234
240
270
195
273
213
279
240
237
228
252
222
216
276
213
228
231
237
258
213
249
192
249
255
285
243
213
213
237
222
249
270
261
252
213
234
246
234
231
207
255
219
192
222
264
225
204
234
255
246
258
252
255
216
267
213
213
219
264
228
195
243
276
207
261
246
276
225
249
288
240
231
240
264
216
270
216
246
240
264
210
288
267
264
267
213
303
228
246
204
198
252
255
225
237
267
234
267
228
240
237
261
270
246
243
216
228
213
255
222
279
258
243
225
237
267
237
261
213
234
225
201
288
261
270
243
243
228
225
246
225
294
213
288
234
234
231
246
240
261
258
207
237
222
171
219
285
255
288
219
258
243
237
285
243
192
270
216
240
216
276
249
279
243
234
189
210
264
198
249
195
252
240
210
249
264
225
210
258
234
291
228
261
270
264
267
174
204
234
219
249
216
270
210
237
276
225
240
246
276
279
207
228
237
216
270
225
249
237
231
225
222
234
294
228
237
252
249
279
228
270
246
228
