258
243
255
204
261
267
207
279
264
243
213
246
231
213
240
243
240
240
258
261
246
279
282
219
255
279
252
258
225
204
246
204
276
195
231
252
207
285
273
288
210
240
174
210
252
252
219
303
261
297
201
243
258
252
249
279
216
204
189
297
225
279
252
246
201
204
294
201
255
225
237
258
204
228
219
237
279
234
195
219
168
267
231
240
207
243
243
237
285
225
216
249
231
252
177
237
258
246
261
261
192
219
270
195
201
177
237
234
276
219
303
255
228
246
237
219
219
276
270
171
204
237
246
222
225
252
198
258
201
237
252
288
237
264
255
192
261
204
246
219
249
207
204
219
216
243
234
291
225
249
267
189
255
222
225
279
231
270
180
186
222
234
246
252
267
243
225
270
261
216
234
252
213
192
288
201
255
195
210
246
213
210
240
216
267
204
183
267
231
204
258
225
285
165
210
237
186
207
276
249
213
255
219
243
231
261
255
258
204
243
219
228
222
225
246
246
219
219
252
291
210
258
300
291
213
270
279
237
219
231
243
252
210
237
216
243
252
210
255
231
228
228
273
216
243
252
192
267
246
246
267
204
246
216
291
237
213
255
228
195
234
219
255
201
234
213
213
222
177
195
237
243
285
261
222
249
234
297
240
282
276
222
225
252
228
240
216
207
201
243
270
261
222
162
234
261
249
216
225
192
