264
258
240
288
231
243
219
258
285
186
273
240
258
213
210
261
273
264
210
252
255
237
288
270
195
294
240
231
246
234
219
240
261
207
243
255
258
228
258
288
264
252
216
207
216
267
270
240
264
273
252
231
201
249
276
255
240
261
279
210
249
267
231
222
231
267
234
273
228
231
180
276
234
216
270
255
234
237
228
213
312
198
297
243
243
264
243
240
285
255
219
174
270
294
234
234
240
267
264
276
294
216
210
240
252
249
240
237
252
276
186
279
219
243
207
189
237
255
297
213
243
249
258
252
222
264
219
231
213
231
261
228
255
204
198
270
264
264
237
237
252
243
189
234
234
174
270
216
195
240
252
213
246
258
249
231
270
246
261
249
231
261
213
249
240
252
249
234
303
336
282
228
258
216
231
270
240
225
210
261
225
243
231
258
282
261
222
222
171
264
228
207
240
225
216
279
234
228
240
261
267
267
240
267
264
297
255
249
207
252
249
243
255
213
246
282
219
258
237
234
234
192
264
237
219
267
192
249
192
333
276
219
231
210
267
240
219
318
270
258
249
213
258
222
249
246
267
264
204
261
222
195
225
207
213
228
252
270
237
240
213
225
195
231
270
246
234
309
228
288
219
240
261
222
225
207
258
303
213
285
231
240
264
213
288
255
300
231
258
261
243
234
258
258
240
216
231
285
231
243
