456
516
489
405
501
477
387
459
456
414
432
465
495
474
465
489
483
474
393
483
447
537
516
522
444
444
435
486
465
534
561
522
432
489
432
528
549
411
489
498
513
537
465
555
495
438
429
444
498
480
474
531
501
540
519
546
543
585
498
441
543
426
429
450
435
441
483
417
555
507
558
480
519
537
432
504
504
438
525
477
459
525
480
540
501
567
480
513
492
519
450
534
489
480
501
468
453
450
546
462
468
453
513
495
477
531
459
537
492
471
450
507
507
543
495
477
429
501
471
453
417
426
456
504
441
477
459
438
441
531
468
480
447
462
495
507
423
474
465
417
519
480
432
465
534
480
429
438
462
471
525
486
489
519
477
543
450
531
516
501
495
459
510
456
552
474
507
441
423
483
522
453
471
501
447
441
558
537
510
507
429
486
462
498
528
474
459
495
543
471
498
471
492
516
456
438
495
552
489
492
453
525
471
474
471
426
456
444
402
495
450
510
582
462
501
516
450
462
507
453
501
450
486
480
438
495
468
483
516
447
558
474
540
516
489
510
474
504
420
489
486
447
456
456
558
504
516
444
459
480
489
456
543
504
426
447
501
513
486
444
468
474
471
492
447
540
423
492
474
393
477
543
537
474
495
528
480
459
498
450
435
474
417
483
453
474
465
456
513
420
477
432
462
519
519
498
531
474
504
477
