705
801
681
828
726
807
762
669
690
723
666
660
744
714
645
747
639
696
804
645
684
714
759
684
699
729
762
762
705
711
735
702
726
747
657
654
708
699
723
606
648
762
753
789
783
699
702
738
600
765
687
792
696
657
723
735
687
690
807
663
756
744
804
693
732
747
657
705
732
807
777
675
714
723
717
735
732
723
744
765
678
762
627
747
699
777
708
708
735
681
717
693
744
780
636
675
678
732
756
699
798
705
702
762
684
636
741
678
777
717
708
723
822
654
618
741
690
639
669
756
684
702
720
741
681
669
768
717
648
672
642
681
762
723
705
636
654
726
792
660
696
747
714
657
735
807
720
675
648
831
756
783
816
666
702
642
717
726
717
678
732
684
699
657
777
726
705
741
720
744
789
708
831
714
732
711
699
681
780
714
798
747
654
741
789
750
714
681
735
777
669
795
702
666
798
783
777
822
735
678
681
729
768
735
687
660
693
711
807
747
696
756
738
804
699
762
741
684
726
714
708
762
696
738
672
780
696
762
735
804
744
645
702
651
744
753
681
801
654
750
804
741
672
687
756
747
672
648
834
666
804
657
708
726
654
675
702
774
774
723
702
690
720
762
771
639
804
705
711
711
762
750
660
789
615
693
750
795
816
690
726
723
648
708
756
726
771
729
810
675
714
720
798
762
723
708
642
681
708
738
