486
537
540
438
522
456
462
537
570
552
441
522
549
495
474
498
522
468
471
501
579
528
498
474
540
444
543
462
498
477
549
432
438
480
495
519
519
534
510
540
480
537
561
453
468
462
483
456
546
483
540
498
501
474
489
504
534
471
462
501
531
513
540
495
528
555
561
504
489
582
510
483
513
513
504
465
519
510
519
426
465
471
555
459
489
534
600
600
438
516
519
459
456
519
543
441
447
528
489
456
504
594
519
510
540
420
543
480
456
528
423
519
477
477
570
501
543
516
486
465
537
453
420
453
474
528
498
462
483
474
477
510
492
501
516
504
495
471
537
594
456
591
456
576
465
540
462
489
504
465
498
456
459
489
510
618
495
528
561
501
546
525
528
543
576
519
516
537
468
486
570
456
504
474
528
462
504
534
480
495
426
537
495
564
534
492
450
483
492
468
591
462
471
483
516
495
477
399
417
546
471
456
426
471
495
552
489
468
489
534
483
528
558
465
495
510
483
549
453
519
513
411
480
456
576
507
528
468
480
459
483
405
588
453
459
543
462
534
558
477
504
489
546
477
417
531
459
525
480
519
513
480
462
495
528
510
477
474
492
549
492
474
519
435
519
546
489
453
456
477
474
513
585
600
549
441
513
579
522
513
471
522
531
486
558
513
501
456
441
495
480
510
555
492
474
516
510
495
498
474
