237
264
240
249
192
249
210
276
258
213
240
255
243
186
243
252
267
180
234
240
210
216
213
231
276
255
303
225
243
225
261
213
237
240
195
243
264
228
276
213
267
210
234
195
264
243
246
222
207
255
189
273
234
234
273
270
267
243
204
282
231
240
273
228
213
252
231
294
240
321
231
213
192
222
228
243
252
270
264
282
210
207
234
228
228
276
255
258
273
270
276
204
231
237
336
225
219
231
219
222
240
252
231
171
228
219
282
222
234
246
273
279
201
219
240
297
222
195
195
246
213
219
240
228
249
261
237
285
237
228
240
210
234
228
225
252
231
261
264
252
258
240
192
276
249
201
225
231
222
225
246
240
222
255
234
177
252
237
189
192
237
246
306
276
267
264
258
291
255
213
234
288
237
219
225
228
219
195
237
243
198
225
288
273
282
261
228
165
270
237
237
246
294
210
246
210
282
225
297
237
219
243
222
210
192
240
234
240
264
243
252
279
249
192
276
216
216
240
267
249
255
258
252
219
237
249
177
216
207
249
279
264
252
255
222
204
258
258
243
222
288
252
189
219
285
282
225
267
240
264
213
228
267
219
192
240
231
267
273
258
246
219
201
225
273
237
195
225
222
267
312
192
264
273
240
210
276
258
252
249
261
237
198
249
189
231
225
240
276
201
234
249
255
273
240
204
222
213
255
255
