195
234
234
222
225
222
246
246
219
276
261
252
189
267
216
267
246
240
255
222
267
237
213
279
225
204
213
252
201
273
228
180
225
222
261
234
207
216
201
279
243
246
252
264
192
285
201
228
264
219
276
201
195
231
255
261
258
204
246
195
261
240
246
276
267
237
231
219
204
270
237
231
261
186
198
183
252
243
231
243
225
267
189
210
243
243
243
231
204
261
225
234
252
252
204
282
255
255
276
201
258
249
216
225
264
246
258
246
255
228
252
234
207
240
249
222
246
237
204
255
222
216
255
231
264
210
207
195
288
237
228
261
267
216
252
240
231
243
267
246
246
288
267
273
246
198
270
255
231
267
222
246
231
234
285
219
198
192
282
228
270
234
207
249
243
285
264
219
234
222
255
258
273
210
261
228
258
243
234
240
228
264
258
273
243
246
261
198
237
267
264
270
246
180
243
288
315
210
279
231
255
276
279
234
243
270
231
231
249
204
222
264
270
255
231
255
231
237
261
270
222
249
270
252
213
210
276
246
225
171
204
219
243
228
216
243
279
243
315
234
222
219
264
210
216
234
231
204
273
201
282
231
195
285
234
270
192
207
246
243
255
201
243
234
207
288
234
186
252
231
261
270
336
276
252
249
246
219
222
201
288
246
198
222
261
252
234
222
222
225
255
252
195
264
213
243
258
267
198
249
