216
255
246
234
216
252
237
243
219
231
258
213
258
147
270
237
207
276
267
261
273
276
252
243
213
213
237
264
240
258
240
276
252
177
216
207
252
303
246
264
213
189
249
228
201
243
249
261
282
180
213
249
246
225
234
213
219
252
237
240
219
210
225
198
243
255
222
231
237
249
234
228
183
276
222
273
210
261
201
213
306
222
231
255
228
225
234
234
255
240
192
216
222
288
255
231
225
252
237
282
249
243
252
228
231
231
225
219
285
234
261
249
243
240
294
225
189
243
237
237
225
279
276
219
222
261
216
261
216
234
210
228
225
246
276
228
228
261
222
225
186
231
231
273
294
252
219
246
246
219
231
270
255
267
210
243
207
219
255
204
237
186
204
261
216
243
240
192
276
243
234
222
240
276
279
213
240
231
252
222
267
240
285
210
228
285
234
249
216
240
225
237
207
201
213
204
234
255
261
246
249
294
249
258
255
258
300
234
243
258
189
246
243
246
282
216
210
228
219
183
258
234
255
225
291
234
270
255
240
249
258
252
240
198
261
225
270
228
264
231
267
225
213
195
222
234
204
219
252
213
255
261
240
204
249
240
216
249
264
243
237
228
183
222
207
297
309
258
171
234
243
216
300
228
234
213
249
216
234
243
249
240
213
258
285
216
237
273
201
234
198
213
234
231
258
303
216
204
258
192
