219
273
237
234
222
234
210
267
219
258
270
225
267
243
270
222
255
297
252
246
204
240
261
192
225
222
240
252
267
267
240
222
237
246
213
237
222
219
219
243
222
240
222
213
207
264
216
231
195
300
180
258
192
228
219
276
240
225
237
222
228
255
225
210
273
261
222
279
237
252
198
273
258
300
231
258
213
258
240
204
243
294
228
243
291
297
237
243
234
261
261
234
225
249
261
249
243
243
207
237
279
264
225
201
219
243
189
270
216
324
234
276
186
246
288
162
237
234
225
225
258
225
243
243
249
258
261
210
258
213
240
228
198
243
291
255
201
261
264
258
267
258
216
219
270
288
246
255
213
255
270
273
255
231
264
192
258
204
222
225
225
234
237
228
162
288
258
201
228
222
231
237
267
228
297
267
213
267
228
315
198
261
222
255
237
261
285
225
285
252
213
222
258
207
267
189
258
264
312
243
237
240
225
201
213
318
237
204
288
216
240
222
219
162
267
234
219
267
210
240
243
228
216
252
330
213
258
249
243
228
228
249
276
270
198
249
219
267
279
243
249
219
303
240
246
207
258
243
276
210
225
252
228
231
243
207
255
201
234
264
246
216
267
252
273
252
237
225
222
228
234
237
213
222
252
219
219
273
225
240
279
201
222
264
222
201
249
243
240
219
207
261
225
198
255
225
267
255
270
195
