237
240
243
243
225
222
216
267
195
234
234
255
264
225
192
237
222
213
234
273
258
210
234
267
279
231
255
261
237
261
225
210
177
195
201
207
252
249
291
255
264
210
270
240
234
264
252
198
297
228
231
279
279
222
228
261
237
255
228
273
261
252
270
237
240
201
210
201
258
216
207
258
216
252
237
216
225
204
213
267
189
255
267
228
252
276
219
267
225
213
300
195
222
243
261
225
192
273
240
255
198
291
270
231
237
246
261
249
243
222
204
183
246
210
276
231
237
198
222
225
228
228
195
210
216
246
258
273
246
252
252
279
225
276
222
258
300
243
201
213
261
264
225
219
252
252
258
261
234
261
240
252
225
246
279
198
255
234
249
246
210
231
222
180
258
255
222
285
279
240
219
270
249
279
204
192
228
255
249
234
225
249
234
264
249
231
243
210
255
216
249
234
207
231
210
273
228
249
255
255
225
246
261
237
273
201
288
222
240
255
186
249
261
252
252
246
213
222
198
273
267
243
255
201
255
255
213
255
228
174
231
240
270
252
243
288
264
288
264
243
240
216
240
198
252
213
219
210
216
234
288
201
255
270
207
240
162
252
255
237
261
291
225
219
264
282
240
264
249
288
198
237
246
222
216
219
264
237
267
246
258
234
234
156
213
180
288
243
189
231
255
183
237
237
228
192
231
249
261
219
