252
285
249
231
249
276
270
258
270
249
234
237
261
267
180
273
243
240
264
225
228
180
237
189
195
240
213
273
282
249
204
231
246
210
237
222
249
288
222
240
267
246
255
264
219
258
258
240
243
240
261
270
231
231
246
213
258
255
204
258
264
246
240
240
210
198
252
246
246
237
270
186
213
267
240
237
267
315
195
234
189
285
288
222
225
207
309
252
267
258
222
270
237
252
249
216
228
273
192
288
228
285
240
252
249
249
246
234
258
168
258
231
189
228
183
246
270
264
246
294
264
213
291
264
264
255
189
216
201
237
240
252
198
198
264
243
237
264
237
198
228
225
258
249
234
207
237
234
216
264
237
195
237
240
297
222
207
264
240
240
234
204
270
225
225
210
228
240
237
252
234
228
243
186
210
186
249
297
243
261
231
243
246
270
243
267
270
291
267
213
252
252
228
291
207
225
201
264
273
225
243
213
264
264
234
231
210
264
276
204
279
237
237
207
219
249
267
222
249
264
189
246
222
237
249
237
258
252
288
231
255
267
255
243
270
258
267
240
258
234
243
231
258
267
261
252
246
231
267
234
267
216
237
207
237
228
216
258
234
210
264
207
228
306
237
225
234
237
210
258
246
303
204
222
243
276
258
249
285
279
267
213
228
246
273
246
279
246
204
228
234
195
219
234
249
225
285
282
243
213
