549
468
504
447
504
468
519
537
510
462
534
549
480
558
489
498
453
474
498
486
552
492
552
459
486
495
420
471
453
447
507
516
474
513
414
519
489
399
621
465
411
456
519
561
468
522
528
504
525
453
516
507
525
543
531
453
417
423
489
483
501
432
555
567
489
486
447
504
561
453
489
492
441
525
504
507
459
546
492
522
531
564
483
588
537
432
477
486
531
471
507
459
519
516
468
507
429
534
492
489
450
459
450
486
489
555
516
504
489
510
510
510
426
429
456
414
432
426
522
480
525
543
528
489
546
465
465
465
525
405
504
450
462
498
582
438
456
558
492
468
492
441
486
519
507
489
516
459
507
471
537
411
537
471
498
510
492
492
441
483
525
453
465
498
474
489
477
501
456
471
504
483
444
516
540
621
513
414
510
546
546
501
525
516
462
540
549
552
477
516
516
510
498
435
468
483
498
456
432
510
489
528
528
426
513
558
492
504
516
471
453
465
525
474
507
495
519
528
486
498
492
564
537
540
465
435
465
534
525
438
465
441
474
423
516
462
522
432
513
480
558
480
492
510
519
435
516
537
489
471
480
474
477
462
507
492
474
480
501
459
429
519
486
567
534
519
522
456
558
486
531
555
510
510
438
546
417
477
522
516
492
489
468
498
510
483
426
498
486
507
489
507
510
459
537
348
486
510
489
507
