537
456
420
459
546
477
486
468
459
456
561
519
471
456
447
447
546
465
492
453
519
504
495
492
480
531
549
531
489
492
519
501
594
465
450
471
504
426
471
543
513
486
513
459
474
513
579
471
531
498
507
492
495
534
441
522
495
450
468
468
486
528
477
474
486
549
480
441
465
495
552
564
549
468
528
462
462
453
480
459
492
498
507
507
570
483
546
465
462
513
501
516
549
462
429
486
456
486
495
480
477
516
468
534
549
456
546
501
528
531
504
477
483
492
459
492
504
504
516
558
549
540
510
558
468
447
429
513
495
462
465
510
537
513
531
519
555
471
528
492
486
492
477
543
426
369
429
486
450
510
501
426
456
504
462
438
486
567
513
513
465
462
483
549
492
528
423
486
504
507
558
501
531
480
522
570
495
510
528
510
537
489
477
441
543
498
441
507
480
519
474
456
510
498
513
498
486
546
498
444
381
405
522
516
486
552
534
444
504
477
576
540
507
444
504
501
495
402
498
462
507
498
513
522
528
549
567
459
555
456
471
531
477
537
432
459
477
522
507
537
450
453
543
516
396
486
531
549
441
471
423
480
543
453
492
510
492
474
522
390
573
519
498
381
456
414
486
495
534
447
534
441
525
489
477
480
486
468
519
537
489
462
492
459
456
456
507
525
528
504
513
468
477
546
525
489
471
456
498
564
