225
213
246
267
201
207
225
231
210
306
255
270
255
273
270
246
210
261
222
204
237
261
198
300
204
246
231
261
270
222
213
213
228
216
261
246
282
195
234
270
240
249
264
216
231
258
252
234
243
210
246
237
252
216
204
204
261
276
210
255
264
204
219
168
201
195
222
222
228
204
234
306
219
225
225
267
213
213
243
252
267
297
246
240
237
213
243
252
171
231
213
207
249
237
270
213
291
246
276
270
240
237
246
207
258
204
195
237
240
222
234
273
255
267
297
234
210
246
258
177
243
240
213
216
297
231
249
222
222
279
213
186
228
207
213
210
186
237
198
267
222
249
261
300
255
234
213
246
225
237
246
276
246
255
213
204
264
246
270
282
279
219
174
222
273
252
264
252
246
219
219
234
177
240
264
237
222
231
258
264
258
252
234
222
252
231
252
240
201
249
189
219
219
216
216
243
279
306
312
234
282
240
267
285
255
249
240
255
249
291
231
225
234
309
240
210
222
264
189
282
234
231
246
225
261
231
291
201
228
213
228
255
252
204
213
237
216
258
261
219
222
243
183
288
198
234
231
192
219
252
246
258
276
264
261
279
246
255
237
282
222
261
231
219
249
213
258
207
213
207
279
246
228
261
246
189
234
270
240
198
234
249
288
222
219
252
249
192
213
225
270
198
246
237
231
246
171
216
219
306
