243
183
276
225
207
219
219
267
225
249
246
255
276
192
273
201
243
270
225
249
249
270
192
324
216
246
225
213
270
282
222
267
267
282
213
210
228
264
255
279
273
186
237
213
240
210
225
243
297
285
252
171
240
279
246
231
177
225
249
231
243
228
270
273
210
243
240
219
201
237
249
204
213
216
252
264
255
231
207
267
216
237
258
258
300
192
225
234
267
279
249
225
255
261
174
219
207
225
255
249
195
237
282
240
246
234
243
243
228
210
249
243
264
294
234
273
270
249
246
201
231
246
261
183
219
222
285
228
246
255
237
291
252
246
276
237
264
186
261
219
240
243
207
222
264
210
243
234
225
273
243
261
222
222
171
267
228
231
225
243
234
264
261
237
219
231
264
225
258
213
213
219
270
252
270
192
249
207
210
222
234
225
279
264
210
249
252
252
237
213
264
198
276
240
264
213
219
207
231
285
255
204
234
228
246
270
261
240
285
249
231
249
234
189
183
255
273
210
195
240
213
225
255
285
201
237
255
210
222
291
240
258
258
204
255
267
273
267
207
258
246
231
255
264
204
258
249
234
240
261
234
285
249
309
246
210
225
216
282
291
201
201
219
237
237
267
222
225
270
219
228
273
231
225
207
213
246
207
246
219
261
243
243
243
207
219
267
234
237
249
255
237
243
252
243
228
249
252
201
246
