258
234
216
213
162
267
204
234
228
225
234
231
258
192
261
240
246
291
234
216
240
243
240
222
204
249
246
315
267
252
240
222
207
252
258
306
237
270
252
279
219
234
222
282
186
246
210
201
225
240
261
198
267
243
216
195
201
231
261
252
240
258
270
231
285
285
255
225
213
240
243
189
234
207
279
201
249
243
267
231
210
216
276
240
207
282
237
228
270
222
303
273
234
222
276
228
180
201
264
267
282
219
258
273
282
219
240
210
294
276
249
240
207
228
231
270
252
219
291
240
261
231
237
201
213
267
261
249
258
231
204
252
216
258
264
288
216
288
222
210
270
267
213
240
249
219
240
189
237
207
228
252
261
219
237
267
222
279
225
198
210
192
246
246
240
231
234
219
228
246
216
264
258
180
246
282
249
234
225
210
231
276
258
261
228
276
228
321
303
198
267
315
228
192
240
273
240
219
219
270
225
252
255
276
297
246
231
228
213
264
255
246
222
210
213
264
252
231
255
252
240
249
252
246
216
255
273
267
213
240
168
204
252
267
210
252
219
279
252
243
213
231
258
270
264
213
204
264
264
234
225
279
213
294
261
255
297
252
228
228
222
240
198
210
309
192
267
225
327
210
213
258
234
192
192
252
279
249
267
258
270
249
216
210
327
237
213
216
231
279
273
231
234
258
222
246
255
246
258
243
