516
597
501
450
510
435
462
411
510
513
453
444
525
480
444
504
507
423
483
420
480
513
438
492
453
450
534
507
462
486
537
453
507
462
456
462
516
465
477
426
543
537
435
456
498
471
471
480
588
432
531
510
474
480
480
459
504
504
462
432
564
510
522
444
516
459
432
501
486
468
480
444
459
468
456
432
504
510
519
447
471
555
489
459
492
426
480
429
456
450
537
486
480
462
474
486
435
441
447
465
408
510
468
495
483
489
486
477
522
510
450
531
486
513
462
411
468
465
447
489
504
417
525
417
492
450
465
498
498
459
441
441
558
495
558
519
492
453
441
489
534
543
540
558
465
498
525
426
504
459
486
501
480
450
468
432
522
468
495
498
495
531
459
462
483
492
480
450
465
417
465
567
471
507
483
570
498
417
402
462
450
480
552
462
462
528
390
525
534
561
534
531
465
498
462
438
471
525
456
498
519
483
450
459
453
507
471
519
465
531
492
495
504
462
510
465
474
474
444
540
435
525
498
498
522
519
519
507
447
489
438
477
495
450
447
504
513
477
486
510
459
471
432
489
456
537
528
483
528
489
519
498
522
459
453
480
471
426
438
432
438
462
474
489
450
471
453
459
528
444
447
474
510
561
510
438
528
486
471
516
495
453
498
528
513
507
573
462
411
507
516
405
480
477
486
459
459
537
477
501
