204
249
267
267
249
294
213
237
177
210
264
252
201
264
231
240
291
240
240
234
252
240
222
243
279
261
222
240
222
216
237
165
216
189
198
258
201
225
225
264
294
222
249
252
240
231
261
234
249
249
318
243
198
219
273
246
219
264
258
195
249
240
285
219
222
195
240
213
216
252
264
249
216
213
204
237
228
261
216
258
264
306
258
261
180
291
252
270
294
234
195
231
219
252
249
237
249
276
252
243
237
222
210
240
222
195
234
225
240
201
222
273
252
276
225
225
273
213
243
234
237
246
189
240
243
231
222
231
234
261
306
204
243
231
198
231
246
276
249
225
249
219
273
225
219
225
237
276
228
267
234
219
237
249
255
234
240
255
276
240
258
234
234
243
231
321
195
198
186
225
273
255
234
237
270
279
213
234
225
237
273
198
210
192
282
201
249
234
246
258
276
228
249
234
261
255
234
246
240
276
237
222
261
282
231
225
258
213
213
207
231
255
252
258
246
243
243
258
276
210
270
237
282
219
219
189
249
258
252
258
273
231
270
267
246
243
183
303
243
246
300
198
252
210
243
216
198
243
222
243
243
255
195
216
210
249
303
222
249
231
237
276
246
288
222
237
252
273
276
243
246
204
222
231
255
273
231
246
219
249
228
225
246
246
294
252
240
255
216
252
228
201
255
240
228
261
276
237
249
189
