234
246
222
228
261
216
264
228
276
237
231
261
198
258
204
279
234
240
207
195
261
237
249
279
213
240
231
234
279
231
195
207
261
270
234
252
255
252
234
222
243
309
273
237
291
249
249
195
258
240
231
216
219
237
267
270
261
240
219
228
240
243
264
204
216
228
213
216
240
225
267
186
249
174
237
243
273
195
204
228
258
210
213
270
228
213
267
225
237
210
264
270
252
261
195
270
225
213
246
201
273
216
204
240
240
231
252
243
228
213
201
267
264
204
189
219
279
225
261
243
228
297
258
246
255
246
237
207
246
201
270
207
222
207
249
192
264
216
270
234
264
309
228
234
306
288
261
240
222
270
231
210
240
216
231
243
228
237
252
216
210
255
273
225
228
267
237
171
213
252
243
237
294
237
249
264
246
219
246
201
231
261
210
234
234
168
210
216
237
234
228
219
291
303
294
255
219
276
228
252
240
216
288
207
243
240
261
249
246
225
237
204
216
261
249
213
246
201
252
231
246
192
243
180
192
234
186
207
243
222
261
207
192
249
255
219
255
246
216
219
249
231
237
195
240
273
276
255
276
237
228
204
207
204
216
243
204
258
216
261
243
261
216
249
216
225
207
189
249
219
240
225
249
288
270
264
267
237
249
264
219
252
210
273
279
273
246
240
267
264
246
246
219
228
225
192
216
246
258
222
