243
240
252
267
207
231
201
255
204
252
240
249
204
198
300
231
243
231
243
282
225
300
192
267
225
201
213
234
201
231
297
252
255
300
285
264
246
261
249
198
225
237
261
255
177
243
234
252
246
237
264
264
216
216
282
276
231
234
255
195
243
231
201
234
249
243
210
246
234
270
267
282
225
228
246
270
246
240
243
228
219
240
234
234
168
231
234
210
231
273
231
264
204
240
225
225
276
231
210
234
228
204
228
249
234
210
255
240
243
243
240
276
231
240
240
279
249
210
243
291
288
267
270
195
276
222
225
264
267
258
264
255
228
237
216
225
168
240
273
300
213
240
237
219
228
225
237
204
243
246
243
249
249
258
243
237
237
237
240
228
249
255
252
243
240
291
249
231
246
246
222
216
192
249
297
243
201
267
264
249
255
252
240
261
216
192
291
273
270
231
243
234
297
243
285
222
237
195
255
237
255
213
249
249
252
324
258
228
249
216
243
243
219
225
246
213
252
279
258
204
183
261
240
237
231
285
222
231
237
279
246
258
234
237
225
222
213
288
222
276
201
288
276
225
225
246
231
240
234
186
288
222
228
243
252
267
240
222
225
228
255
219
264
261
273
225
258
252
237
237
228
195
264
258
219
204
222
276
249
234
330
228
270
273
252
222
246
198
288
252
204
249
228
231
246
246
237
276
282
255
