246
246
255
237
261
213
252
252
198
192
198
270
219
258
222
213
234
264
228
213
300
261
180
213
276
261
279
198
177
237
258
261
183
276
246
213
225
228
195
255
267
255
282
297
243
240
192
243
180
261
225
294
243
237
258
216
249
273
249
249
225
252
237
219
279
222
273
255
315
261
213
279
261
249
249
264
243
264
264
252
273
288
237
255
204
228
243
252
219
219
234
258
207
234
204
219
246
252
270
219
255
219
216
240
237
312
258
276
216
180
258
213
282
273
240
237
186
282
222
240
264
273
246
231
276
213
258
231
210
225
228
264
240
264
255
237
225
204
213
237
231
237
276
243
219
246
255
210
243
216
219
186
237
237
252
255
228
261
243
270
273
246
231
318
216
201
282
201
240
234
192
288
270
222
255
246
234
246
219
255
243
240
195
231
243
225
240
267
234
237
249
267
198
207
237
234
252
246
273
264
249
246
258
249
270
258
240
243
201
273
261
243
219
201
288
240
270
270
246
246
201
273
228
228
219
288
249
204
264
213
222
225
300
264
192
267
246
225
255
255
246
204
273
228
255
237
228
204
270
249
255
228
225
249
237
252
240
285
246
225
279
210
192
273
222
210
249
291
252
204
237
207
261
204
192
204
186
234
240
207
243
249
258
207
246
273
228
222
279
195
249
267
246
228
225
207
255
174
207
231
