231
240
249
219
222
192
231
240
204
276
201
243
246
249
240
264
222
246
246
195
186
213
237
276
273
207
252
285
270
252
252
201
255
228
246
204
249
246
261
243
276
228
237
219
255
306
270
270
258
240
246
261
237
288
288
207
225
249
216
222
189
225
243
255
288
243
237
195
270
225
231
264
204
216
222
258
249
225
249
243
270
288
261
231
249
252
249
195
204
222
246
213
264
219
222
252
264
249
255
279
249
243
282
270
195
264
225
228
231
261
279
276
264
258
267
237
210
219
234
252
210
231
213
222
228
255
213
228
243
237
303
237
258
237
207
264
294
246
264
234
225
234
294
225
186
240
231
240
261
237
243
240
270
285
207
219
258
234
249
198
255
285
261
243
252
249
216
216
198
261
258
246
255
192
225
231
264
201
273
258
222
249
240
204
222
240
282
234
222
255
228
213
243
267
198
228
225
243
231
225
240
255
276
231
225
255
282
273
267
228
216
240
222
231
231
237
213
264
264
279
228
219
246
297
249
204
222
234
267
252
222
216
222
195
198
189
219
261
228
204
204
234
252
288
213
213
249
213
267
246
234
207
204
216
225
216
237
204
288
249
225
267
255
237
237
213
213
195
237
225
258
228
228
249
249
237
276
276
279
207
216
219
210
216
273
246
252
270
207
231
234
270
216
249
237
291
210
258
237
207
