504
435
495
525
453
450
534
435
507
483
468
432
465
399
507
438
441
435
576
441
483
480
510
516
519
495
498
495
459
444
447
492
498
444
438
543
447
489
462
462
459
465
501
525
420
411
456
483
474
438
456
492
501
411
504
498
537
459
504
435
501
453
501
516
525
504
525
510
501
492
459
468
465
486
471
546
507
480
456
468
444
546
441
447
471
438
444
498
453
474
465
432
426
435
474
522
393
456
468
426
468
465
444
420
456
489
456
525
462
459
477
441
459
561
438
606
450
534
471
429
513
489
489
534
525
492
447
480
495
438
417
474
486
474
468
522
441
468
519
486
426
459
486
462
507
471
483
414
471
447
456
480
471
453
456
483
459
447
459
462
426
393
411
456
468
459
465
471
504
549
486
447
459
456
468
414
426
462
525
468
573
510
435
558
501
498
450
447
519
498
462
492
507
459
438
471
528
465
504
501
498
492
459
420
510
450
480
534
444
459
528
501
483
486
435
459
528
468
522
447
471
519
501
483
540
546
489
477
474
456
429
501
453
561
489
483
504
495
498
498
468
435
501
486
429
423
393
423
489
525
567
465
504
441
435
507
504
426
537
477
465
483
462
417
510
450
453
543
474
510
534
480
474
462
567
489
468
534
441
504
486
501
480
501
468
414
495
432
435
426
510
441
483
459
537
426
519
549
462
480
