231
267
264
264
279
267
228
246
252
282
243
243
249
222
225
213
246
252
261
228
195
204
237
237
210
297
201
288
246
204
273
252
240
270
228
243
243
228
246
231
264
204
249
240
261
261
264
210
249
210
258
237
231
231
255
279
237
222
240
222
243
249
243
231
180
213
237
237
252
246
237
255
225
282
273
246
243
225
234
198
291
270
264
234
216
222
216
240
237
258
249
252
213
264
231
189
213
258
231
282
261
186
216
219
267
210
234
228
264
261
249
231
207
261
252
240
237
207
252
222
276
258
201
249
201
225
249
219
255
234
276
249
297
216
276
240
243
228
246
276
210
210
240
234
255
312
201
231
234
249
207
258
243
228
207
240
243
225
285
231
219
210
273
255
204
189
222
225
255
297
261
228
240
300
246
192
195
291
219
279
234
246
234
252
201
213
189
234
228
249
213
273
276
198
234
249
258
249
282
264
213
267
228
240
264
246
213
270
210
201
192
258
171
237
264
198
276
207
243
192
243
297
267
237
249
261
264
261
231
162
249
237
216
225
285
237
234
237
204
267
228
252
216
213
207
237
258
234
195
261
264
216
222
183
252
249
264
255
279
315
240
249
189
207
258
243
231
201
201
222
228
255
210
297
213
213
219
204
255
231
243
222
219
189
267
219
249
234
216
282
252
228
312
267
207
222
237
201
252
249
