411
459
507
519
474
504
486
513
534
441
432
486
489
483
456
465
480
495
489
459
489
447
528
510
468
576
465
444
465
546
480
522
510
468
561
465
522
483
501
555
420
468
555
465
477
414
510
465
525
480
522
435
453
468
444
468
474
459
456
423
465
519
486
456
486
495
480
492
525
528
501
450
492
441
474
507
516
486
504
432
492
531
471
525
498
468
438
510
504
513
474
609
420
471
405
549
429
432
468
480
432
510
417
453
483
450
507
447
480
468
465
504
441
426
462
402
531
474
498
501
486
492
399
504
447
504
510
447
474
594
465
444
573
399
468
426
492
492
471
495
453
495
483
513
501
483
450
453
450
507
489
462
477
429
429
564
477
516
534
444
471
498
474
501
516
405
423
501
483
462
489
474
441
459
534
543
492
495
420
399
489
489
504
477
519
510
420
459
459
471
453
525
483
450
513
465
465
456
468
483
465
489
492
519
402
414
411
471
465
441
501
510
513
435
435
474
420
465
504
480
522
474
471
489
480
480
492
495
546
492
543
453
429
471
486
441
441
450
486
516
552
480
459
477
486
378
456
549
468
495
516
399
450
513
477
423
525
453
453
426
501
498
465
522
465
480
468
510
534
480
468
447
549
549
501
468
420
459
447
450
516
489
471
456
573
450
450
495
474
510
447
438
516
474
399
405
438
426
498
558
