525
489
498
510
411
534
468
465
456
495
528
465
555
477
507
513
534
471
501
375
444
390
471
528
447
489
480
558
504
498
495
447
480
477
537
459
471
444
471
495
525
444
459
405
510
558
480
516
459
480
537
495
501
576
456
477
453
447
459
459
519
417
456
543
453
453
480
504
486
396
513
447
462
507
474
456
477
468
453
501
540
468
480
540
462
477
495
489
444
483
477
528
540
453
522
546
474
462
480
528
498
447
498
468
468
525
468
537
489
459
486
528
465
408
471
462
489
480
447
495
528
552
405
432
486
492
363
483
462
426
492
513
549
402
480
492
501
504
540
426
522
438
555
462
429
459
483
483
531
471
540
402
408
408
513
453
459
429
435
459
495
492
513
453
498
456
459
453
504
471
480
477
498
444
471
507
510
432
474
486
402
453
450
459
465
399
510
498
480
429
495
516
465
477
441
522
498
519
483
438
462
483
501
501
474
471
504
513
501
504
495
462
432
510
438
432
480
453
450
528
468
420
471
435
492
552
456
411
534
492
462
444
441
534
501
387
450
456
531
480
501
450
456
420
459
492
561
450
549
522
525
492
456
492
444
444
477
519
504
417
489
465
513
516
477
471
438
507
483
447
468
510
432
585
591
486
516
483
408
501
564
459
519
474
384
465
423
522
480
444
456
438
405
519
480
483
447
486
498
483
