243
216
201
222
237
264
225
207
267
267
276
201
258
261
252
201
195
204
216
261
204
255
219
222
222
231
237
246
228
270
264
228
219
225
258
237
282
210
276
258
234
264
216
255
237
183
243
258
210
225
258
192
219
252
228
222
243
240
234
267
279
225
219
231
240
285
237
240
255
294
270
255
231
279
264
213
213
240
180
246
225
270
207
264
261
231
231
243
234
270
249
213
279
249
240
249
255
222
237
225
228
240
252
228
243
234
171
249
243
237
240
261
234
192
192
252
234
210
258
246
279
228
216
198
270
252
237
225
264
213
222
249
246
216
282
258
249
312
234
252
279
240
273
249
210
228
210
216
258
192
192
261
228
258
204
273
243
216
234
255
219
216
252
234
192
249
249
240
228
246
213
225
285
207
237
249
240
237
234
240
249
237
279
270
243
255
258
219
246
222
201
282
249
258
219
258
246
225
264
216
213
216
207
237
210
225
210
264
189
204
249
210
225
240
207
246
222
252
264
216
219
234
273
231
231
219
204
252
234
216
186
252
246
255
192
297
222
198
213
222
273
234
237
252
204
204
234
225
255
216
222
288
273
219
219
219
216
264
282
228
258
264
213
225
246
246
240
243
279
234
249
267
267
216
231
195
219
216
246
285
234
267
258
231
255
216
195
204
255
267
309
198
252
294
228
243
243
252
255
297
