243
216
246
258
186
222
207
219
240
234
237
240
216
297
237
240
234
204
255
249
297
219
261
222
309
210
234
213
240
282
252
225
258
252
213
210
252
252
234
264
231
228
267
264
228
198
282
267
174
228
288
216
282
240
279
249
246
258
228
282
255
207
237
207
300
222
261
219
204
240
219
222
225
249
234
216
264
282
270
198
267
249
243
213
207
258
252
231
213
216
255
198
282
210
255
252
210
207
282
237
261
198
255
186
225
252
243
228
279
279
213
237
243
264
279
246
282
237
237
267
225
267
255
312
243
267
276
264
285
267
222
273
177
255
210
234
258
213
321
261
306
252
243
234
237
210
198
264
252
201
270
249
207
240
258
228
195
210
252
222
168
249
249
252
249
267
207
273
240
210
222
252
180
270
192
240
279
234
228
249
276
222
225
279
258
273
228
222
237
282
252
237
210
258
273
180
201
213
252
222
282
267
252
222
213
234
219
264
273
216
246
255
234
249
192
255
246
216
183
246
255
246
231
195
258
222
201
252
249
204
255
252
255
303
240
279
252
207
237
288
192
222
216
246
198
282
228
243
258
231
228
243
186
240
231
243
222
219
231
258
249
252
279
231
270
255
249
192
249
291
228
243
270
210
189
255
267
270
240
249
261
276
255
216
294
225
276
225
267
231
270
213
246
213
246
192
237
198
234
222
