225
285
216
300
300
225
246
261
294
216
204
216
294
207
243
207
228
264
207
222
243
228
279
219
207
219
258
219
255
240
204
255
285
189
267
225
213
204
216
273
237
210
258
252
168
255
246
192
180
315
234
240
228
282
294
213
267
270
258
303
234
228
285
231
243
237
288
261
270
219
261
198
231
255
270
288
204
246
243
213
234
207
213
258
234
243
234
222
279
219
222
234
159
180
264
222
243
222
255
198
264
258
210
183
195
303
258
255
192
249
222
222
213
219
213
216
195
249
204
285
246
267
273
219
327
201
231
270
285
219
228
225
228
240
237
228
249
237
246
261
303
285
222
231
258
225
252
216
255
237
204
216
231
267
255
216
228
234
222
282
276
222
267
222
246
219
219
255
249
231
282
258
270
195
255
264
261
258
225
189
237
186
234
237
258
240
213
240
243
270
219
270
273
219
219
222
228
225
273
204
270
258
222
258
306
210
282
246
252
201
252
192
255
267
252
243
234
276
252
222
246
219
264
225
234
261
237
216
198
228
219
231
192
222
279
288
288
231
255
273
264
237
240
246
285
249
306
273
234
330
240
282
246
249
240
261
273
246
279
234
177
270
249
324
225
273
303
198
279
234
210
237
204
249
243
231
330
237
249
279
267
270
267
234
258
240
204
249
201
237
234
228
249
216
213
186
177
219
288
234
