270
243
228
237
267
276
225
237
276
234
255
285
252
303
264
261
228
273
294
234
234
255
267
201
219
219
243
261
249
219
255
279
261
213
273
219
246
183
231
231
270
246
204
207
267
234
243
261
174
246
264
183
225
246
219
228
210
240
240
285
222
255
195
213
240
258
243
237
252
246
216
210
255
243
180
252
237
255
192
234
237
219
264
243
261
240
279
264
237
213
267
219
279
204
258
279
267
192
294
189
246
261
222
207
216
222
261
246
243
243
282
270
300
258
279
213
237
267
234
249
261
219
225
216
234
231
258
198
216
258
210
234
228
255
204
210
213
234
273
213
192
273
246
258
210
243
204
237
255
282
213
228
249
252
228
189
255
255
198
270
228
255
234
213
231
228
255
231
228
267
216
204
258
243
180
240
258
231
222
222
225
240
273
246
249
264
291
219
222
234
279
243
243
249
249
219
234
252
204
219
228
255
264
225
192
267
261
210
243
300
207
264
237
258
228
294
264
243
234
156
228
273
243
285
216
279
237
219
255
243
174
216
270
252
276
255
228
222
234
273
291
261
249
264
222
192
237
234
228
261
264
213
237
252
213
255
252
243
237
255
255
276
240
246
225
213
258
252
249
246
234
225
252
258
225
312
213
267
201
198
228
270
252
213
240
225
231
225
234
213
285
339
237
252
279
261
246
285
216
261
