219
231
240
228
249
195
258
264
246
207
207
252
219
216
204
216
231
231
228
231
186
246
315
231
264
216
264
276
222
222
279
210
279
225
258
270
246
252
246
246
222
210
240
180
228
255
237
192
267
213
231
225
225
231
249
222
264
273
234
282
228
243
213
213
294
267
219
240
228
246
270
252
225
249
279
273
279
180
204
264
222
180
237
207
243
273
249
222
297
288
174
264
252
255
243
252
240
243
225
225
222
228
249
231
219
252
276
267
309
279
270
219
240
237
228
237
282
243
246
213
261
216
189
288
219
255
264
210
201
258
240
240
252
270
225
210
216
192
231
267
195
240
258
240
255
231
213
261
273
279
225
246
243
267
225
246
258
225
270
225
210
240
282
201
255
231
201
213
240
192
258
228
276
234
192
222
273
210
198
252
261
183
273
207
246
285
213
249
252
243
192
261
237
207
246
252
240
252
207
243
279
192
234
249
255
249
276
231
219
255
324
225
258
255
219
309
240
264
294
273
234
228
240
270
219
228
210
213
207
231
252
234
204
294
195
285
210
276
225
225
180
234
216
273
282
228
240
264
222
210
201
177
219
228
267
231
243
303
177
282
258
261
249
288
285
252
243
246
237
243
225
270
219
255
240
225
258
219
213
246
255
246
210
237
258
267
213
282
213
219
276
255
237
282
222
240
213
234
267
252
