213
207
264
225
210
300
186
261
204
270
231
237
243
234
228
228
306
258
222
219
216
189
291
258
249
237
249
246
207
291
285
189
258
240
216
237
237
258
216
222
225
237
273
348
228
270
309
216
234
261
219
270
192
276
204
243
210
285
210
228
285
234
246
300
240
240
201
243
219
285
240
231
249
180
237
258
243
252
237
252
255
231
276
240
201
225
225
240
204
240
189
231
264
234
228
264
186
282
222
273
174
252
249
225
246
276
243
276
246
228
252
222
228
231
249
240
249
252
294
219
216
204
252
216
210
216
264
276
267
273
234
288
246
237
258
252
231
243
252
246
240
252
225
282
237
276
189
234
180
189
258
219
219
240
243
234
237
219
192
270
222
270
252
231
219
240
201
228
201
255
210
237
288
207
228
219
264
255
237
258
318
231
213
222
243
246
213
237
249
222
255
252
225
228
198
225
201
249
234
291
282
264
210
252
240
210
216
237
207
207
210
216
180
183
234
252
213
195
273
204
240
267
219
231
201
219
231
264
216
276
237
204
270
267
255
237
225
240
195
261
213
234
228
222
234
258
195
246
252
246
258
255
261
258
240
225
225
243
273
219
207
303
252
213
216
270
210
294
219
258
207
177
246
267
240
216
249
231
246
228
219
189
261
252
267
270
237
255
198
237
243
213
252
210
249
267
231
261
231
225
