231
204
243
234
273
207
237
219
228
201
264
225
270
213
276
237
267
273
234
204
243
231
273
252
219
225
246
240
240
198
279
258
240
222
270
219
237
183
267
201
252
213
255
270
240
255
234
231
216
222
255
216
243
231
243
273
228
234
270
243
255
246
219
213
204
267
237
282
246
273
264
204
216
282
267
243
180
270
189
258
246
264
228
219
231
237
249
195
267
261
297
261
237
222
228
234
246
222
249
240
243
219
252
219
213
204
207
231
237
261
261
279
252
237
207
237
255
255
225
240
246
246
261
201
201
222
243
204
225
216
240
264
219
243
237
237
264
246
210
255
243
222
228
219
249
258
258
252
207
219
255
201
276
264
243
246
261
285
264
258
231
225
261
258
243
261
207
249
228
300
237
288
255
222
219
198
258
225
267
264
213
216
255
273
219
255
237
198
261
234
237
300
309
249
228
234
252
261
195
297
252
300
285
252
279
252
225
267
240
252
228
228
204
243
237
231
228
219
285
282
294
261
225
252
252
219
276
237
213
243
264
225
255
276
225
264
210
246
225
270
240
270
267
237
267
249
258
216
237
237
252
243
246
273
213
222
216
231
225
228
234
249
258
219
252
192
234
198
243
204
180
234
225
258
276
180
243
264
225
246
216
258
207
222
228
237
231
264
258
234
201
225
252
195
261
249
192
180
237
219
