255
234
186
243
231
240
222
225
219
237
228
213
219
252
291
222
255
225
252
252
234
258
222
291
273
258
267
228
282
249
273
231
264
240
270
246
261
219
222
264
243
222
210
303
234
270
222
270
141
270
219
237
216
255
270
234
282
228
261
255
255
243
291
231
243
285
198
255
291
255
228
270
237
231
228
219
234
261
222
210
261
231
231
207
276
180
246
258
237
228
285
249
231
222
216
240
255
207
225
216
177
216
198
228
240
246
195
237
249
264
258
228
243
237
276
243
228
261
234
252
222
237
258
237
222
240
261
234
261
216
213
330
243
231
276
252
252
249
222
258
264
219
234
219
264
234
228
213
264
252
231
213
240
231
282
219
231
225
189
183
240
246
270
237
273
270
222
186
288
258
216
252
195
273
258
249
234
228
177
228
243
228
225
180
258
234
255
210
228
222
237
276
228
216
213
219
231
240
216
276
267
213
237
282
228
270
204
231
231
195
243
279
327
294
249
222
264
246
246
219
255
228
282
231
249
273
237
240
285
207
255
213
240
252
273
234
258
261
234
228
198
264
222
213
288
234
261
243
297
213
231
294
222
219
276
273
231
210
240
195
276
219
246
249
219
270
273
252
240
201
207
243
255
282
276
255
261
234
219
237
234
225
255
192
207
264
249
216
270
207
246
252
231
225
195
246
264
255
222
252
