228
228
201
279
240
234
219
246
255
216
285
252
282
246
207
273
249
231
252
252
228
231
225
204
246
267
294
243
261
261
303
210
225
303
219
243
225
234
240
246
210
270
213
186
276
255
255
207
222
273
285
219
237
246
234
270
231
240
219
258
249
198
222
243
228
297
231
273
234
213
249
234
225
204
237
294
234
240
210
225
258
249
228
264
222
267
222
219
252
225
213
255
225
309
210
252
258
231
246
270
243
243
228
237
231
198
249
228
240
222
246
210
198
240
180
234
276
231
234
252
201
243
243
231
243
207
234
249
204
249
237
234
258
204
234
249
219
186
216
243
300
213
312
249
207
237
246
237
252
276
213
249
213
216
255
237
198
234
225
240
273
192
252
246
219
183
255
270
225
267
219
198
255
228
297
225
252
207
243
219
255
219
267
264
279
273
234
237
210
222
255
180
246
231
231
285
231
228
231
330
177
243
279
225
252
234
204
195
255
276
249
246
216
201
243
249
276
234
258
231
282
246
264
234
219
210
231
255
264
267
231
282
231
252
249
261
273
273
216
219
210
198
246
228
234
201
225
210
246
258
273
207
228
219
228
204
240
234
228
228
264
234
222
207
216
216
267
282
204
267
240
237
234
201
237
267
264
249
264
228
291
273
255
231
228
243
258
309
177
288
210
270
276
222
267
237
324
219
186
228
