471
525
480
513
537
498
483
474
516
456
546
432
417
474
465
459
429
471
471
525
501
528
471
459
501
459
456
540
435
471
465
480
465
510
474
483
519
441
450
501
414
417
465
465
468
423
441
456
492
462
498
414
471
450
474
519
522
519
444
480
435
450
453
513
483
492
468
540
450
501
480
543
519
486
489
513
495
516
525
495
522
465
555
450
510
441
522
420
444
459
543
411
501
432
417
450
483
453
501
468
534
468
471
474
465
435
486
501
555
444
465
486
474
480
459
450
486
531
486
435
459
495
462
483
483
528
441
468
426
537
459
471
459
450
393
549
543
486
516
486
504
507
465
501
534
543
489
501
453
504
462
477
480
441
483
456
504
462
444
453
519
480
438
456
534
501
486
480
510
510
474
441
525
561
474
378
531
468
492
444
492
438
483
567
540
477
459
453
426
528
471
507
408
471
483
477
456
522
477
363
486
459
465
492
510
504
486
504
468
504
438
381
483
567
483
474
507
486
486
492
474
486
501
468
486
465
429
414
513
390
489
504
552
543
471
501
513
402
471
444
516
393
462
510
507
516
483
483
495
486
489
414
489
420
477
480
486
495
465
513
522
504
474
522
456
480
450
483
429
426
465
543
483
528
489
462
528
540
480
435
435
453
501
519
459
513
522
444
435
498
471
465
426
486
516
552
441
561
438
504
