276
240
303
204
258
267
237
243
279
237
243
249
234
282
270
216
219
171
225
234
261
216
315
279
291
222
219
249
282
237
237
243
165
246
216
225
252
219
237
243
276
231
219
237
261
225
183
216
255
240
222
249
204
234
207
249
192
219
225
255
282
252
222
225
249
246
237
249
213
276
261
225
264
216
237
279
237
204
228
231
240
267
258
231
192
231
219
240
243
195
240
213
294
222
222
228
234
252
225
219
201
255
285
237
306
267
249
255
264
258
234
237
261
234
240
219
231
258
240
210
258
255
303
228
249
213
213
285
222
219
213
201
225
234
255
207
180
237
201
204
231
246
252
243
258
189
273
255
282
219
213
255
222
240
237
291
267
267
234
219
219
273
273
198
261
237
228
243
261
192
285
246
246
198
276
267
210
240
279
222
255
258
204
213
243
210
231
264
246
231
222
273
204
201
231
288
285
228
255
228
255
261
246
240
225
249
285
282
231
195
213
201
204
270
255
237
237
249
240
234
198
249
267
225
207
237
255
207
273
219
246
216
294
237
207
261
279
252
240
240
201
207
228
261
231
219
204
234
249
264
228
240
258
243
276
258
294
285
261
255
276
315
237
234
285
252
261
237
237
192
231
240
273
234
291
213
222
186
234
240
237
237
228
249
225
255
258
231
225
222
198
234
207
198
258
231
231
246
231
255
