222
195
198
195
267
231
231
249
255
237
228
225
246
249
231
264
237
300
222
234
243
210
234
225
204
204
228
201
252
288
231
210
348
264
252
210
216
267
210
249
201
240
198
246
237
249
291
222
291
276
252
276
240
255
285
252
270
288
318
234
219
243
234
285
246
234
201
249
258
267
243
264
216
237
273
225
225
261
252
285
270
225
264
291
267
228
243
222
231
201
222
204
213
267
255
225
222
195
228
243
258
237
234
186
267
258
237
240
237
204
315
201
201
258
255
273
225
231
264
240
291
267
237
210
246
264
216
222
261
234
219
237
291
240
267
225
210
261
228
267
264
270
225
255
246
267
243
297
258
195
216
276
267
246
237
264
285
195
219
264
222
192
249
267
228
258
204
249
255
231
231
207
201
246
258
249
219
264
231
219
237
261
171
237
255
258
222
240
288
258
204
189
237
291
192
261
264
237
204
291
228
213
273
216
222
213
237
246
216
234
195
300
249
201
306
246
222
189
216
264
216
255
225
219
291
252
240
231
216
243
276
249
213
198
246
225
225
183
309
285
213
195
225
210
270
237
243
237
267
225
198
264
273
216
258
228
216
255
261
255
234
219
282
246
228
222
234
204
273
237
237
258
255
249
237
255
210
273
216
264
261
279
276
237
216
237
279
237
276
231
285
225
192
204
225
219
246
294
279
252
