201
231
255
264
234
261
240
285
294
228
246
219
213
207
252
261
234
225
225
237
171
228
234
204
213
234
204
210
261
228
270
255
225
225
291
249
258
195
291
252
216
246
219
225
285
258
237
291
255
273
210
267
207
231
297
228
258
234
246
261
249
252
246
246
273
192
246
258
201
219
258
255
237
219
246
273
261
207
189
234
204
201
285
288
210
285
222
264
246
222
252
246
231
282
219
237
174
186
231
228
198
213
144
282
255
264
240
210
279
255
228
234
255
303
225
255
243
261
231
231
249
258
258
240
225
219
297
210
270
228
225
264
195
231
255
249
222
222
243
291
255
282
189
252
309
180
303
264
201
270
258
207
213
279
201
258
225
213
258
243
198
183
252
252
252
225
246
237
231
195
288
243
237
252
255
216
240
237
273
249
258
267
246
213
228
276
225
261
219
231
222
204
243
267
261
210
279
189
216
246
213
234
183
249
252
246
285
234
273
258
252
258
282
192
237
210
276
261
225
231
237
291
264
219
261
204
228
267
249
258
258
252
270
246
237
231
222
243
195
249
252
228
219
216
270
240
255
306
228
279
204
213
204
204
207
207
288
234
219
273
303
216
267
267
195
228
234
225
228
237
255
231
267
267
165
234
258
258
222
240
234
246
234
243
249
288
240
249
225
231
249
210
252
237
246
219
246
225
261
228
