474
480
474
486
480
429
432
423
531
486
549
477
459
510
498
438
426
459
489
522
498
492
426
552
462
435
504
432
396
591
459
477
381
483
474
405
438
483
441
483
462
480
531
495
471
486
435
492
510
483
492
483
483
450
471
474
558
462
441
546
462
558
459
477
519
483
492
462
486
453
498
483
495
471
489
447
453
525
474
492
411
564
558
498
510
486
507
459
462
540
468
462
486
399
414
411
477
525
396
489
441
399
489
471
465
468
519
543
489
480
561
477
549
513
474
474
486
405
504
474
504
525
519
486
456
420
498
507
486
468
537
504
435
453
537
534
471
519
507
426
429
426
444
432
468
510
444
453
516
492
480
549
462
507
492
531
486
489
501
459
558
507
483
474
489
564
447
480
465
504
528
561
537
429
489
477
450
474
489
459
513
423
480
492
555
459
477
498
459
507
459
423
504
537
507
471
444
486
483
453
540
543
507
522
504
486
429
408
423
450
483
471
489
456
510
471
435
501
513
519
459
510
399
564
453
459
465
522
444
486
477
492
483
471
534
477
492
477
486
519
432
492
510
516
429
498
465
447
390
438
468
519
471
411
474
492
498
543
516
471
501
492
396
402
456
510
474
456
468
414
522
489
474
462
492
483
564
495
480
447
495
477
441
462
486
417
495
531
522
516
504
462
483
519
501
480
525
459
513
510
