276
216
234
276
222
231
201
273
225
270
255
222
219
270
237
237
195
270
216
213
255
198
270
189
306
219
213
210
243
198
231
267
249
204
255
231
258
279
225
240
204
234
204
237
267
237
222
252
249
231
228
210
234
261
228
243
228
216
258
249
234
234
216
252
276
195
240
222
237
240
240
204
210
219
252
261
219
243
243
267
210
234
282
228
249
216
222
201
294
273
261
309
249
267
204
189
237
255
225
282
234
225
237
246
246
207
252
210
291
258
267
252
252
246
201
222
249
210
234
228
219
273
219
240
225
249
198
240
237
222
267
246
252
279
264
237
264
222
303
261
225
186
219
258
279
264
309
225
252
279
258
240
243
222
258
210
258
273
201
189
207
243
222
192
282
240
216
243
264
255
261
216
237
225
222
201
222
285
201
258
192
240
237
249
237
279
282
261
243
243
255
243
219
285
261
249
249
270
231
231
288
198
243
243
222
201
261
279
252
243
228
270
249
240
285
297
240
213
252
219
240
237
273
246
222
213
210
270
243
225
252
246
240
213
222
225
186
237
165
306
243
312
219
237
201
255
291
210
252
195
192
249
213
294
252
246
264
294
261
228
213
246
186
273
279
237
237
255
261
249
249
243
273
165
249
282
240
234
252
288
291
273
243
210
201
243
273
231
210
210
261
285
192
246
195
252
240
297
225
240
