261
255
201
240
246
279
273
264
180
261
201
225
297
246
279
231
258
273
288
237
192
249
273
204
237
228
255
210
225
198
222
219
246
240
210
246
234
246
252
216
231
231
249
285
204
213
276
261
255
261
216
210
207
243
195
234
282
264
264
243
279
243
255
225
240
216
234
237
249
228
225
222
207
231
249
249
246
258
237
282
234
243
219
279
249
225
243
207
225
210
267
246
312
204
255
198
228
258
264
213
234
231
225
267
225
267
228
255
243
240
231
207
303
240
276
276
201
276
282
255
252
183
255
204
288
255
252
264
156
318
246
255
243
228
255
231
258
222
252
261
213
243
237
228
192
249
222
237
246
246
210
192
216
252
216
219
255
294
285
264
258
279
210
234
282
201
249
288
243
213
264
273
213
249
243
288
225
249
288
267
243
228
234
255
195
240
258
252
222
210
243
249
201
249
282
249
264
276
252
207
207
276
231
276
255
222
234
264
237
249
234
222
222
204
225
201
231
219
291
267
243
219
231
243
231
219
252
264
210
231
261
225
261
240
243
273
246
240
246
279
234
213
252
222
186
258
267
231
225
231
294
249
285
261
225
216
255
195
231
249
237
225
240
261
156
267
213
249
237
300
249
240
252
210
231
258
225
222
249
234
246
204
237
297
213
258
252
231
201
240
231
258
192
282
246
240
225
273
255
237
