219
225
228
210
294
240
243
225
228
210
246
273
288
234
261
234
300
234
282
288
273
222
237
300
273
189
225
204
234
210
201
261
252
210
258
237
252
252
240
225
225
246
219
228
258
279
255
243
210
237
210
234
270
207
258
234
237
237
225
231
282
213
201
315
246
228
252
213
282
237
255
303
231
246
231
282
201
201
198
264
186
186
240
270
261
282
228
213
186
279
297
231
237
249
219
222
201
246
264
222
234
255
240
258
198
234
204
261
204
225
231
261
201
288
219
231
258
246
174
219
222
225
192
216
294
201
237
273
243
261
225
291
219
246
228
282
282
192
297
252
261
207
219
222
189
240
261
195
246
270
225
237
222
282
174
222
249
270
267
231
216
222
216
195
210
147
246
273
246
225
219
294
219
219
252
228
228
204
207
261
264
231
294
228
264
237
237
288
303
240
234
231
228
219
252
276
213
246
234
231
207
243
282
204
258
294
300
267
228
198
261
237
228
249
234
219
282
261
228
198
270
225
252
288
213
225
237
210
210
219
252
267
225
330
216
240
222
246
231
198
252
204
255
240
213
243
258
246
270
240
225
219
234
267
252
258
255
234
288
285
219
219
228
252
249
228
243
216
231
234
213
249
198
243
258
258
231
243
225
210
234
261
207
231
267
267
231
252
267
270
255
255
225
282
231
246
216
300
246
225
