273
243
222
255
213
180
201
243
273
234
237
237
264
234
207
267
228
279
225
231
273
282
288
243
219
225
273
213
252
249
198
243
237
282
243
210
192
297
243
240
255
273
204
264
240
246
267
183
249
246
213
210
222
288
219
270
240
288
207
225
228
273
201
201
279
222
207
228
228
249
252
261
210
234
213
207
270
231
237
249
312
237
306
249
243
261
237
228
219
270
261
255
243
243
189
213
207
183
273
240
255
237
267
273
249
222
249
249
240
231
234
249
267
243
234
246
252
291
213
264
300
255
231
249
159
255
201
282
270
234
231
234
201
240
249
228
264
249
243
210
264
243
258
201
243
246
207
252
237
231
222
279
222
210
258
246
225
264
219
264
264
261
225
219
195
300
207
204
222
315
243
210
240
243
240
225
231
210
243
285
261
231
219
195
288
192
255
207
210
270
243
264
255
213
261
246
249
252
294
261
234
273
249
189
201
204
219
261
228
270
237
276
279
273
237
264
255
180
282
261
273
192
207
258
246
273
234
276
201
222
252
264
270
252
240
183
276
255
231
213
234
273
219
216
204
201
261
264
243
252
216
246
255
288
273
192
204
240
249
279
228
255
210
225
255
186
267
243
267
228
279
267
207
219
291
243
246
237
252
243
228
240
237
189
264
183
285
207
276
189
225
258
246
234
282
243
237
240
288
234
