219
198
198
219
291
204
186
276
252
222
195
237
252
267
213
204
270
264
210
222
207
243
285
261
231
276
228
243
243
231
225
207
207
282
189
177
255
255
228
240
195
222
273
234
240
246
288
237
246
240
234
258
186
237
261
312
228
243
234
231
228
270
270
210
204
234
273
231
240
258
201
234
246
255
258
297
279
240
255
231
246
294
246
267
255
282
255
261
216
276
225
273
195
243
222
225
234
240
249
246
264
243
258
279
255
255
255
210
240
252
240
234
276
228
246
252
267
267
222
213
261
246
198
231
201
246
243
195
198
306
258
237
234
231
243
288
228
228
294
252
237
255
240
249
216
258
267
255
243
258
243
276
276
234
273
225
258
261
249
246
243
228
234
267
198
228
231
222
201
237
234
270
213
219
234
243
213
249
234
219
207
258
270
255
222
264
264
261
240
246
243
225
249
222
240
261
261
231
228
225
240
276
204
303
219
237
300
195
243
273
192
249
198
228
258
228
225
252
270
261
207
228
240
291
279
240
195
234
228
201
246
231
258
291
174
246
249
246
213
228
258
228
219
213
201
252
171
174
231
249
228
249
213
243
261
252
225
270
222
252
291
165
186
237
246
246
276
240
270
207
261
219
246
210
249
237
213
222
282
222
246
267
234
240
273
213
225
255
267
255
213
264
237
201
234
234
240
258
198
249
