189
255
252
201
243
237
249
282
249
240
246
231
264
240
216
228
291
216
249
225
339
252
243
222
186
267
252
252
309
216
267
252
279
264
240
267
243
225
258
240
258
240
264
252
249
270
270
261
267
213
288
231
228
249
246
303
237
249
207
186
270
246
273
234
234
183
264
216
204
231
267
249
315
237
198
204
237
243
222
231
237
201
231
267
255
258
258
243
279
279
258
216
231
252
264
234
183
246
243
252
201
285
222
234
276
249
255
240
222
198
192
258
273
261
234
249
300
216
294
246
222
246
198
258
210
243
219
213
246
204
243
285
219
285
204
210
201
243
255
225
237
207
249
192
201
216
240
198
198
240
276
258
252
258
186
234
177
252
279
243
234
231
219
261
258
240
270
276
255
234
285
216
282
216
264
240
267
258
231
225
243
246
204
264
240
240
195
189
237
234
225
228
171
255
216
222
243
243
255
165
252
207
273
321
255
225
231
270
249
225
246
270
249
216
225
264
273
234
231
231
276
264
240
231
261
264
240
261
288
201
249
219
231
204
276
216
198
252
243
255
222
264
225
237
246
255
237
207
258
219
285
297
231
240
207
276
222
249
225
303
288
210
204
261
264
267
231
255
303
201
255
264
243
273
252
216
210
276
258
213
255
234
261
270
180
270
204
240
234
249
240
240
240
177
243
258
291
234
261
231
