231
246
231
210
294
204
207
222
237
204
246
189
258
225
204
264
228
261
231
276
255
258
228
219
210
243
258
261
246
207
234
201
204
273
240
267
243
273
237
216
240
219
192
213
249
285
261
210
231
216
255
210
237
264
231
285
222
243
318
180
237
228
249
276
228
216
285
222
261
255
216
216
234
288
222
207
225
234
243
249
237
240
216
207
249
246
240
276
228
240
234
228
267
285
240
222
222
228
267
246
225
273
237
243
231
216
261
279
237
282
258
291
360
291
282
225
285
234
177
204
198
258
243
234
276
207
243
228
237
249
225
306
210
231
279
237
264
231
198
300
240
261
258
249
273
285
294
222
222
225
216
255
228
240
219
270
261
240
306
249
258
252
252
279
204
225
306
228
213
270
258
276
219
270
228
240
195
285
240
231
219
225
276
255
246
225
255
273
252
195
240
243
276
249
198
303
225
219
234
243
255
237
282
216
264
219
183
264
219
255
246
267
285
234
228
276
228
222
243
228
294
228
222
171
246
246
216
216
246
219
261
213
213
264
252
201
231
225
228
195
240
243
264
258
249
279
237
261
228
282
213
192
207
270
258
198
192
222
201
243
258
252
255
219
243
252
228
231
234
240
258
231
261
255
288
213
219
207
216
201
237
219
207
243
249
261
216
243
270
252
252
285
240
264
246
234
228
243
198
228
