222
237
252
237
258
282
237
213
210
198
219
291
249
213
228
219
243
252
207
240
228
213
240
258
255
195
258
195
246
255
237
171
273
279
267
252
204
222
243
237
252
207
252
270
258
273
267
228
249
249
279
240
240
228
201
273
198
246
201
231
201
240
228
270
249
267
192
249
261
201
270
213
261
237
264
192
201
222
237
258
198
243
234
186
219
222
264
246
252
294
267
234
222
279
258
240
246
168
234
225
243
216
240
216
300
177
240
234
225
255
210
273
204
222
249
234
234
255
267
267
231
261
261
237
243
270
192
249
234
237
252
234
207
249
213
225
198
243
258
240
255
222
225
237
279
252
261
276
210
204
219
273
216
258
309
222
222
237
255
207
225
279
273
219
255
222
246
201
288
270
243
249
276
273
282
216
237
267
237
198
264
198
201
309
219
255
231
213
264
222
255
237
273
255
246
213
228
258
255
210
228
270
219
222
243
252
264
219
231
225
210
267
240
216
249
216
225
243
315
243
261
279
240
243
204
231
234
258
246
273
234
228
252
210
198
243
258
225
240
255
195
288
183
261
249
225
210
246
225
213
243
207
213
216
219
219
261
237
210
207
216
189
279
246
321
231
243
234
207
237
252
225
255
240
276
249
249
228
267
228
273
225
234
237
219
204
240
249
258
255
279
198
234
228
267
231
198
213
240
243
