279
228
216
303
249
288
258
252
309
273
276
240
213
231
237
273
240
243
264
252
222
237
234
249
222
234
231
258
222
279
204
207
231
210
228
219
252
258
252
267
207
312
249
219
279
291
300
207
243
225
240
261
270
261
213
255
207
243
231
249
231
291
282
246
249
279
207
261
261
225
222
225
285
264
222
234
234
264
237
213
180
231
258
240
252
273
240
210
207
237
195
264
240
204
282
246
276
201
228
228
216
234
231
213
225
264
225
258
225
237
285
267
210
252
267
261
222
189
285
285
240
210
237
228
210
240
246
255
255
294
210
264
222
249
207
225
243
213
276
276
291
240
270
243
219
195
171
228
225
243
198
255
204
189
237
255
210
249
270
249
270
258
219
228
234
228
264
231
333
210
246
258
231
270
264
249
210
234
252
252
207
195
243
216
213
222
249
267
213
258
198
237
246
237
189
255
210
276
228
231
246
210
207
234
240
213
267
195
243
216
210
255
225
237
219
228
243
225
240
288
234
228
240
210
255
225
228
264
231
180
204
273
240
255
192
213
258
255
237
246
270
312
255
273
249
237
219
207
204
237
234
237
294
276
231
234
279
228
225
204
207
204
273
252
228
195
234
273
255
222
225
192
210
264
171
261
228
228
243
174
246
213
204
270
246
213
255
210
273
270
201
225
231
255
279
207
216
234
237
258
