291
246
237
267
300
258
222
228
258
231
201
231
213
240
219
198
291
189
276
261
243
222
234
186
282
249
210
213
213
249
222
225
285
303
189
267
222
234
258
252
255
210
228
228
228
246
201
180
219
267
225
243
249
240
228
276
228
267
231
192
171
234
273
273
246
216
273
249
240
231
216
249
231
246
201
237
228
231
234
207
204
285
216
261
234
258
222
297
246
243
234
276
216
249
231
225
258
252
216
279
285
255
210
231
276
234
240
210
213
273
216
195
207
246
315
231
210
222
276
243
243
246
252
255
240
240
213
261
210
240
231
264
231
252
234
228
216
273
228
210
240
216
258
264
261
240
267
228
195
249
306
201
273
201
216
267
264
282
201
237
207
222
210
225
216
192
258
255
252
267
216
279
234
252
246
258
198
240
219
225
192
249
282
222
243
273
198
249
207
192
255
294
231
249
246
198
246
192
234
231
189
180
240
231
252
294
240
255
222
234
264
225
228
207
249
315
231
255
246
258
264
240
243
219
231
267
189
216
231
258
270
204
267
210
159
279
246
216
252
276
228
249
243
291
213
246
234
225
195
210
243
234
243
219
258
210
228
216
243
189
225
249
270
246
237
225
192
207
201
216
213
198
195
252
246
240
273
240
222
192
288
267
237
252
246
234
273
210
225
282
273
258
252
222
216
234
267
222
255
231
