261
243
228
252
240
240
240
207
192
300
270
285
261
180
273
243
249
201
261
273
270
246
261
222
240
264
231
216
291
282
276
216
234
231
243
207
216
234
294
279
228
240
237
228
213
261
210
249
222
228
279
261
240
213
231
288
264
225
261
279
258
195
258
192
264
294
234
279
327
228
192
252
228
258
234
195
255
252
288
246
231
273
222
234
228
210
222
282
285
234
246
216
246
234
243
210
252
225
225
228
273
252
201
219
255
258
219
255
267
249
207
255
195
279
255
228
237
216
213
294
186
249
276
219
243
249
255
258
243
258
261
261
237
258
261
225
252
240
276
249
258
255
222
267
252
249
213
213
225
231
246
249
273
201
195
261
210
261
270
234
267
255
255
258
249
213
213
228
237
264
258
234
195
213
207
225
210
258
225
234
243
228
237
285
321
249
249
240
207
261
279
297
258
258
276
270
261
240
282
234
261
204
255
231
264
225
231
231
252
270
276
258
222
228
216
228
237
249
237
234
237
237
243
234
213
213
261
207
255
225
234
246
249
234
246
204
234
213
234
198
240
228
222
240
222
240
213
213
201
288
258
231
291
276
255
294
234
249
255
201
246
210
285
276
207
225
234
234
201
237
237
228
207
237
222
192
225
222
288
252
237
231
243
237
234
246
276
243
213
264
249
264
297
210
249
264
279
192
204
201
