261
252
270
210
249
216
207
285
237
279
279
213
231
267
240
234
255
228
273
288
234
258
255
243
264
225
198
294
261
270
261
255
231
231
252
243
246
210
219
249
255
240
228
246
273
270
258
228
255
186
267
234
228
207
252
240
234
258
297
237
285
222
249
276
276
177
252
228
222
249
249
213
246
237
276
312
231
225
240
237
258
237
261
243
219
219
228
252
252
231
252
225
198
210
234
201
240
249
252
258
297
231
267
189
225
243
246
234
303
249
228
264
252
255
216
231
231
261
192
219
201
234
222
258
201
246
216
243
252
264
240
246
195
222
267
291
237
258
240
240
273
255
171
237
258
279
225
237
240
267
234
234
258
231
261
276
261
213
222
267
267
273
222
222
240
195
219
204
246
231
240
213
234
198
255
219
195
261
246
207
228
270
318
255
258
207
216
291
174
237
237
267
210
231
258
255
213
249
246
273
258
198
255
219
252
258
255
240
240
234
204
243
222
207
252
240
282
258
192
252
252
219
246
303
270
231
246
210
225
234
267
189
279
270
216
213
252
300
213
246
246
216
237
285
240
231
234
258
192
252
246
198
219
219
243
294
264
264
258
225
195
195
237
249
243
249
219
213
225
243
258
264
246
219
198
264
231
288
195
255
228
213
210
210
246
186
237
237
234
240
258
222
234
234
249
291
240
282
219
264
