240
282
258
192
237
270
243
243
267
306
228
219
246
264
258
261
258
261
279
273
240
210
219
231
252
201
231
237
213
204
255
258
237
261
249
243
267
270
261
183
234
261
258
240
249
252
237
231
231
231
234
270
264
270
234
294
270
234
222
267
216
249
228
225
255
234
306
228
192
222
237
285
219
270
195
228
213
261
252
231
240
195
195
228
234
225
192
243
261
297
234
264
204
228
237
255
216
240
264
279
228
264
225
258
261
240
252
261
264
234
234
222
210
285
216
267
219
246
255
273
243
267
258
219
222
222
240
219
249
222
186
228
291
255
261
231
270
210
213
258
276
240
270
204
243
234
276
273
228
273
234
213
246
246
249
288
243
273
300
240
264
240
237
255
216
231
228
234
270
189
216
189
243
201
237
219
216
249
216
270
192
204
231
246
228
213
219
270
258
252
258
237
264
264
192
195
243
216
276
279
231
219
252
231
285
216
219
189
246
228
261
240
219
246
213
216
216
207
264
267
249
228
246
294
219
276
252
270
168
267
225
264
249
252
225
222
222
252
210
222
303
267
297
291
327
264
192
222
288
225
273
273
264
228
210
255
246
273
237
198
252
249
255
204
267
249
243
237
237
270
240
231
222
267
276
267
231
219
213
249
258
228
273
231
240
249
174
219
273
279
234
243
228
255
195
243
222
240
243
240
