276
237
240
216
261
231
252
225
243
222
195
210
225
249
204
243
270
258
225
243
219
234
252
264
258
252
231
237
255
219
231
222
282
174
234
270
231
273
279
261
243
237
246
240
228
276
237
261
237
234
270
219
264
261
222
225
288
198
210
258
219
246
204
237
261
237
204
231
243
282
255
276
252
228
270
240
261
285
234
231
231
252
228
273
249
210
219
204
279
201
231
219
243
210
261
255
252
288
276
261
258
216
267
252
282
240
270
264
252
255
231
255
243
249
261
300
243
240
249
225
240
228
240
255
282
216
234
210
285
222
228
252
240
246
258
243
219
204
237
201
276
234
207
258
225
258
255
246
228
261
228
219
213
237
177
237
243
249
228
246
261
234
219
231
264
234
258
225
252
249
225
249
234
231
237
216
177
231
243
216
237
243
225
240
246
270
249
216
225
234
252
300
246
234
240
258
270
267
228
267
258
267
240
276
267
213
267
240
258
225
258
270
285
252
246
249
246
225
183
225
225
300
180
210
198
240
294
255
243
249
249
228
258
240
237
195
249
219
225
270
243
255
246
252
252
264
255
228
207
237
288
288
225
249
231
222
258
249
267
216
237
252
252
255
288
237
264
279
258
243
222
228
228
273
237
264
222
249
303
198
294
309
258
216
219
231
222
234
225
234
219
246
240
243
252
264
261
240
201
276
