231
237
219
255
177
234
216
192
204
252
222
231
195
207
264
213
291
315
216
252
234
246
246
246
249
222
255
288
198
288
261
195
222
219
255
216
207
210
222
201
246
222
240
258
273
216
228
219
246
216
270
240
285
258
264
192
231
240
231
195
252
276
234
261
210
192
234
228
264
267
267
237
252
261
261
267
225
279
231
207
255
258
228
237
219
273
261
228
210
228
219
210
228
255
192
207
267
249
222
234
243
258
234
240
288
258
237
288
225
252
273
285
231
234
252
246
219
213
252
300
267
237
276
282
237
258
264
207
180
291
240
249
204
255
216
207
258
279
261
249
276
237
240
207
285
258
228
225
252
315
225
249
252
267
246
243
255
210
258
213
234
258
285
270
237
228
270
261
249
213
183
216
216
240
225
210
219
240
240
207
255
213
219
264
216
255
216
219
231
258
228
240
225
249
252
270
213
246
258
231
273
246
240
258
168
255
222
204
207
261
225
249
225
255
231
222
246
228
237
234
288
249
255
231
246
240
216
213
237
204
267
246
282
255
189
207
234
237
243
249
252
261
213
231
243
252
198
210
255
270
225
240
276
231
264
303
240
168
270
234
234
228
204
240
249
207
249
225
252
186
303
219
291
261
255
180
225
258
264
174
252
249
222
276
222
264
252
261
249
249
285
219
222
240
228
228
213
252
270
240
