204
255
213
240
234
255
264
264
255
210
234
231
216
228
273
279
204
228
249
231
240
237
261
282
252
237
243
225
237
246
249
279
228
180
306
189
279
261
255
288
234
225
228
246
231
201
243
240
201
267
264
213
303
258
207
300
228
213
273
261
237
273
252
288
243
237
258
276
255
228
207
186
285
234
264
243
201
216
228
210
231
201
201
243
222
252
270
234
228
258
216
222
222
267
237
204
270
237
228
249
264
219
237
282
252
213
231
252
240
228
261
261
255
240
258
240
279
258
213
273
270
261
222
195
270
252
225
231
225
189
237
255
201
255
231
234
207
252
240
237
216
225
258
273
264
231
276
228
261
228
207
267
249
225
222
294
204
297
192
255
261
222
237
243
204
258
210
279
264
201
270
240
204
258
186
237
222
243
234
291
258
243
231
249
240
237
249
186
237
252
237
258
264
201
222
243
249
186
201
267
240
222
273
234
231
243
255
213
186
219
213
213
237
240
207
246
261
195
216
279
198
255
279
234
243
252
222
252
228
240
288
204
282
198
249
195
231
213
246
249
246
279
252
228
282
270
249
219
279
273
228
240
279
231
249
243
243
189
252
243
219
243
270
204
243
231
228
279
216
231
225
243
279
234
204
234
240
255
243
228
225
273
273
261
207
225
210
195
240
228
249
249
207
207
240
249
300
219
234
249
