234
231
174
222
186
195
273
207
231
258
255
222
222
273
255
246
273
258
249
288
222
204
237
261
234
273
186
243
228
222
288
270
231
222
234
201
222
222
255
249
225
234
195
261
234
204
237
249
249
225
282
210
225
219
252
240
252
252
216
228
213
213
234
234
267
264
252
189
279
207
198
186
228
213
234
318
264
231
243
315
261
240
288
252
177
249
252
225
222
294
234
237
258
240
237
231
183
234
228
192
240
201
237
246
186
246
318
249
234
285
201
216
225
243
243
231
249
195
231
198
228
243
216
222
213
222
246
234
294
264
264
315
258
237
195
243
243
276
213
267
273
207
213
264
273
240
231
252
279
192
243
234
204
258
213
243
222
234
234
225
276
207
264
255
243
252
282
249
237
258
246
201
243
285
213
210
234
294
255
249
249
189
240
267
213
255
267
255
231
252
246
216
213
228
234
252
267
285
219
258
255
276
231
237
270
261
258
252
261
204
258
249
270
264
240
258
210
231
225
213
234
252
246
252
207
240
261
192
255
213
219
222
219
210
225
240
249
249
204
231
237
249
231
216
216
228
240
258
282
189
237
264
198
237
240
246
252
255
246
213
216
231
192
216
255
270
252
219
270
294
210
273
261
198
243
183
240
249
258
270
201
231
243
234
219
267
261
225
228
222
165
273
246
255
228
210
237
207
234
321
