492
405
504
420
576
456
489
393
498
429
462
513
474
504
546
429
507
516
567
486
486
498
474
498
471
462
489
531
495
552
453
474
450
465
483
474
465
468
465
489
432
429
510
507
489
468
405
435
474
492
480
483
435
432
525
498
504
501
480
534
516
516
516
507
561
492
429
495
465
507
495
417
495
471
462
438
540
462
456
486
483
525
489
411
420
465
558
483
519
450
471
462
438
441
396
432
531
408
462
468
447
489
468
447
423
465
480
465
459
483
495
429
555
567
480
537
471
477
465
510
381
495
495
438
429
483
543
462
471
486
471
453
492
423
495
549
438
537
432
486
492
459
495
402
498
489
486
507
528
531
507
513
471
528
441
477
456
525
447
465
483
474
477
546
522
513
519
435
393
570
465
555
471
444
414
423
435
432
489
453
474
471
474
444
519
513
531
501
471
465
519
510
444
516
486
471
510
477
513
504
459
399
504
438
459
447
474
510
459
549
423
453
456
528
462
495
540
486
411
498
501
498
534
414
510
474
483
423
486
504
519
450
492
471
459
516
456
471
477
420
555
528
411
519
486
462
432
498
426
462
471
513
495
510
534
468
513
474
456
534
420
450
474
519
489
507
510
462
465
444
432
438
486
507
483
495
495
492
552
459
570
516
471
522
501
453
369
480
468
492
456
480
477
468
507
453
513
453
474
453
