234
282
201
213
261
213
288
198
225
186
276
270
276
273
264
270
249
261
219
231
270
300
258
243
267
210
228
216
228
225
258
216
255
237
213
177
249
252
228
234
225
267
213
282
240
279
222
240
231
213
258
177
234
243
228
249
249
249
273
219
273
219
237
240
255
240
198
276
216
207
273
273
273
267
222
249
291
249
222
237
228
231
213
297
219
261
288
222
246
264
261
222
231
267
204
243
249
219
237
219
252
231
264
258
225
258
240
279
255
189
240
183
219
258
213
240
243
204
213
240
249
204
279
240
270
282
234
219
222
216
207
267
279
234
273
255
270
198
264
231
198
261
210
297
270
243
255
201
246
201
201
258
267
258
243
285
243
276
237
312
222
243
189
243
240
210
258
222
228
225
252
252
276
231
225
252
264
192
228
231
240
243
261
240
198
237
261
273
237
249
237
228
237
216
231
249
264
249
207
228
276
255
246
207
243
210
192
246
246
246
261
246
240
210
225
195
201
261
237
201
231
237
237
240
255
216
270
231
225
258
213
276
198
279
264
225
237
276
273
261
219
231
252
243
246
315
234
255
234
225
231
222
237
255
273
255
219
249
201
216
216
267
210
258
228
237
243
216
243
228
219
252
222
258
258
249
240
228
240
210
258
198
276
210
270
186
285
252
222
264
267
252
297
234
204
255
222
258
222
249
