225
273
225
285
228
267
249
234
189
270
231
294
231
231
228
270
243
288
210
222
234
255
228
267
231
267
285
231
240
201
300
300
255
237
252
234
225
198
249
270
279
222
249
264
243
258
234
264
201
213
231
258
243
276
267
207
261
273
276
234
240
231
249
201
255
189
210
261
267
252
222
219
258
240
237
222
249
258
228
282
291
282
291
216
240
210
192
216
315
243
258
216
261
270
225
249
243
237
222
237
231
234
222
231
228
234
255
228
261
213
276
270
240
246
240
285
234
252
219
198
222
237
249
219
246
237
246
267
258
219
198
273
216
294
237
273
240
240
222
243
267
234
231
231
252
207
249
264
216
258
252
252
243
258
246
207
246
252
228
240
234
225
285
183
243
246
210
264
255
264
258
240
249
240
219
282
213
264
249
288
309
228
273
177
273
282
225
315
246
225
231
264
258
276
225
216
234
228
222
231
261
243
192
225
243
261
222
195
207
225
225
240
228
186
273
252
237
243
294
243
219
243
216
258
252
225
198
237
204
258
243
243
240
225
210
231
261
207
270
210
276
252
243
240
246
273
204
252
159
258
210
252
291
186
219
240
237
210
240
228
258
276
231
234
210
273
201
249
210
240
246
270
240
249
219
213
210
192
219
273
291
237
231
204
276
243
207
252
219
237
252
237
237
189
240
225
237
252
234
225
