255
255
201
240
234
204
222
276
273
219
264
279
222
285
207
228
267
267
222
258
231
255
222
285
225
195
258
258
222
216
201
246
267
201
276
228
231
213
249
210
258
228
270
207
237
219
207
219
261
258
231
249
231
249
297
240
213
261
270
219
237
261
231
270
249
246
240
258
228
186
255
243
270
210
237
303
180
246
231
195
234
258
225
249
204
249
198
243
195
252
204
219
267
258
270
237
207
252
252
234
276
231
252
258
276
234
276
177
267
246
264
246
246
273
261
228
207
216
246
225
252
231
204
201
243
291
291
249
213
276
297
249
216
264
297
201
222
243
228
237
204
270
234
279
237
213
225
258
246
279
255
234
228
294
213
189
240
213
282
207
249
273
252
270
249
261
219
213
261
216
261
189
201
216
240
252
216
231
243
255
255
255
252
249
201
258
225
282
225
240
252
201
210
252
264
237
300
234
198
297
252
237
243
210
219
225
222
276
234
285
261
273
237
225
282
234
198
264
237
243
231
306
207
204
210
261
195
258
261
237
210
204
222
273
237
210
201
243
228
249
198
246
270
273
246
258
261
216
216
276
252
198
225
228
282
258
258
264
222
261
234
195
264
288
291
255
258
234
243
231
237
204
222
261
258
252
255
264
222
213
237
264
240
228
219
225
249
276
264
222
279
240
234
213
207
237
264
189
264
225
