225
207
204
276
198
201
264
270
264
225
219
225
213
237
240
213
276
267
222
255
273
222
267
255
219
213
264
237
213
276
258
237
327
219
285
237
264
231
273
243
261
318
207
258
228
270
249
195
249
291
267
249
201
228
264
246
231
252
222
276
240
216
243
252
303
270
282
234
267
228
243
276
255
228
264
243
285
231
246
207
279
204
225
270
231
282
195
264
225
222
234
252
246
288
204
207
300
237
189
237
186
225
225
228
276
240
207
285
243
171
258
228
225
228
249
249
216
279
240
276
195
273
306
246
174
246
261
243
228
231
225
204
231
240
216
225
234
240
234
231
243
258
231
225
294
243
186
261
231
213
231
306
246
240
252
234
240
213
252
261
219
234
246
219
267
225
264
195
237
270
231
195
210
234
156
258
234
207
246
252
234
249
192
225
276
246
285
264
273
213
186
219
249
240
228
309
216
234
219
210
237
264
222
252
249
228
234
237
309
237
231
213
243
264
246
246
231
210
222
258
264
273
234
252
231
243
279
189
231
234
249
216
246
225
240
237
216
228
243
258
225
261
249
264
270
231
258
210
234
279
249
246
225
219
231
279
246
261
237
213
246
246
204
213
246
261
213
282
183
231
219
213
267
240
213
225
270
216
252
294
213
231
291
255
234
222
216
294
252
273
240
228
255
240
201
264
228
255
243
207
