228
207
264
297
291
243
219
255
261
210
276
234
276
195
234
198
264
267
171
282
249
258
246
198
252
249
300
228
270
276
306
228
225
219
273
234
243
273
219
219
252
219
195
264
249
213
252
228
234
219
240
258
267
258
243
198
240
225
234
234
258
288
219
219
225
240
186
246
282
237
210
225
231
246
249
321
225
231
240
252
276
285
279
228
231
267
177
246
216
219
249
234
246
228
282
252
231
207
249
237
216
225
273
243
288
234
201
231
225
288
261
249
240
261
276
222
225
234
219
264
222
204
249
225
225
216
243
273
222
216
249
219
216
267
225
183
261
231
234
222
228
246
258
261
222
252
252
204
228
297
240
243
222
198
198
285
237
246
231
252
234
243
219
267
252
261
318
225
222
255
240
240
222
204
252
228
234
210
264
219
216
234
216
228
267
276
186
249
204
264
270
234
249
222
192
240
279
309
258
264
255
297
210
222
231
261
285
225
195
234
210
177
285
252
237
225
279
186
228
207
243
225
273
234
195
228
249
240
243
267
255
246
195
213
258
243
258
252
234
234
249
231
225
267
228
312
240
228
270
216
210
234
327
252
213
213
246
282
207
219
252
168
231
246
264
231
285
234
198
264
225
249
252
201
306
255
240
186
216
258
231
219
237
210
240
261
240
219
225
297
240
243
249
267
234
249
264
288
282
270
