207
234
306
276
216
243
261
204
210
267
207
270
240
228
222
231
207
264
228
204
264
210
264
237
234
261
264
219
243
228
204
231
300
237
255
228
237
216
222
186
243
258
222
240
246
198
216
222
222
285
240
303
189
231
231
279
234
234
264
243
225
240
255
240
207
246
225
228
234
279
270
258
279
237
255
222
249
192
267
228
231
243
261
252
255
270
228
261
279
231
282
264
285
243
234
288
213
204
216
219
255
255
219
231
243
285
204
180
222
234
234
270
210
195
219
240
267
282
192
249
258
237
213
231
228
273
219
300
246
249
243
243
228
240
228
216
234
282
255
237
231
255
219
201
243
243
237
243
252
231
207
237
210
267
231
219
258
225
258
225
252
207
261
252
243
285
249
276
195
282
237
258
237
258
222
186
225
306
258
243
207
192
246
231
297
183
255
225
243
264
228
195
261
234
267
255
225
201
228
231
225
240
234
261
240
249
228
264
258
219
249
219
240
231
219
198
261
246
264
213
240
222
279
198
192
210
228
195
258
273
246
234
270
216
264
216
225
195
213
243
243
246
195
246
207
234
222
252
255
279
270
270
210
246
261
237
234
207
231
246
198
240
240
183
222
240
195
246
216
267
234
237
216
243
255
288
231
273
204
252
240
234
243
201
246
237
216
246
222
219
207
204
252
201
231
198
294
261
231
201
