243
228
222
216
249
246
225
225
285
252
231
249
240
288
192
258
270
240
225
210
207
234
252
264
294
249
222
228
267
249
261
192
243
201
261
222
240
270
222
249
204
201
225
294
243
249
213
276
231
171
234
222
252
252
243
246
273
255
258
315
261
219
237
249
243
177
255
231
243
237
219
249
270
270
258
249
267
195
273
252
228
261
234
198
195
195
237
225
237
237
252
210
234
255
210
216
249
234
282
225
285
246
204
231
240
264
234
237
261
234
192
228
312
276
237
285
279
261
237
210
252
225
228
237
222
294
228
204
168
258
198
225
243
246
249
297
219
213
213
252
222
207
261
177
195
225
210
213
255
213
219
246
216
276
222
204
270
213
201
267
240
222
225
231
246
276
270
267
222
207
255
192
249
228
216
237
246
228
225
210
219
210
234
249
240
234
243
213
231
228
240
240
264
282
258
189
240
261
255
225
225
279
270
264
249
210
249
228
219
234
240
258
261
210
246
204
252
222
228
258
234
255
243
189
219
249
240
258
234
261
246
216
231
267
237
291
225
285
246
258
234
273
180
246
210
234
198
198
273
225
246
291
291
237
234
225
225
240
243
234
240
282
198
270
264
243
252
255
261
192
249
237
237
306
219
264
282
264
225
240
219
213
207
264
309
237
201
207
279
276
252
258
255
213
258
207
228
228
237
192
