432
456
486
531
492
471
471
462
450
426
426
531
498
540
471
510
519
450
492
516
486
510
522
480
450
465
588
471
513
504
447
426
420
459
453
438
447
492
528
492
417
432
543
495
420
516
525
477
507
474
474
471
489
462
483
420
489
489
432
504
522
480
423
480
510
498
471
474
537
480
465
513
441
570
531
471
495
501
441
504
504
531
516
414
441
474
483
444
477
486
498
441
474
456
549
468
435
456
552
477
492
480
471
525
522
492
513
543
402
462
474
462
450
543
531
447
408
420
507
516
498
438
450
462
414
435
480
465
561
432
522
495
528
492
525
525
522
468
426
477
441
480
444
411
480
501
516
471
492
531
450
498
480
411
501
462
501
411
459
480
513
459
477
522
417
438
438
456
444
459
606
468
459
438
453
435
498
495
570
438
492
453
495
444
471
441
504
459
480
414
552
438
573
471
426
498
483
474
465
489
438
492
462
453
564
474
453
495
501
444
483
513
438
477
444
495
576
468
558
459
507
570
495
531
393
483
504
480
468
468
519
453
510
471
513
513
453
471
477
540
465
504
516
513
483
519
516
411
471
471
534
450
471
477
510
510
456
552
426
543
462
453
492
618
501
462
504
435
546
516
459
429
438
510
513
483
516
444
483
507
453
480
450
483
471
441
429
501
522
489
471
528
528
546
534
510
453
486
447
516
