249
252
246
240
288
192
237
210
264
261
213
246
261
246
267
255
219
237
234
243
216
222
300
228
195
285
249
246
240
225
207
273
225
243
216
267
192
177
189
249
279
219
240
195
222
255
219
216
192
255
240
216
213
255
219
240
231
210
195
192
243
240
258
207
219
210
228
222
270
219
258
243
210
207
279
225
249
171
204
192
207
192
216
231
255
258
246
222
243
225
246
258
270
228
237
237
189
225
237
237
249
279
234
267
291
210
246
252
297
216
258
270
267
240
225
243
195
231
255
225
243
210
201
240
219
270
264
288
297
219
204
237
234
234
186
174
255
279
249
243
219
231
267
249
258
249
270
270
231
201
279
237
231
225
222
261
270
285
228
243
219
255
219
225
231
252
180
228
264
195
261
258
246
261
276
282
216
246
249
189
303
282
252
207
255
186
237
231
204
264
237
228
225
243
201
240
198
228
201
246
234
171
195
246
213
252
258
207
255
207
255
252
252
189
183
270
255
237
204
246
228
249
243
234
264
180
234
273
258
219
294
201
243
243
279
216
231
240
252
228
240
303
300
279
174
216
222
225
249
201
219
252
252
252
261
258
258
240
291
228
231
270
234
231
219
267
246
252
309
267
231
246
252
240
261
282
189
306
246
231
234
210
249
216
276
204
231
255
198
216
264
231
219
249
258
234
246
243
249
234
