492
498
468
534
477
471
513
459
528
456
480
489
480
456
474
432
372
477
513
480
453
447
534
489
453
441
465
477
543
471
441
531
576
489
486
510
510
450
531
474
495
453
480
486
438
435
435
519
495
450
516
468
474
417
495
519
423
411
540
513
441
492
435
462
489
456
471
498
513
531
405
480
483
480
501
489
453
459
477
501
474
492
486
453
483
495
492
459
456
522
456
510
528
489
516
585
480
534
450
453
426
513
498
489
444
474
549
522
483
447
459
480
504
495
459
525
510
384
447
417
489
474
441
471
474
462
462
408
492
531
546
519
447
429
495
516
504
543
546
507
483
447
507
516
525
423
501
438
510
432
423
498
441
423
501
510
510
438
537
507
501
456
453
489
477
516
498
492
504
480
513
510
462
483
471
465
510
519
462
441
459
540
510
474
531
498
519
456
429
552
513
450
579
459
438
456
444
480
417
513
363
447
540
474
492
552
543
447
465
384
531
567
489
522
441
468
510
462
474
528
483
453
474
495
465
459
435
453
498
435
546
567
474
450
450
498
468
519
477
435
483
522
480
438
378
477
498
477
516
480
462
522
465
462
390
501
456
489
510
444
432
495
489
483
528
474
495
456
462
489
450
468
513
510
504
510
471
453
489
468
507
444
474
468
528
480
483
513
417
477
474
459
453
483
516
450
453
462
471
468
