237
243
222
210
198
213
237
213
252
207
246
189
198
240
255
237
237
222
219
258
210
198
228
225
240
285
237
249
216
243
228
288
267
255
285
225
291
246
225
249
222
261
210
246
234
252
240
195
279
243
207
228
219
273
261
231
258
306
255
189
219
261
243
222
225
222
204
222
243
249
240
261
255
225
279
264
279
234
219
240
231
219
261
249
246
279
264
240
225
252
258
231
141
255
234
258
216
300
240
249
237
186
276
225
303
225
246
207
264
240
258
270
228
210
222
261
222
261
222
315
222
276
264
225
258
183
249
255
222
255
216
231
222
246
240
249
252
216
264
204
213
216
231
243
204
234
195
234
246
195
249
270
291
210
261
183
255
237
264
243
234
216
216
198
252
216
222
222
258
237
225
228
273
261
180
207
255
225
306
243
270
288
207
216
285
273
225
291
231
210
228
222
234
258
249
186
228
261
225
231
270
255
285
288
228
279
228
237
234
186
234
228
237
273
309
276
255
225
252
213
246
225
210
231
231
237
246
210
246
246
225
246
213
207
252
201
237
255
237
255
228
264
291
252
201
168
252
216
243
270
264
219
270
216
240
246
252
225
210
237
240
252
216
237
306
273
246
261
201
213
240
237
210
234
222
222
195
249
279
225
216
255
345
249
207
243
300
249
267
237
228
213
273
189
243
261
210
246
231
273
