252
231
249
237
252
273
231
243
219
204
267
258
201
183
309
237
210
225
243
270
225
246
225
192
243
273
231
261
288
252
285
210
222
261
225
234
228
201
207
210
198
222
255
231
219
237
246
204
276
180
216
306
255
267
255
252
270
228
258
282
246
237
252
216
222
216
261
168
249
207
198
216
225
246
246
228
258
270
255
252
195
234
234
225
240
255
258
213
261
276
270
213
243
264
231
231
246
273
225
231
207
219
222
228
300
237
291
237
219
240
231
198
228
243
228
216
237
273
261
234
255
264
183
234
234
222
222
255
180
204
225
192
225
231
225
207
237
222
246
246
231
234
237
267
279
195
210
216
249
231
288
273
306
216
228
261
243
249
198
255
252
246
234
252
243
231
243
234
285
204
225
222
285
219
258
225
237
216
237
267
210
210
237
261
240
237
216
204
204
216
198
207
237
219
246
267
255
225
252
207
252
228
234
228
291
276
249
234
225
258
246
246
264
264
258
255
276
255
240
243
210
216
282
186
219
213
255
249
294
243
267
240
204
288
249
258
249
273
309
288
198
222
234
228
216
228
243
204
252
225
252
243
246
243
276
240
222
258
219
222
231
297
204
294
198
216
228
279
234
222
258
213
249
219
237
264
276
210
258
219
234
273
225
255
234
201
201
210
234
240
231
234
207
213
255
246
210
198
243
237
