285
219
228
261
252
240
246
213
228
300
174
261
231
255
246
195
264
216
225
246
267
243
225
237
225
183
237
282
207
240
222
210
261
270
258
231
243
237
264
255
237
258
258
294
228
249
246
255
228
249
225
255
261
240
285
282
216
273
231
222
255
228
243
264
186
210
270
243
249
225
246
213
267
231
225
246
228
276
237
222
225
225
243
228
243
222
252
267
237
252
210
249
267
210
216
303
246
240
234
246
270
246
258
252
201
222
186
234
231
225
273
213
273
261
306
234
246
198
243
279
258
261
276
222
255
264
273
261
252
231
204
201
219
234
210
216
279
234
207
273
267
234
204
261
267
246
276
261
201
225
252
240
225
231
216
249
189
231
228
255
276
216
309
285
234
240
228
225
189
192
234
183
258
246
252
207
201
207
276
249
270
261
240
201
240
261
228
279
273
225
258
243
222
234
249
234
198
255
258
258
234
255
243
237
219
225
270
192
231
228
216
225
282
261
216
219
255
213
243
216
183
234
231
219
267
285
294
240
207
255
246
276
228
243
222
258
192
276
213
240
249
267
279
195
234
216
270
249
174
192
270
207
258
255
264
252
249
216
258
204
216
234
237
243
249
246
222
195
210
213
240
243
228
270
234
207
273
231
258
222
192
231
312
264
288
231
261
243
210
195
219
303
255
252
273
330
237
219
231
198
