204
234
234
255
267
297
288
198
213
252
243
249
309
285
210
231
261
261
177
267
252
234
243
249
261
237
249
204
255
210
201
243
243
219
243
279
204
282
231
189
213
234
228
222
219
246
243
222
267
246
246
237
255
288
276
228
270
195
222
234
228
237
228
237
264
255
228
252
231
228
285
267
267
222
288
282
249
189
225
216
222
216
198
315
219
213
267
210
249
255
204
255
195
267
222
264
192
246
276
213
234
138
210
252
255
276
234
255
264
204
183
291
240
285
225
222
270
180
222
258
252
216
237
216
228
198
219
291
258
234
234
207
234
261
303
258
219
240
246
246
261
243
228
291
270
255
279
249
216
243
222
267
264
228
237
270
294
294
222
195
288
201
210
240
243
183
210
282
237
231
258
273
216
210
207
207
267
306
192
222
231
237
249
276
267
270
228
228
201
216
282
228
222
279
228
228
228
201
273
195
195
240
207
228
186
249
306
252
237
237
273
228
279
219
246
240
231
258
294
201
273
252
201
213
207
270
219
195
237
237
237
204
261
267
210
252
255
201
225
279
192
243
183
213
234
237
207
267
252
255
246
243
201
261
234
258
240
213
243
246
231
213
258
213
189
225
204
234
222
207
240
249
225
204
303
246
225
246
237
210
219
240
201
234
258
246
216
234
234
201
273
279
222
222
255
180
225
243
216
222
