213
249
204
231
255
228
243
237
261
234
243
213
237
228
222
225
246
228
231
213
204
207
240
249
258
285
309
249
225
189
219
165
186
219
234
255
279
258
231
261
204
225
255
255
201
273
231
201
240
222
210
207
252
243
246
207
216
234
279
249
249
210
225
234
249
255
267
294
204
243
240
243
252
255
252
276
246
258
240
228
231
240
273
237
222
240
213
294
231
225
243
249
207
231
249
249
258
237
267
270
249
213
258
234
204
234
246
240
252
213
222
237
249
231
312
231
255
228
228
228
264
219
270
267
240
264
186
225
231
264
237
282
288
204
216
270
174
246
216
264
192
270
237
246
249
234
231
276
261
264
231
237
225
210
276
213
252
222
201
228
222
246
237
246
240
291
180
228
261
240
264
252
237
237
195
225
210
222
210
264
264
276
201
261
237
291
267
225
246
234
210
228
240
234
210
273
216
222
255
285
249
246
207
186
222
249
270
273
213
258
222
261
243
252
222
264
228
243
201
246
219
246
264
228
243
222
234
246
291
213
213
237
192
252
189
240
216
219
231
210
231
234
219
222
219
225
273
252
279
261
219
282
264
186
216
234
213
222
225
291
276
273
201
267
201
270
252
213
237
267
222
210
243
234
237
219
258
225
270
222
249
255
252
237
279
267
234
276
201
300
261
240
210
255
216
207
216
204
246
258
