186
258
261
252
240
267
225
234
243
258
282
225
252
243
210
306
261
237
222
222
258
216
192
276
225
219
246
249
228
240
249
249
207
195
189
255
231
246
210
225
285
246
279
252
267
237
210
231
297
204
246
210
240
291
279
267
225
258
345
222
246
252
231
255
228
258
267
276
219
216
279
243
234
216
267
261
228
246
228
294
243
210
237
252
267
225
261
216
312
204
201
210
273
261
216
228
234
213
288
210
207
237
210
234
204
267
219
234
246
210
231
258
198
195
258
243
249
222
258
234
246
249
213
228
210
231
237
300
234
255
249
240
198
210
198
228
234
234
246
261
222
291
213
204
231
276
234
303
210
282
279
252
246
219
261
252
240
204
246
270
273
201
225
219
240
234
216
219
285
225
189
246
249
276
237
204
231
270
243
258
261
237
234
195
264
219
279
267
234
219
300
261
228
264
219
297
282
252
219
234
237
249
270
222
210
174
231
240
264
225
228
213
228
237
234
240
246
228
237
249
219
210
255
222
207
273
240
216
210
246
195
237
174
243
255
207
276
225
249
210
204
264
342
219
255
276
207
270
282
216
234
219
264
249
189
198
267
195
267
276
276
219
228
252
213
243
228
255
252
261
195
270
219
258
219
243
255
255
246
258
243
210
228
279
249
240
222
234
216
288
270
264
216
279
210
216
258
231
216
225
