276
231
198
228
282
231
234
213
243
189
225
276
246
234
246
231
213
240
249
231
297
228
318
258
279
297
237
201
273
240
225
258
249
243
288
153
252
270
249
249
264
228
258
282
237
222
246
249
225
282
234
234
231
228
234
267
267
258
207
228
225
288
258
225
210
285
222
258
267
252
231
282
213
267
207
261
207
231
183
222
207
234
255
288
276
216
264
252
267
234
276
264
249
243
210
210
255
234
240
222
252
237
234
270
282
213
267
255
231
249
234
258
240
243
255
246
228
231
231
261
267
201
228
246
294
213
216
240
216
240
213
213
201
327
303
234
261
288
246
225
237
234
228
219
249
258
228
264
243
225
222
228
318
216
213
276
231
228
249
231
288
285
237
255
246
240
270
225
219
249
276
225
264
282
207
186
207
243
255
240
234
243
243
255
240
225
249
192
222
213
228
228
192
222
246
252
276
240
198
282
276
213
213
192
252
270
261
219
192
207
210
258
204
228
231
264
279
219
237
267
258
288
213
243
249
270
252
279
264
258
243
300
225
243
207
219
267
219
261
234
321
294
222
210
201
258
237
246
216
282
234
258
204
255
240
216
246
246
234
294
219
240
252
210
243
225
246
219
231
231
240
228
279
276
219
237
279
264
240
255
267
207
255
267
222
234
222
246
231
243
276
279
234
258
231
237
231
288
243
246
