258
240
246
237
219
279
258
252
243
240
252
204
255
252
219
270
285
246
231
267
222
210
198
198
252
195
213
246
234
234
198
273
195
219
258
243
234
222
300
228
216
297
252
258
279
213
210
237
237
198
252
222
237
228
228
234
231
258
210
225
252
258
219
258
255
240
213
246
276
189
303
261
216
228
234
240
258
261
279
258
330
225
216
267
267
210
231
252
210
258
225
273
294
246
240
255
252
255
246
267
249
210
243
270
213
246
267
210
213
240
231
228
240
219
246
282
270
243
201
255
237
213
228
249
279
225
201
231
231
246
261
240
243
249
186
210
201
270
210
222
285
234
180
231
243
261
231
195
267
225
255
255
228
204
285
195
246
237
237
258
264
258
258
249
255
240
270
240
273
228
225
261
270
249
231
219
246
219
285
225
264
189
189
297
297
237
231
216
216
255
234
276
249
231
219
249
267
252
240
234
240
219
237
213
276
231
240
252
270
318
198
168
267
252
243
252
225
258
207
201
255
249
255
288
225
252
264
216
210
234
213
294
222
198
234
237
249
240
216
219
183
246
258
231
219
228
240
198
219
237
222
222
243
234
183
219
270
249
228
255
237
237
240
219
249
273
219
243
219
276
240
225
234
261
312
276
207
258
234
228
213
276
219
309
234
207
192
279
210
264
237
246
231
240
249
252
216
204
291
264
