237
258
252
222
240
243
225
228
258
234
192
240
279
216
198
249
237
273
297
258
204
267
246
261
270
252
264
222
210
237
246
237
261
237
297
216
237
222
225
225
258
207
264
246
291
252
249
201
210
210
279
234
189
219
222
201
219
264
270
237
237
228
207
270
177
192
216
186
216
255
231
249
234
279
231
276
240
213
219
264
207
237
225
210
228
231
204
204
264
228
261
234
231
234
216
261
270
252
243
237
255
282
252
225
237
234
225
264
246
270
237
201
204
267
222
216
216
225
231
267
228
168
258
258
177
228
270
225
240
186
267
216
246
282
240
255
219
225
255
234
288
213
264
264
231
243
237
246
252
261
252
228
300
207
168
171
246
237
261
258
231
276
261
264
198
228
207
234
237
210
231
258
240
270
222
276
276
213
321
228
210
222
261
264
252
258
216
258
210
285
240
234
228
273
204
246
243
240
279
171
195
219
258
219
246
231
201
267
183
243
261
219
276
216
261
225
294
192
249
237
267
255
204
255
219
225
225
258
255
261
195
273
270
261
225
243
216
210
243
252
231
261
234
276
264
276
261
261
252
234
234
234
273
258
216
207
246
252
231
264
255
231
231
243
255
255
249
222
225
261
243
243
222
282
168
231
225
249
255
303
252
252
159
207
219
261
264
258
264
270
273
213
234
222
213
252
279
189
270
243
