195
228
204
204
246
240
192
207
234
234
210
255
186
216
237
207
243
219
243
210
216
231
258
246
210
210
249
225
204
231
273
249
225
219
234
213
282
261
210
222
207
183
240
204
195
288
252
198
204
225
228
222
192
267
267
243
240
282
219
210
258
255
231
234
234
258
240
234
222
189
252
225
252
222
225
207
243
228
264
273
219
240
210
273
228
264
267
273
252
261
186
270
279
219
234
258
270
246
219
222
216
270
246
294
216
249
228
213
252
222
231
249
237
237
264
219
222
234
270
249
264
264
255
243
276
219
222
243
249
231
210
255
204
243
228
228
222
219
207
267
285
246
240
255
213
219
237
240
210
261
258
252
288
237
231
240
219
252
261
222
195
243
231
267
261
243
237
213
231
246
249
258
195
219
210
261
231
264
252
225
258
222
267
222
213
243
297
270
231
228
261
225
264
261
237
210
252
255
237
258
273
312
198
276
231
249
270
225
252
210
261
234
240
198
231
204
264
204
231
276
198
246
294
216
267
231
228
237
249
246
222
216
291
255
240
237
255
261
267
231
258
261
195
228
252
219
204
243
291
243
213
279
240
222
288
225
261
210
252
255
264
219
243
213
222
240
240
234
243
219
249
207
249
231
219
222
249
231
222
267
207
276
231
213
249
243
261
240
267
231
249
225
339
255
216
216
213
264
285
222
