273
192
216
252
246
261
243
246
282
216
243
228
273
252
327
237
285
267
243
231
264
237
234
195
210
255
258
279
246
177
258
183
246
192
273
255
231
246
246
255
189
234
225
252
255
246
261
237
252
213
219
258
243
207
261
279
225
279
231
255
249
264
264
231
243
231
249
255
252
210
249
198
255
198
261
252
255
192
246
240
315
252
258
228
243
237
258
231
255
219
243
279
219
270
270
270
246
240
255
255
213
225
222
240
207
228
249
240
243
231
222
240
207
195
264
261
219
243
264
219
249
231
249
285
216
255
219
228
261
210
231
231
219
189
222
231
252
270
228
213
243
261
237
183
222
213
249
222
228
192
243
249
246
219
240
255
231
231
249
240
246
264
270
294
234
219
225
228
261
240
246
234
267
183
240
216
234
246
258
234
273
243
243
237
225
222
234
222
243
198
237
225
282
255
249
270
210
246
270
273
234
219
204
237
231
222
237
282
237
234
216
222
210
210
288
261
210
240
213
225
261
228
219
198
255
180
258
288
252
207
213
198
210
222
231
246
261
213
198
213
204
222
189
258
189
204
225
243
297
288
225
228
243
177
228
207
249
291
252
225
258
231
204
240
288
237
261
216
225
237
216
189
225
210
258
261
231
258
261
279
243
240
237
252
261
195
240
207
225
192
213
249
246
240
198
261
222
258
252
276
