225
225
231
240
237
216
276
234
231
231
198
234
261
246
255
219
228
207
258
279
222
225
213
261
258
279
234
249
255
228
252
246
270
231
243
207
204
228
243
261
249
246
243
249
228
267
216
189
228
219
246
204
246
252
207
270
276
258
249
270
231
240
240
249
261
216
276
264
231
276
234
216
231
237
261
219
264
270
240
255
291
231
255
243
243
195
213
273
243
228
222
174
270
204
246
240
252
261
234
234
234
243
300
219
249
201
180
255
228
195
225
225
261
240
228
234
285
294
246
270
279
279
258
276
222
300
219
255
219
225
207
204
264
261
222
240
216
246
246
231
255
219
207
216
237
237
219
240
180
258
240
201
243
192
255
264
294
240
288
240
252
246
216
228
246
228
294
261
213
204
234
237
279
249
231
231
252
234
240
294
213
237
282
267
249
267
243
294
243
270
195
297
219
219
240
291
240
195
234
228
210
231
195
237
234
243
210
234
258
240
213
240
252
216
240
216
246
267
258
261
240
222
222
297
294
273
234
186
243
273
246
216
237
219
246
222
294
204
282
228
240
276
204
207
258
177
219
267
225
234
219
237
234
243
216
201
192
255
243
231
285
252
255
213
252
243
291
228
219
231
288
234
222
195
231
294
210
237
234
234
231
219
228
192
261
264
234
279
228
213
240
237
252
285
219
228
240
222
225
210
