240
249
249
252
246
216
201
240
258
222
294
246
270
261
258
246
243
243
222
219
231
231
231
243
279
279
252
204
273
231
237
216
231
273
246
243
225
234
258
222
240
270
231
213
264
252
270
252
273
234
234
234
228
273
267
258
252
264
240
225
237
246
282
252
210
258
207
240
294
237
237
258
276
258
246
195
240
207
219
273
222
273
192
198
264
216
240
285
228
249
249
261
243
234
222
231
258
258
246
252
246
228
252
231
276
273
186
222
219
216
249
276
258
204
213
231
231
258
270
264
207
240
210
246
267
255
273
273
234
219
219
225
273
186
249
210
264
246
222
297
306
246
213
273
198
240
282
270
237
225
258
249
240
234
201
216
210
249
252
264
213
189
228
291
198
240
240
246
321
240
246
219
270
228
213
195
192
264
276
213
261
234
246
222
246
267
261
216
261
237
192
243
216
264
186
204
240
225
234
267
225
216
264
216
213
252
264
252
213
252
312
255
237
276
219
234
276
273
222
222
216
165
213
273
225
258
228
258
231
243
237
258
279
225
222
225
216
204
225
231
252
267
189
234
264
216
237
237
231
237
216
258
180
261
225
210
237
258
204
264
282
201
291
216
249
255
249
255
264
225
216
204
216
249
255
285
219
246
255
216
297
204
228
276
210
195
246
249
237
198
213
261
252
246
210
279
210
237
189
300
