231
213
225
216
252
237
240
273
285
246
243
267
273
189
216
186
231
207
294
225
249
210
207
276
225
222
249
198
273
231
249
258
261
201
264
231
273
234
228
282
258
291
243
216
255
204
219
219
255
327
264
204
243
252
246
228
219
249
249
279
249
219
234
279
240
258
261
234
219
210
279
252
234
222
189
252
234
216
219
234
282
234
210
225
201
267
171
252
219
285
216
276
246
267
240
204
267
246
192
240
234
291
228
204
267
255
249
228
243
246
276
234
225
237
201
225
270
273
210
246
243
273
222
273
234
267
264
240
219
252
282
258
252
219
219
240
240
288
228
219
219
243
246
231
222
243
240
273
234
240
267
234
243
198
189
240
216
231
252
267
249
264
270
255
240
234
240
243
246
249
261
243
252
324
231
240
231
225
219
255
234
234
222
261
216
234
228
237
222
258
237
222
243
219
216
270
252
273
249
204
228
249
258
213
240
252
246
267
210
282
216
222
204
267
243
201
234
303
228
297
240
213
189
222
261
228
243
207
267
267
234
237
210
294
267
216
246
204
183
186
237
231
243
252
267
210
246
246
252
261
246
258
249
252
228
243
258
222
225
192
279
270
198
249
216
198
273
195
204
222
243
234
264
255
225
219
192
231
210
255
240
237
207
240
255
198
198
237
201
273
207
273
288
213
249
264
258
207
252
240
