531
456
534
465
507
423
441
474
564
501
453
474
510
408
507
480
471
393
393
516
465
501
507
474
453
498
396
432
504
456
492
471
579
513
483
447
465
528
477
393
495
540
417
447
432
450
501
492
423
498
486
498
399
471
459
447
522
465
450
495
423
462
462
489
468
543
555
441
513
483
411
474
498
477
531
462
492
411
510
489
435
507
432
513
522
495
480
471
495
453
411
480
444
471
486
504
477
471
468
498
465
465
492
426
486
504
471
450
525
504
444
441
480
471
456
501
462
486
435
492
438
519
510
507
405
501
471
474
528
474
480
552
513
456
450
501
480
522
435
468
477
447
504
417
462
474
447
492
471
480
480
435
480
480
474
429
465
399
471
432
549
441
468
477
444
432
486
438
531
483
546
549
492
495
579
471
459
486
453
474
453
471
456
486
468
453
471
477
516
492
495
522
360
477
486
465
468
456
528
513
468
546
567
462
477
489
483
483
408
480
426
441
393
459
498
498
447
480
408
486
444
471
441
477
501
489
420
507
519
498
513
453
447
480
507
480
426
558
480
540
474
492
465
474
507
429
453
489
465
531
534
423
525
444
591
495
498
492
459
561
525
519
492
510
477
516
459
483
483
474
537
522
492
462
468
507
426
516
471
453
465
564
453
450
510
513
495
468
531
525
417
453
504
567
441
561
522
528
444
489
