282
222
228
216
261
207
261
249
252
204
246
201
240
231
285
231
204
255
222
234
267
255
267
246
249
258
261
267
297
240
243
165
234
201
243
243
261
234
240
240
228
282
240
231
237
261
243
243
261
216
243
255
222
228
285
252
198
231
210
225
207
204
267
291
315
225
279
219
225
177
243
225
216
213
219
264
273
231
276
198
219
240
252
258
207
231
234
189
237
276
261
243
276
270
270
264
225
252
258
234
249
207
237
228
270
240
267
273
234
267
231
261
222
240
192
291
213
168
207
189
231
219
264
189
228
243
276
228
267
252
285
273
240
285
234
225
204
258
252
219
219
261
261
231
264
234
243
234
207
225
243
282
237
219
243
243
246
249
216
237
255
234
261
288
213
234
213
252
258
264
252
273
240
267
243
234
240
207
246
228
231
246
222
225
282
234
294
225
249
207
258
201
267
285
210
207
243
234
264
228
237
231
219
243
213
228
225
264
213
204
255
255
231
264
228
246
246
195
219
240
237
246
270
279
225
258
240
240
240
240
204
237
243
228
201
219
261
234
189
171
216
216
270
264
279
249
252
234
246
249
255
222
228
258
297
213
189
207
252
252
297
207
267
255
270
270
243
231
234
261
207
234
216
273
243
231
258
285
222
213
249
255
270
225
267
225
258
225
291
303
234
261
210
234
189
234
285
243
273
189
