231
243
303
261
207
249
222
261
246
228
228
228
237
270
258
249
246
231
243
243
270
255
237
228
144
231
273
279
189
249
228
252
261
228
243
216
192
195
225
252
249
288
252
264
228
249
249
279
240
222
237
222
201
261
228
204
249
255
300
252
279
225
264
264
249
252
225
231
297
276
240
234
231
222
234
285
234
273
255
228
177
237
276
225
222
186
207
222
222
228
252
246
246
261
225
222
228
234
207
276
261
282
264
243
261
240
210
252
249
237
240
267
288
279
213
225
255
237
255
240
243
198
213
243
213
261
243
216
240
237
213
246
285
225
243
189
294
255
189
204
246
243
198
282
261
207
255
246
219
216
225
225
174
264
246
264
237
231
270
240
261
231
255
240
243
291
201
231
198
231
207
168
204
213
276
210
270
222
234
243
243
270
207
228
225
198
246
285
222
207
207
213
258
198
252
264
237
246
243
231
228
240
240
273
255
255
255
279
249
234
234
267
258
216
234
228
270
261
258
228
237
246
234
267
267
300
222
240
219
276
219
228
207
276
216
234
273
204
267
231
225
258
204
228
240
297
249
234
333
213
201
180
252
249
228
228
249
246
261
228
249
201
255
261
213
294
249
231
255
273
222
258
180
237
255
246
246
243
264
261
210
255
270
252
249
189
192
237
219
255
189
237
219
216
258
231
255
285
219
237
