306
231
243
261
237
216
234
210
255
267
264
213
228
246
207
246
195
288
249
216
216
294
210
204
225
231
255
246
231
246
228
204
273
198
237
246
195
225
249
222
270
318
264
258
240
261
180
336
225
285
207
255
234
228
225
234
234
267
219
258
276
261
258
267
255
228
234
222
249
222
237
240
243
243
228
231
276
306
213
216
264
279
258
219
276
234
228
216
198
198
243
228
288
219
195
243
231
252
225
231
204
213
225
291
264
264
249
204
219
213
228
231
291
258
258
234
219
237
234
252
198
234
261
279
249
219
210
246
207
177
246
186
216
207
210
288
252
267
276
210
198
264
255
255
282
207
222
273
234
294
189
258
234
240
210
258
237
273
198
273
249
243
207
204
243
222
276
246
249
195
243
186
231
222
243
252
279
234
246
276
204
264
264
198
210
279
213
240
246
210
189
252
264
234
288
213
255
222
270
234
207
249
225
249
279
270
219
201
216
213
234
231
201
228
192
291
258
222
228
261
168
243
222
201
234
261
219
231
252
210
192
222
231
228
255
252
255
198
177
207
255
276
273
309
234
285
225
240
222
213
288
246
255
255
261
234
258
273
267
258
258
258
258
207
240
204
273
231
246
183
243
213
261
252
222
198
228
264
228
231
258
255
231
234
246
225
258
309
225
225
276
204
258
273
234
216
225
198
234
258
