225
234
231
228
222
225
246
261
240
240
237
270
252
264
213
273
216
243
216
240
246
219
279
189
222
204
279
258
222
252
222
228
240
291
189
243
222
207
261
234
246
270
231
288
249
246
300
213
246
225
204
228
234
267
231
219
225
261
210
219
240
186
231
240
210
240
270
201
222
240
219
207
300
267
219
222
228
258
234
255
258
276
273
213
294
285
240
270
234
243
240
240
216
204
273
246
240
246
273
216
276
234
243
267
222
252
261
255
249
234
261
249
219
228
282
231
327
195
279
258
309
234
240
267
228
255
261
225
261
234
222
192
228
285
294
195
210
207
192
252
216
243
303
252
207
273
195
207
258
264
246
285
252
237
228
225
276
267
264
285
234
225
237
213
228
234
267
240
231
243
213
228
246
225
279
252
234
243
231
216
225
252
246
264
240
180
225
195
276
204
231
270
216
240
228
231
240
252
201
321
192
210
243
237
234
246
282
237
240
198
255
228
204
276
255
207
243
234
252
228
210
240
258
231
261
276
210
198
219
297
198
252
189
261
246
249
285
225
246
210
234
216
312
276
279
213
279
270
255
216
243
273
249
195
252
234
261
243
258
207
234
219
282
237
276
219
225
249
222
243
270
210
207
315
228
231
279
243
243
216
234
264
228
261
240
255
210
234
291
261
258
297
225
249
213
234
258
210
276
204
