237
201
207
207
306
282
258
279
246
222
243
213
219
210
330
195
201
282
234
222
222
210
249
243
288
264
228
267
234
285
198
285
270
240
186
255
258
288
204
255
252
237
294
252
222
234
225
246
252
216
234
246
240
225
291
264
246
276
231
282
276
231
240
219
240
261
264
291
279
207
234
279
219
252
216
273
189
264
291
246
222
231
213
258
255
261
243
246
279
288
207
219
267
207
276
201
255
276
291
213
234
261
267
222
210
243
237
243
183
228
225
249
252
231
252
246
210
243
219
240
249
246
231
270
240
189
273
261
228
210
195
243
264
225
294
231
186
258
228
246
246
225
252
246
204
228
207
216
213
228
273
234
210
219
246
225
267
240
252
204
264
228
159
240
258
192
201
243
219
240
201
210
252
252
231
249
258
204
234
255
228
246
237
246
240
270
261
222
225
225
228
264
300
270
243
258
261
240
237
261
246
219
318
210
249
213
186
237
267
234
270
234
249
204
201
252
228
225
189
246
237
240
264
246
222
252
264
285
243
249
231
264
240
210
249
246
243
240
252
219
285
258
285
246
231
225
306
252
180
237
243
228
252
243
252
267
216
252
249
288
273
198
216
234
207
225
282
252
237
255
234
264
231
201
258
216
240
219
201
216
264
204
222
264
285
267
204
219
246
180
270
243
261
228
228
252
234
222
276
192
