216
285
267
285
204
246
213
282
219
243
201
258
204
213
252
252
252
192
246
237
249
255
228
252
213
270
249
213
258
225
249
237
210
237
240
249
270
219
210
225
273
285
285
237
210
174
207
234
231
270
180
234
234
228
225
234
216
216
228
264
264
279
225
228
219
276
261
240
225
207
222
270
252
192
228
258
291
204
234
219
207
279
216
261
231
261
249
204
219
246
288
213
234
306
249
234
279
252
276
243
246
195
237
270
261
225
231
249
243
177
258
255
195
243
294
279
273
240
246
273
255
243
231
219
237
249
237
270
213
243
228
246
231
273
240
249
222
261
225
222
222
246
234
270
279
219
219
279
264
249
219
252
228
279
255
279
234
237
213
237
243
246
282
177
252
216
270
264
246
252
225
270
279
213
198
213
189
240
264
243
261
228
243
210
228
225
249
255
258
270
234
222
234
291
261
201
222
261
237
249
234
255
198
309
201
249
246
255
264
237
261
246
261
282
249
267
261
249
276
261
324
261
246
240
222
270
207
255
207
252
207
237
249
243
231
240
213
261
234
258
210
213
255
219
231
219
264
234
258
258
231
282
222
240
219
195
237
297
249
282
237
213
258
267
273
279
255
237
225
264
255
237
279
279
246
231
240
234
225
213
279
237
195
237
252
219
240
228
258
240
210
234
282
198
246
234
228
255
210
243
