240
231
237
228
270
249
207
249
252
222
198
243
258
228
231
252
258
243
189
261
243
237
234
240
258
261
270
222
213
222
276
216
201
240
186
315
213
225
264
246
216
222
228
198
282
300
270
273
231
255
234
222
237
243
180
285
261
240
249
207
243
273
261
219
264
276
222
321
291
306
222
264
240
240
225
258
276
225
240
261
228
246
237
222
264
222
249
189
237
261
240
267
267
246
255
225
249
261
225
270
234
237
216
210
210
246
207
231
249
213
198
264
285
273
237
225
222
249
249
255
237
210
243
249
270
252
186
240
285
222
240
234
282
249
225
213
237
195
225
246
207
258
228
270
237
222
222
255
228
282
231
234
255
249
261
213
288
207
207
213
276
243
285
279
258
225
249
288
240
204
261
243
273
222
243
249
255
264
276
249
225
267
252
252
255
219
216
237
207
297
228
234
222
273
252
222
216
267
222
246
273
264
216
234
189
258
300
171
270
243
222
231
264
276
234
192
261
198
201
222
255
240
207
249
276
231
222
276
249
243
240
192
225
225
216
270
192
213
243
252
258
225
222
240
231
201
240
240
261
228
252
219
240
240
252
201
270
201
270
228
219
267
288
246
237
264
261
195
249
246
270
231
273
270
243
216
267
231
279
246
240
267
204
219
285
237
249
234
195
207
222
213
240
222
261
252
186
255
249
252
