213
270
207
261
213
261
285
264
231
186
231
210
282
279
264
222
189
219
231
261
237
267
267
240
276
216
228
267
258
258
264
264
234
237
225
243
219
225
246
201
237
258
273
300
207
222
252
228
273
210
243
201
249
234
216
231
249
279
225
246
285
279
285
285
258
210
195
225
192
234
246
243
243
216
225
246
261
243
273
231
231
273
246
279
177
228
222
234
267
222
264
225
210
216
219
282
246
252
255
300
234
276
237
270
204
201
213
264
258
255
207
180
204
228
252
222
222
228
192
327
228
267
237
282
279
294
285
273
276
195
201
240
240
279
234
216
198
270
225
240
234
246
246
234
243
234
231
222
240
258
276
225
225
252
276
198
192
207
255
273
255
231
222
225
243
237
243
264
267
267
243
228
276
261
261
210
243
267
231
240
258
234
231
225
270
246
216
252
243
243
258
222
213
210
213
216
252
225
216
252
267
201
252
219
258
234
237
237
231
231
261
213
252
249
201
210
255
228
213
285
231
291
228
261
264
255
267
240
198
219
252
228
330
237
234
168
252
225
210
213
246
246
225
237
246
198
243
246
270
225
246
252
213
288
270
225
231
234
234
219
222
228
216
234
258
195
228
216
231
270
210
210
204
222
258
240
225
189
204
228
228
243
249
249
246
231
225
231
270
231
231
222
222
246
261
189
261
207
219
246
