225
216
246
249
189
264
240
225
261
291
201
267
249
198
252
225
228
273
219
297
246
240
243
258
282
225
246
222
300
231
261
255
225
261
240
231
261
132
252
264
246
270
255
210
240
258
159
252
231
288
228
216
186
204
285
219
216
213
216
195
297
213
210
273
204
261
246
276
276
243
240
216
249
219
210
282
252
186
249
195
255
198
222
240
258
231
186
267
243
216
240
231
219
219
228
246
207
255
216
213
249
249
228
315
213
216
237
228
216
276
225
210
246
234
246
279
282
237
222
186
219
279
201
201
225
216
252
222
261
237
252
258
228
201
198
276
210
240
279
261
267
228
297
213
234
291
198
255
261
231
291
216
261
267
240
240
240
243
201
213
231
240
252
240
201
240
213
237
210
222
216
240
234
252
207
240
291
219
252
240
258
267
204
255
237
267
222
189
246
243
207
219
207
264
210
336
273
216
249
198
228
276
288
231
303
240
183
234
270
207
195
213
186
240
258
282
249
213
243
246
225
234
258
252
249
246
255
246
255
258
228
231
234
306
219
267
258
285
237
267
240
255
264
228
219
255
294
258
261
261
219
216
288
198
234
237
213
225
258
219
264
267
228
216
204
252
279
207
240
255
282
231
198
222
228
234
231
216
222
213
285
312
213
243
243
261
234
228
273
237
243
261
273
243
240
225
279
234
243
231
