264
198
240
246
261
279
216
240
234
252
174
255
237
243
240
240
240
261
228
228
204
252
225
192
264
240
228
246
231
246
210
201
246
291
237
258
216
234
204
285
234
255
249
252
225
219
273
234
246
270
255
216
237
243
216
264
225
243
246
228
273
255
222
225
288
210
231
258
294
213
243
222
255
243
255
273
222
231
243
228
204
225
237
261
255
216
249
228
249
252
261
237
237
255
189
225
261
213
219
237
246
213
222
264
210
231
243
222
237
195
231
237
237
225
216
228
261
261
252
255
231
237
207
228
225
228
210
216
231
210
207
249
258
225
273
243
222
282
258
237
219
282
249
228
231
240
261
198
264
267
273
246
228
198
243
195
246
186
246
252
216
246
204
264
309
267
300
315
225
240
228
222
249
210
258
252
234
273
252
222
243
303
231
249
237
210
258
234
252
195
222
204
210
210
210
186
234
249
240
225
291
216
231
249
270
222
270
195
252
204
252
219
255
258
237
207
219
225
231
246
219
249
213
261
252
237
279
240
216
237
237
297
279
228
198
249
225
189
246
249
258
279
291
225
240
318
228
252
216
240
195
231
207
237
234
252
225
246
255
222
231
237
219
195
228
249
237
246
210
165
225
231
228
246
231
276
210
255
231
231
237
264
225
246
249
231
225
273
231
264
252
213
198
228
252
234
246
231
255
195
