231
285
240
270
207
246
225
264
279
291
213
195
231
258
264
270
231
237
252
231
174
207
216
210
216
198
231
270
243
264
252
279
252
282
282
228
216
258
225
204
231
210
258
219
228
276
288
237
273
225
222
258
207
249
195
219
207
264
243
231
186
252
228
222
219
279
222
270
255
210
234
225
231
210
183
246
252
279
222
255
231
288
264
231
282
267
237
249
276
264
273
273
219
279
213
225
237
231
222
231
207
228
240
255
237
285
234
231
216
264
258
204
243
240
216
255
222
231
279
258
198
282
273
255
240
201
219
300
237
270
213
264
255
189
240
222
237
270
258
216
231
300
273
228
216
243
216
243
234
240
255
246
225
264
246
240
270
204
279
240
243
261
264
261
207
246
249
279
255
243
237
219
243
210
237
240
258
228
243
255
204
264
204
222
273
234
195
240
210
222
231
267
234
219
219
243
222
249
219
270
201
225
264
279
186
213
198
225
219
213
222
231
237
216
297
246
282
231
189
288
231
228
255
264
243
270
237
240
225
222
213
237
234
261
240
264
228
267
255
204
219
270
252
213
219
234
207
225
246
198
240
249
255
258
207
249
243
210
225
234
264
195
246
210
273
246
243
234
255
204
210
216
234
240
240
225
210
225
231
264
252
240
216
237
255
213
183
240
237
276
219
255
213
207
246
234
225
255
237
225
