213
228
228
273
210
240
255
240
288
222
234
216
285
201
213
237
225
273
204
273
273
258
321
216
219
234
198
216
195
264
234
258
273
273
204
237
291
210
222
183
243
243
216
252
267
270
237
222
264
213
189
219
261
216
189
174
216
264
264
306
213
249
240
252
219
234
255
273
237
228
225
249
255
255
270
267
255
225
228
216
168
243
213
273
252
240
252
243
144
207
264
261
246
237
243
243
210
228
246
195
222
219
186
207
222
204
285
207
240
258
249
249
213
237
237
267
249
195
225
276
282
222
237
246
252
234
243
240
240
267
258
300
192
219
225
249
240
243
240
219
231
249
252
192
228
261
249
204
237
246
225
261
219
240
216
222
207
213
246
234
252
225
276
261
231
216
192
192
255
219
225
258
195
234
252
276
240
252
237
240
246
255
270
288
219
231
189
234
204
237
216
246
249
282
234
237
210
249
222
258
255
216
237
255
228
234
246
294
273
270
240
204
225
210
294
252
237
288
270
237
222
273
222
267
237
249
261
249
249
228
240
201
258
297
252
198
207
276
258
255
219
255
207
240
246
249
222
231
225
261
174
225
246
249
255
216
222
228
255
201
282
204
255
258
255
234
198
255
195
276
255
216
264
264
264
258
210
231
231
243
204
285
183
237
225
240
204
219
243
252
240
234
246
192
231
189
234
222
294
246
