216
276
231
240
255
189
261
249
270
273
249
264
228
270
198
291
189
231
243
192
282
255
264
210
243
243
237
264
225
318
252
279
216
180
240
255
240
240
195
222
213
240
225
243
279
276
240
246
228
261
261
279
258
201
231
246
255
261
210
207
267
231
234
291
219
210
264
288
195
240
234
201
249
237
303
261
207
237
237
267
258
243
234
228
264
198
177
255
219
282
219
282
243
213
210
267
261
276
234
246
306
261
240
192
255
228
195
207
273
261
219
189
195
222
207
237
258
228
225
237
204
261
210
186
204
228
234
198
231
303
216
201
273
240
246
261
186
219
234
228
237
261
147
225
204
276
246
240
204
216
237
270
234
288
240
252
228
288
255
222
198
273
258
216
216
240
270
261
237
276
189
276
225
246
243
219
252
225
267
228
231
243
246
237
210
249
243
207
213
261
228
258
234
240
225
192
258
234
255
180
225
222
210
234
210
222
186
198
252
279
276
261
225
243
258
225
261
225
222
207
216
279
225
237
237
291
231
225
234
285
237
228
261
258
234
231
198
279
216
255
231
261
210
192
261
246
198
270
213
237
210
246
228
249
219
270
267
228
240
207
237
279
246
273
216
240
249
270
258
192
231
237
261
270
267
228
240
243
222
174
294
270
204
204
249
219
237
195
210
297
237
276
228
228
231
228
198
198
234
252
