240
219
240
297
243
252
213
261
231
231
237
225
243
264
216
186
264
297
231
264
201
249
270
231
255
258
225
246
234
285
219
201
198
201
258
273
243
246
264
252
237
252
231
243
255
249
246
288
273
285
246
240
240
285
267
264
237
309
222
282
216
243
258
243
216
228
231
228
267
231
228
237
252
264
303
261
231
207
198
249
249
225
291
255
252
282
273
258
270
258
207
234
252
246
255
234
240
285
273
234
213
267
261
222
243
213
231
201
246
261
222
237
195
240
159
225
186
228
279
258
201
258
243
237
240
219
249
231
291
243
255
246
264
231
234
249
252
207
279
234
189
222
225
204
216
207
243
207
234
252
243
249
201
243
255
249
255
267
246
240
222
228
249
201
219
270
267
189
240
234
231
249
216
249
270
273
249
228
240
246
228
240
246
234
267
267
267
261
252
258
255
312
237
219
297
264
273
231
207
237
273
243
240
231
237
282
246
210
279
201
258
234
237
261
222
186
267
225
207
246
273
234
210
246
249
213
261
192
225
276
216
189
255
207
201
234
273
207
243
207
246
213
246
252
258
234
264
237
246
231
213
231
249
306
246
180
252
255
219
282
231
243
264
255
246
216
243
255
213
234
201
222
261
222
297
225
264
189
246
219
234
252
225
270
249
222
189
267
252
258
207
240
234
270
240
255
249
255
267
237
