237
249
237
240
240
207
264
240
252
237
228
231
252
249
240
249
255
213
258
180
249
192
216
261
255
246
246
249
231
258
219
225
267
231
246
207
213
231
216
261
207
258
195
243
252
210
180
234
270
270
258
267
279
252
207
252
279
201
246
240
252
273
264
252
261
228
237
255
243
255
261
240
243
276
246
252
213
231
192
273
261
231
243
219
258
228
219
258
240
294
255
162
246
240
234
228
243
243
261
240
240
195
273
237
264
252
222
249
234
204
264
195
273
228
213
282
264
228
279
186
222
258
264
285
252
309
207
195
267
192
255
219
222
264
243
225
261
243
207
216
261
228
258
234
228
225
228
252
300
225
186
240
276
264
222
228
216
231
210
273
234
231
201
252
306
240
216
240
285
222
195
204
225
231
240
237
240
252
249
246
213
258
225
207
249
234
264
201
237
180
231
255
258
225
228
270
282
177
201
237
240
219
213
258
192
225
207
246
222
249
198
225
228
249
219
267
246
234
243
231
309
252
240
237
252
270
174
261
225
246
273
255
201
255
213
279
261
237
240
207
255
258
255
261
279
234
246
237
243
276
252
276
213
273
240
258
192
255
231
186
240
234
285
240
282
279
252
258
264
189
228
240
246
252
264
285
219
192
237
207
237
258
264
180
231
237
186
195
285
219
270
240
243
252
297
219
249
246
270
216
