243
222
219
240
243
195
222
243
207
267
228
225
246
201
204
243
216
240
219
252
291
222
246
219
225
282
189
213
228
222
216
243
216
291
273
219
210
255
279
276
261
261
267
243
291
264
243
210
210
201
261
228
195
264
246
270
219
240
279
210
225
264
255
222
246
204
258
195
249
225
255
216
204
294
192
219
243
198
216
207
177
210
192
282
258
267
255
231
240
264
246
228
186
261
219
201
222
246
270
276
237
228
237
270
219
228
234
276
273
246
207
258
192
258
177
216
216
258
243
216
198
267
219
267
279
273
261
234
252
252
258
285
234
231
258
222
255
258
303
276
273
207
261
285
228
222
219
216
234
207
255
252
252
210
222
222
219
237
225
288
264
201
258
204
261
210
234
201
246
267
222
279
261
255
171
297
231
243
261
249
249
240
300
249
237
222
225
204
246
312
264
264
192
240
231
219
228
243
246
228
207
240
225
258
234
237
195
231
273
204
249
243
225
249
240
213
237
177
297
243
231
255
222
243
237
258
252
249
231
216
243
246
228
264
204
210
249
213
225
225
237
270
240
240
177
252
216
219
234
237
252
258
216
279
240
225
246
201
240
228
258
255
195
204
228
267
258
201
210
207
297
258
222
237
219
276
201
165
240
261
267
240
258
219
225
213
216
255
213
279
264
261
237
231
231
228
267
351
237
228
