255
231
264
165
285
270
225
207
237
240
210
234
276
225
264
270
264
207
225
276
237
222
210
204
255
195
231
237
180
210
240
228
219
225
207
267
213
222
270
249
237
261
225
267
201
246
252
207
246
228
243
252
273
225
228
225
234
258
249
240
249
255
210
264
243
252
282
249
213
237
201
306
231
228
228
207
273
267
210
228
246
258
258
219
231
276
216
204
258
195
240
249
231
243
231
243
237
234
219
261
189
255
243
189
246
228
186
231
210
261
228
216
210
234
207
234
267
273
255
255
327
270
252
210
231
216
222
279
249
201
285
231
240
198
225
258
246
231
252
231
219
255
264
198
246
252
237
252
222
222
219
225
237
210
243
234
234
213
255
270
225
210
264
222
243
210
243
273
222
312
237
303
264
267
207
321
234
243
228
279
243
225
246
210
267
267
216
213
261
225
234
270
225
249
255
303
270
210
189
225
237
231
222
258
288
198
195
276
195
267
234
276
225
201
210
240
222
276
192
279
231
216
243
285
213
303
237
201
297
264
240
225
228
180
231
240
282
237
252
237
231
231
216
219
252
219
252
216
264
234
216
243
219
237
261
204
249
216
258
228
189
189
192
249
234
246
276
234
264
240
192
237
273
273
243
231
192
294
210
246
231
228
192
270
228
225
186
213
255
219
258
228
267
228
234
246
210
228
252
231
