225
243
276
240
249
210
285
240
270
237
267
228
282
228
252
219
300
255
189
231
186
237
228
249
234
246
204
210
216
231
234
201
264
249
213
222
186
285
273
240
261
285
213
228
273
234
273
210
264
267
249
258
216
165
186
228
213
219
237
267
264
243
237
255
255
225
225
225
264
237
204
279
222
315
243
216
267
252
183
228
243
210
216
267
258
228
225
228
231
258
231
228
195
264
246
243
201
261
237
249
231
213
237
255
243
276
195
204
246
258
285
222
186
267
249
192
249
219
207
207
243
267
213
219
228
222
273
246
270
240
243
243
288
252
228
249
246
237
192
213
264
183
222
231
249
285
243
207
261
243
210
195
276
240
258
255
222
234
291
246
228
225
210
243
246
201
231
228
270
204
222
204
222
243
264
228
255
264
231
189
225
306
267
231
249
237
264
222
204
279
276
267
261
228
204
252
228
267
216
303
207
192
228
255
213
231
255
213
252
222
216
222
228
204
267
231
219
264
264
249
228
219
270
240
192
243
282
258
240
225
279
276
258
213
246
201
207
207
216
207
210
213
249
246
225
255
204
234
240
225
231
240
240
225
234
243
255
210
219
234
267
267
243
222
243
234
204
228
225
231
267
258
261
228
249
306
216
273
225
207
264
216
249
234
234
234
270
315
240
273
213
234
258
204
243
240
231
189
231
234
