216
243
255
252
177
240
177
228
222
213
276
261
228
276
225
195
276
210
255
258
258
237
273
234
240
267
207
255
213
198
204
240
276
273
288
219
258
210
225
237
198
243
231
198
213
264
285
309
240
222
273
231
213
234
243
210
294
264
204
168
282
219
234
216
210
210
243
258
267
270
270
201
225
255
228
219
261
189
225
225
228
240
255
246
240
258
231
276
234
234
216
231
294
234
255
276
234
249
261
243
249
240
222
231
237
234
186
219
237
243
246
219
225
258
261
279
282
243
246
234
234
228
192
210
219
189
216
240
258
240
210
252
297
237
294
282
270
249
231
204
273
234
213
252
234
240
240
255
228
231
270
243
189
201
192
270
210
273
243
228
240
228
255
252
180
270
291
243
243
249
264
228
201
198
237
237
306
288
261
210
198
210
210
249
207
246
237
258
231
219
276
231
249
246
249
234
246
225
225
225
246
225
225
264
255
300
249
207
225
264
228
282
246
258
240
228
210
276
252
225
270
225
234
279
210
249
237
219
201
198
228
234
228
207
279
219
207
240
249
234
243
234
252
270
240
252
273
267
210
195
240
234
237
240
276
273
228
204
222
216
249
198
210
240
225
249
225
291
237
231
198
222
225
213
246
207
234
255
246
198
246
231
180
249
264
243
249
294
285
291
246
225
210
216
216
192
312
210
210
243
