228
237
261
228
231
240
249
228
279
231
249
228
276
240
231
216
240
213
249
246
231
255
261
264
246
198
240
219
201
282
237
198
249
228
231
279
234
255
246
270
261
237
237
240
210
255
237
282
222
204
279
270
198
219
243
198
282
225
198
252
252
276
222
204
255
219
267
243
258
249
222
258
249
273
240
207
252
255
252
237
255
231
243
264
231
225
264
237
216
216
255
186
270
189
276
222
267
231
201
243
276
249
240
195
264
237
258
231
261
279
216
231
201
243
231
252
252
231
246
177
258
225
315
249
270
201
243
228
186
285
243
243
210
282
222
216
276
240
267
288
186
258
216
207
222
201
228
261
243
270
228
195
210
222
252
240
222
282
243
234
237
267
234
201
246
225
180
225
207
207
237
258
264
207
198
285
225
243
270
285
204
240
255
270
231
219
180
222
216
243
198
216
225
198
240
252
264
207
267
228
276
216
216
249
252
231
204
222
285
216
213
237
231
234
228
276
240
210
258
270
324
261
237
273
216
237
219
222
234
213
258
237
291
252
276
237
240
255
210
246
249
246
234
249
228
276
267
192
246
192
255
246
270
267
228
231
240
225
234
252
261
237
216
210
180
279
249
306
288
228
270
246
264
192
252
213
222
225
279
270
210
276
228
282
252
240
231
183
267
243
192
258
237
252
294
237
228
228
240
252
