216
255
288
246
225
237
249
222
228
285
264
228
291
213
249
225
264
258
261
282
231
231
204
228
186
234
252
264
219
210
249
264
237
291
249
228
213
201
222
219
255
267
216
222
246
273
252
213
240
261
264
234
255
264
198
216
219
225
282
213
258
201
240
210
225
225
222
219
264
252
267
225
261
306
228
234
213
234
207
264
252
246
228
243
246
204
252
315
261
258
273
252
249
279
222
282
258
201
270
252
252
279
276
195
243
240
297
246
216
273
273
261
264
240
198
243
234
273
252
219
228
246
192
219
240
252
276
258
252
264
213
234
195
222
219
216
240
216
240
279
237
237
264
276
261
255
204
252
228
237
264
315
270
240
249
237
204
168
225
231
243
222
246
234
225
249
228
237
201
273
249
252
261
285
228
243
249
183
264
231
231
222
213
225
237
252
309
231
246
231
246
255
252
249
237
216
195
216
237
237
228
249
192
237
270
234
243
231
237
264
270
228
267
198
258
222
252
192
264
234
228
312
231
225
240
294
225
225
246
249
195
249
276
249
252
213
219
249
264
207
246
249
183
306
159
219
261
228
279
303
234
243
240
303
276
228
225
222
261
261
189
237
222
216
264
252
240
234
222
252
243
252
198
264
231
192
264
198
186
288
270
270
273
222
267
294
180
204
255
246
225
207
231
246
246
234
231
210
210
213
