288
228
255
294
198
195
246
249
270
219
225
276
291
243
246
267
201
222
273
207
219
231
279
246
216
267
207
264
243
219
243
243
240
246
249
138
267
201
234
255
237
177
252
243
231
201
255
225
282
279
276
252
204
231
276
300
264
222
249
198
249
210
288
300
228
225
228
180
282
243
246
255
255
216
222
252
243
264
201
258
297
249
258
246
237
213
288
186
231
198
270
234
249
183
213
216
231
237
174
237
222
207
264
201
225
282
225
249
222
231
192
240
243
213
249
246
213
198
213
177
219
243
234
225
237
237
249
255
231
267
246
219
225
237
207
225
213
243
288
255
240
258
237
285
219
231
240
261
216
243
258
282
255
210
198
267
234
261
243
189
249
237
207
228
207
207
285
222
168
204
231
282
234
237
249
249
222
186
264
261
216
231
198
213
210
246
264
246
249
228
246
258
306
198
267
231
219
243
213
222
207
216
213
222
264
228
282
228
279
306
246
219
237
240
237
234
237
252
240
273
276
258
252
261
234
261
228
192
240
243
225
255
246
228
213
234
240
219
201
258
264
234
210
186
258
231
219
207
225
240
192
225
264
192
333
255
246
219
318
219
261
219
246
246
276
285
219
234
225
201
243
204
258
204
201
258
255
225
228
192
204
264
279
210
225
255
219
279
240
240
207
222
231
222
210
258
228
243
204
222
