207
246
255
249
225
231
195
231
264
222
231
240
204
219
258
213
279
210
216
216
216
267
207
195
252
237
255
282
198
240
240
216
234
288
219
207
258
258
213
201
270
216
270
282
234
237
273
243
243
294
261
249
258
240
282
291
249
222
258
219
228
237
240
264
237
180
252
282
234
264
192
261
240
198
237
240
186
210
198
204
249
171
255
198
264
249
267
192
255
237
249
282
195
222
228
243
258
237
258
201
264
246
273
246
255
249
249
252
249
252
258
225
261
219
279
213
222
228
231
237
213
267
243
252
222
216
270
258
246
240
210
267
240
267
222
219
240
261
285
255
219
282
246
234
246
264
234
213
219
207
258
282
174
216
198
225
225
291
231
234
243
288
243
201
207
252
213
267
249
276
228
264
249
273
234
222
243
207
237
231
273
261
231
288
261
222
270
252
234
222
243
258
276
213
288
207
246
240
249
261
243
255
231
261
249
282
222
234
270
273
321
306
258
222
258
228
246
231
315
261
237
237
255
264
183
192
264
255
222
246
216
252
264
252
282
255
225
258
177
228
225
210
237
216
267
216
255
249
243
261
282
219
231
237
255
252
228
285
243
222
192
252
207
264
240
243
267
219
285
186
192
261
243
276
240
219
228
288
231
237
201
249
222
198
243
222
261
189
252
228
213
270
246
258
258
228
288
246
252
219
