255
252
282
291
207
261
246
252
240
258
255
231
249
252
234
222
270
261
228
258
231
237
231
219
225
198
213
216
225
243
243
207
207
243
255
237
228
258
231
267
237
225
291
267
216
234
216
261
252
261
255
258
225
213
231
234
249
216
216
234
243
219
279
246
270
234
234
282
255
186
237
282
261
294
234
255
249
210
222
249
219
285
210
249
300
168
264
243
228
234
210
285
243
213
219
252
240
219
249
264
258
219
249
225
231
297
189
219
228
213
282
228
252
261
189
192
267
264
270
246
234
219
255
234
270
294
270
240
273
291
201
204
183
267
270
225
255
309
228
255
237
261
255
273
252
240
237
258
255
258
189
240
282
243
195
204
240
240
279
252
261
255
234
183
243
228
210
234
255
255
261
225
261
273
294
237
273
204
225
282
243
201
228
192
258
225
282
246
237
222
276
225
207
213
231
252
222
246
201
243
273
252
288
222
264
234
222
210
258
270
261
213
255
237
261
252
255
228
297
294
288
216
279
264
243
243
246
213
195
246
228
210
258
264
264
231
213
207
228
306
234
255
213
195
222
189
225
252
255
264
279
267
219
237
234
258
237
219
240
222
201
261
240
300
219
258
300
279
201
231
261
240
264
237
264
225
303
180
204
234
294
258
228
210
255
252
276
225
225
225
255
258
267
237
252
213
249
207
222
219
