183
285
192
228
237
240
258
258
243
246
213
240
282
267
243
261
228
219
234
198
258
249
294
267
219
222
231
255
249
264
162
279
246
222
198
207
276
237
252
255
231
240
297
270
231
177
201
234
258
216
204
213
222
246
255
240
234
255
225
273
237
249
273
273
264
246
222
213
225
237
219
246
234
252
210
213
249
249
258
282
240
171
243
216
210
231
207
243
249
249
252
264
258
276
288
219
237
234
219
267
300
312
240
267
192
258
213
264
246
237
234
255
228
258
234
258
261
270
270
243
243
198
231
252
225
270
255
252
291
294
243
255
252
207
264
234
222
234
222
246
273
246
237
207
252
252
198
246
216
258
237
195
270
255
213
219
192
255
249
204
264
216
240
243
231
234
231
261
261
270
210
249
213
261
252
237
219
234
213
249
279
237
207
225
231
216
228
225
282
219
231
267
243
234
222
195
273
186
246
216
282
249
225
216
237
273
237
348
228
291
177
210
180
261
273
270
180
201
234
237
240
255
267
219
189
270
234
249
228
267
219
252
228
243
231
219
252
231
255
249
231
270
270
234
222
210
228
228
255
231
228
240
276
264
225
249
282
225
246
267
198
237
195
219
249
243
255
267
213
279
222
237
267
240
231
192
276
222
255
237
240
237
201
207
198
246
204
249
225
207
264
240
264
234
228
219
210
240
243
210
