276
195
246
282
231
258
243
252
258
219
264
285
207
219
228
216
234
261
225
285
213
261
222
216
192
273
237
231
246
189
228
195
240
192
237
222
261
252
285
249
288
204
237
225
204
270
222
198
267
261
213
318
216
165
237
201
234
219
216
219
288
195
273
234
219
237
201
216
279
288
276
219
231
228
219
243
243
195
270
246
207
237
237
213
189
285
237
201
270
252
225
267
201
210
273
240
240
216
231
255
258
321
261
249
222
240
231
294
240
231
207
255
267
267
270
270
189
240
225
222
252
267
258
240
219
291
222
213
246
225
225
237
279
285
246
225
198
294
228
228
174
237
243
249
225
249
249
258
276
204
210
216
189
210
240
270
243
267
225
249
231
276
207
210
285
234
264
264
228
267
264
207
225
219
231
204
228
267
267
237
276
240
255
258
279
252
240
237
252
222
228
261
261
225
234
219
207
261
285
234
204
216
216
267
201
240
228
264
228
270
249
270
177
246
249
195
192
210
216
222
249
264
243
192
264
225
192
261
234
255
216
246
252
225
273
207
222
237
210
258
231
249
225
219
258
255
228
282
240
225
219
207
216
228
231
240
207
297
228
258
264
270
252
225
243
291
231
255
258
231
219
246
213
240
297
237
279
255
276
222
270
216
258
204
279
261
210
201
264
228
276
243
252
216
264
261
279
246
249
240
