246
228
249
222
234
252
243
213
252
240
255
270
312
225
288
264
240
231
228
237
261
234
243
198
189
225
213
255
213
231
261
270
240
276
240
234
231
249
237
234
246
264
210
210
246
228
225
252
237
252
264
222
216
249
228
177
225
240
255
210
231
219
234
282
228
267
243
234
270
207
231
225
252
234
255
231
240
189
210
228
252
249
261
246
216
228
225
255
219
234
246
216
204
252
225
189
246
228
249
276
234
249
264
249
216
249
204
222
207
231
261
222
255
276
225
228
204
216
267
210
204
261
276
237
234
306
252
255
243
222
294
270
195
246
213
219
231
198
264
273
219
261
222
231
225
264
273
228
204
225
204
300
222
249
216
300
228
192
231
180
255
321
279
246
222
291
240
252
249
192
204
225
273
246
198
213
255
210
240
192
234
234
258
255
210
261
261
261
267
213
264
231
216
285
237
228
207
255
234
252
201
213
231
216
255
252
207
285
222
237
246
228
264
252
273
231
210
243
222
273
267
219
228
288
195
219
276
249
168
225
267
243
240
231
249
219
213
276
252
237
198
234
225
249
234
204
234
204
261
270
225
234
282
300
255
240
243
243
228
198
228
249
282
267
240
264
225
276
234
225
213
213
222
282
216
234
243
210
306
264
258
261
276
222
228
234
246
255
231
255
231
297
303
207
237
219
228
282
243
294
