261
267
219
234
216
234
213
279
228
249
222
246
237
195
240
291
216
255
258
237
261
240
243
243
222
261
270
252
204
243
219
267
252
210
219
261
213
225
264
282
261
231
231
258
243
225
258
267
249
252
267
222
207
210
246
282
252
207
213
249
201
306
240
276
264
222
222
264
273
237
216
225
252
210
195
237
219
207
258
207
252
240
282
237
267
243
207
222
228
252
207
255
264
255
189
198
279
243
240
270
228
228
219
204
252
240
228
219
234
225
255
240
204
243
261
249
255
201
201
237
240
219
228
249
225
234
240
258
228
237
207
252
255
219
243
267
276
222
234
282
213
225
225
207
222
246
225
234
279
246
234
249
240
231
297
279
189
282
237
225
219
246
204
195
237
270
243
219
219
219
198
243
237
219
228
261
243
219
297
243
243
282
243
276
225
189
240
192
192
225
234
222
216
198
264
249
219
258
249
189
222
261
228
213
261
252
231
267
249
267
261
249
213
234
264
252
201
261
210
219
252
234
237
228
294
213
180
252
231
309
228
207
237
246
231
258
216
210
243
219
204
219
273
216
270
225
231
264
222
177
252
270
228
258
240
219
222
261
258
243
252
234
243
240
192
264
225
195
285
180
246
171
306
267
240
222
243
234
249
249
249
207
252
240
228
237
213
213
264
207
198
207
216
222
234
216
222
192
258
213
