255
255
210
225
252
255
258
234
219
237
234
240
219
222
237
231
279
252
225
207
264
246
243
276
240
201
252
219
243
207
210
255
237
234
240
258
255
249
198
204
240
216
222
246
225
264
246
306
210
255
249
249
270
243
228
219
216
264
225
201
246
258
222
237
276
234
267
228
231
267
219
240
228
264
228
237
216
291
234
282
246
246
246
225
228
210
228
273
198
249
252
237
264
237
252
267
240
231
222
222
222
291
228
249
225
243
219
189
186
273
264
318
258
231
192
243
210
240
246
213
252
288
237
225
264
228
243
219
252
219
261
228
237
273
228
270
252
210
258
267
219
270
249
246
267
252
228
264
240
270
213
195
294
198
276
180
231
186
234
222
252
225
246
270
240
234
243
279
285
234
240
246
243
252
246
198
225
279
225
219
228
234
255
228
198
252
270
255
204
192
243
243
258
225
222
246
309
264
234
243
228
243
273
240
243
273
222
243
207
210
219
213
231
210
216
249
228
213
288
228
207
252
219
270
234
246
216
261
183
243
222
288
234
213
228
243
225
237
255
210
252
252
249
276
246
267
240
225
222
258
291
225
216
240
228
273
228
234
219
222
249
243
264
273
240
192
219
216
276
249
270
240
195
228
195
198
264
267
270
240
258
276
228
249
213
279
204
237
249
258
261
252
261
240
264
237
216
243
228
282
