258
213
219
207
201
255
207
246
273
216
258
225
282
258
225
249
234
279
237
291
258
219
246
258
234
213
243
237
258
264
258
213
270
225
225
243
255
219
246
255
192
216
240
204
249
273
243
237
264
234
240
252
219
231
261
225
210
219
252
228
222
198
252
225
234
219
264
207
189
255
240
183
237
228
237
222
264
249
225
210
207
261
219
243
213
240
255
297
237
210
225
243
243
234
252
240
267
249
240
213
225
258
207
207
240
201
201
225
246
282
237
231
258
237
207
210
201
192
255
246
225
240
246
273
246
279
213
252
225
267
294
249
225
168
189
231
213
270
207
228
246
207
252
210
216
255
273
216
249
246
240
207
261
201
219
258
258
246
204
261
225
258
213
252
273
273
237
216
270
306
210
234
186
189
240
267
243
249
303
198
195
240
249
228
312
234
312
243
258
216
267
210
231
219
270
225
258
234
207
237
240
252
255
240
300
219
237
216
255
210
213
228
267
249
213
252
225
213
261
273
249
201
216
249
207
267
237
282
219
216
252
237
252
249
237
246
282
249
219
240
204
237
267
225
270
258
246
267
171
246
255
192
204
195
216
255
198
252
219
261
246
219
243
228
297
249
201
195
201
252
222
258
222
210
288
267
228
240
237
231
246
213
207
252
252
228
285
273
258
267
270
267
225
288
267
201
231
228
243
219
