240
210
219
246
192
231
249
219
210
279
261
231
228
204
237
237
264
210
198
210
207
276
237
216
279
243
249
222
204
297
249
255
222
240
258
258
228
225
282
219
246
207
207
222
216
234
279
225
258
219
252
252
210
240
237
231
240
231
207
216
258
279
240
225
213
234
240
255
177
240
297
255
183
237
198
222
219
204
225
174
237
303
231
225
246
285
240
228
261
213
261
228
210
255
189
249
240
225
219
213
246
273
234
246
246
243
240
267
258
219
222
282
243
216
258
273
237
312
222
270
246
264
237
222
246
267
183
219
198
192
282
192
201
306
213
273
228
273
234
270
198
231
219
240
240
231
267
279
243
240
207
246
249
261
240
252
237
267
285
246
204
231
288
270
231
255
228
177
219
279
264
258
246
207
267
282
210
231
216
246
276
261
216
261
270
243
213
210
246
225
273
294
276
258
282
177
249
249
210
276
180
276
237
231
210
258
201
219
207
222
219
261
267
246
249
225
237
231
195
252
267
246
231
222
237
288
288
261
198
225
222
291
231
240
210
261
234
222
240
213
228
246
285
309
213
255
249
198
207
219
219
216
219
201
279
258
228
213
189
264
231
246
237
231
240
213
270
240
300
258
204
234
207
234
243
243
222
213
228
264
231
279
234
210
216
243
270
225
252
195
186
255
237
267
234
249
216
222
249
219
