258
273
210
255
198
267
219
243
258
297
237
219
273
300
258
246
252
285
213
237
264
225
243
225
231
306
249
219
237
270
198
261
276
189
222
240
231
249
249
234
213
243
255
237
270
234
246
240
267
270
234
270
234
255
255
246
177
264
234
252
243
318
255
234
243
243
276
246
180
237
225
243
216
237
273
276
267
204
192
213
246
225
288
240
219
189
276
300
219
213
246
279
234
243
210
249
261
303
219
246
264
222
216
222
279
234
234
195
243
210
258
201
198
249
180
228
216
225
273
237
213
195
237
234
264
288
192
222
210
267
201
192
234
228
264
216
255
240
201
207
228
243
267
258
234
231
246
198
243
297
234
231
249
204
219
201
255
288
261
276
177
282
261
189
255
240
225
186
222
261
291
300
267
249
222
246
243
204
234
270
255
252
213
225
201
261
201
264
288
249
234
243
228
192
267
267
210
216
276
258
222
234
213
261
270
237
207
267
261
267
198
195
216
267
201
228
213
258
234
231
234
228
213
198
210
261
303
270
222
243
228
219
240
264
210
267
255
222
228
258
213
258
234
237
237
246
198
273
252
210
231
222
300
243
252
246
273
243
252
246
222
189
276
255
219
213
255
249
240
249
246
270
261
222
273
261
252
210
279
234
228
282
234
210
258
195
222
234
255
219
207
198
252
183
210
255
258
267
213
231
