237
243
222
252
213
249
198
258
213
282
249
198
267
237
282
267
216
177
219
246
282
207
210
222
213
234
213
222
222
222
255
252
231
240
216
258
234
228
222
249
264
282
246
234
252
252
207
234
219
279
231
225
225
228
288
210
198
255
234
207
264
252
213
252
231
261
258
261
216
237
210
222
276
237
255
225
300
246
237
219
273
261
312
261
201
282
276
249
234
204
270
243
246
189
246
222
243
207
228
213
231
219
216
246
204
174
210
270
237
243
222
228
276
240
243
291
249
231
222
225
222
258
222
258
246
246
213
246
240
219
189
240
198
258
240
231
216
240
228
306
267
204
315
234
267
291
243
231
228
252
252
306
264
213
246
234
267
216
234
231
234
186
213
183
228
237
303
198
270
255
282
234
228
303
246
210
228
243
234
312
231
246
234
231
252
258
276
240
201
240
261
228
312
261
285
213
231
228
240
225
189
273
258
279
249
336
231
261
213
246
222
249
222
201
228
240
219
231
234
261
243
222
264
231
297
219
264
297
252
225
267
282
237
294
288
264
234
273
255
252
219
225
279
291
195
228
231
216
234
282
270
249
222
264
225
237
234
237
150
246
231
243
219
228
300
201
273
285
207
225
210
180
246
222
273
234
306
231
210
216
249
243
252
249
213
201
261
246
276
222
261
204
240
246
207
207
246
228
228
225
