234
264
255
243
243
252
234
225
207
264
252
240
276
243
246
255
198
246
246
234
258
252
255
285
237
255
216
243
252
225
216
297
225
228
234
204
186
204
219
237
261
261
276
261
228
165
228
255
210
234
222
273
282
258
234
270
225
240
228
204
201
315
276
219
249
273
249
204
246
261
264
216
213
243
222
237
258
231
282
255
219
315
258
198
234
243
273
204
258
225
267
174
237
225
222
183
207
195
243
270
219
264
252
240
246
243
267
216
270
243
249
231
270
240
240
261
228
288
258
261
222
231
198
252
198
300
189
234
219
261
270
195
198
231
261
231
207
204
219
210
279
255
195
207
216
195
237
261
288
252
207
222
222
231
249
225
264
261
294
198
255
258
234
234
228
291
207
234
213
258
252
162
237
219
207
225
288
243
237
228
282
219
270
240
279
264
228
276
210
222
189
204
222
261
219
213
267
240
258
234
261
231
285
195
228
264
228
279
219
219
225
228
273
246
240
291
216
234
240
204
285
276
273
240
276
249
276
222
216
228
243
276
264
216
234
210
285
255
246
198
258
264
246
204
264
288
228
231
210
228
243
192
246
267
210
216
237
246
198
204
222
243
255
228
240
222
246
270
237
255
246
240
255
231
210
231
261
300
237
237
252
216
246
204
222
252
246
165
207
225
261
255
270
225
234
225
267
267
240
258
