231
246
273
210
249
216
300
210
231
231
207
231
261
252
234
249
246
246
216
240
216
207
222
237
231
240
231
234
225
258
249
201
228
243
243
213
288
237
228
234
207
258
249
288
243
186
234
249
258
207
210
276
234
285
216
228
207
210
270
249
279
219
198
288
237
237
270
186
204
204
246
216
276
246
276
237
228
174
198
231
228
249
204
252
252
246
270
255
240
210
276
234
249
243
246
255
246
255
249
231
273
231
228
261
240
267
246
264
234
183
264
207
255
240
222
243
216
285
222
237
210
240
219
237
219
225
279
216
246
270
264
204
228
234
231
210
219
243
186
252
267
249
231
234
204
249
237
237
234
243
312
216
237
222
234
210
243
249
210
249
228
216
237
228
225
252
240
291
234
273
249
207
231
249
273
273
246
243
207
225
201
192
246
258
267
258
258
228
279
270
264
252
216
240
210
246
237
261
216
264
234
222
198
273
210
249
243
231
276
246
207
237
228
198
252
219
246
216
237
282
249
231
219
252
255
231
252
234
174
228
249
207
234
246
291
267
228
243
225
258
207
234
222
240
210
273
240
261
267
207
261
264
228
282
279
210
234
255
231
273
291
231
201
285
255
246
231
240
282
228
213
273
246
255
288
195
225
234
264
234
279
231
243
228
237
234
255
222
237
261
273
264
237
222
219
216
231
219
216
216
