237
246
246
276
207
270
252
216
237
219
240
249
243
243
219
279
153
207
204
261
225
288
228
225
231
270
237
276
237
231
219
243
240
219
303
270
225
255
246
306
243
279
213
222
270
255
231
252
288
219
216
246
213
225
249
264
219
228
231
213
228
252
288
234
198
231
249
219
237
258
252
219
249
225
252
240
270
249
210
225
207
261
180
249
255
231
228
222
267
276
237
255
288
207
270
213
213
243
201
210
240
234
252
237
243
216
261
249
216
213
237
225
231
243
285
237
234
255
273
219
282
231
282
228
255
237
255
252
252
246
222
234
231
309
234
204
243
249
216
252
270
294
237
273
204
249
273
213
201
210
267
267
213
267
240
207
237
270
171
264
261
219
249
249
240
243
255
225
240
222
249
240
240
246
297
243
294
252
234
219
234
303
192
243
213
270
201
279
267
207
219
186
219
228
231
231
201
228
243
228
246
234
270
252
264
240
258
231
261
234
213
237
186
258
321
252
201
252
216
261
216
291
243
240
249
246
195
219
219
261
225
264
231
261
204
204
252
219
225
210
237
228
204
258
249
252
234
240
219
219
249
234
261
276
246
222
243
171
189
234
246
261
234
279
216
222
273
225
249
264
243
279
240
273
237
204
246
264
243
207
288
258
252
219
255
252
231
249
261
255
225
219
225
195
267
264
234
180
246
234
