258
225
264
243
258
234
222
207
243
234
237
210
186
255
321
264
174
267
249
258
201
267
300
198
246
255
255
234
252
255
201
216
234
246
237
231
210
231
228
267
213
216
228
249
201
213
228
240
216
195
252
216
249
264
255
234
216
225
183
261
273
294
237
237
255
234
201
270
231
231
243
231
228
231
288
243
225
186
228
279
258
261
228
267
276
255
231
258
252
168
231
234
213
222
225
261
249
249
231
276
225
282
237
243
228
210
270
240
192
282
213
207
231
246
267
240
279
237
231
276
231
216
222
285
237
249
228
183
243
294
252
261
219
246
228
210
258
252
231
237
261
243
237
237
252
270
222
240
150
180
270
270
210
171
246
237
246
237
240
291
249
204
267
225
294
201
252
231
276
234
192
264
276
210
207
234
237
264
216
237
234
267
225
201
237
255
228
234
240
240
195
237
246
237
264
216
237
249
261
237
249
237
270
267
228
222
261
264
189
246
231
192
222
225
252
252
219
249
282
222
237
240
219
174
258
219
240
276
234
252
273
186
252
216
225
261
195
255
240
228
219
189
273
231
267
231
228
243
258
243
258
231
258
216
252
231
291
234
228
276
282
210
222
300
225
249
213
243
249
234
252
267
309
243
225
216
255
219
180
198
240
228
267
252
213
228
228
246
207
219
219
246
231
213
228
252
306
264
291
228
