222
216
210
279
273
216
240
231
270
267
198
246
213
228
186
228
252
252
291
237
264
270
231
252
237
207
261
243
249
261
228
225
216
270
240
300
276
291
192
219
231
261
237
246
219
246
213
225
204
264
213
312
210
195
240
273
252
249
231
216
246
198
225
234
228
261
216
219
222
279
264
276
276
216
273
279
273
261
240
234
333
249
225
231
228
246
228
258
300
261
249
261
198
237
204
267
255
186
234
240
210
231
225
252
225
249
270
252
210
234
240
216
189
228
258
234
303
252
276
216
237
243
228
249
216
261
240
225
273
219
189
246
246
216
252
279
249
225
276
294
210
240
213
249
288
231
216
252
237
273
231
288
228
228
243
267
177
276
291
234
195
285
264
213
210
237
276
210
213
204
222
285
258
237
267
222
240
228
255
201
243
216
243
201
291
282
237
180
264
222
207
252
264
258
207
189
216
243
222
213
273
231
222
219
249
237
243
255
195
261
252
237
234
246
261
276
249
237
204
243
261
204
249
222
207
246
189
219
267
267
252
246
228
204
225
210
216
255
291
255
309
228
249
264
198
264
231
231
225
216
228
267
258
237
255
267
204
231
237
198
222
249
270
228
228
201
225
210
216
243
246
315
204
228
216
216
219
192
222
249
216
213
264
219
267
225
231
255
171
273
252
222
264
258
243
294
267
177
249
252
