228
258
276
267
246
288
300
213
225
237
249
258
225
225
225
240
198
207
270
216
255
231
288
219
249
225
222
234
255
189
261
198
219
240
252
285
240
267
228
270
234
282
234
225
225
285
255
243
291
258
327
261
225
255
276
252
255
195
225
285
225
237
189
234
267
228
258
261
231
195
261
252
234
216
228
240
270
237
201
228
282
279
255
246
312
231
243
225
237
237
261
216
222
213
237
264
246
201
210
198
258
192
219
258
255
240
216
285
228
261
192
198
240
237
267
246
231
276
216
249
228
252
213
273
219
237
252
231
237
234
246
267
225
273
204
249
255
243
249
237
261
246
258
213
240
264
252
261
222
234
261
255
225
291
240
222
228
216
264
267
231
267
180
219
258
222
189
225
285
225
249
306
249
222
282
237
252
249
279
231
207
279
207
234
270
213
249
288
270
210
261
264
201
204
216
234
219
216
231
312
246
216
255
261
240
234
216
210
228
228
207
222
267
252
225
219
270
270
261
282
231
216
240
246
258
264
210
246
231
249
219
252
249
225
264
234
234
243
222
252
243
258
204
249
312
243
249
234
228
258
237
267
246
234
225
228
243
237
246
231
252
204
228
198
264
252
240
243
219
234
234
186
255
201
240
213
198
234
201
222
264
219
255
234
297
261
261
225
264
252
234
228
204
261
210
267
273
210
237
279
