237
270
267
249
174
240
258
228
252
270
246
318
234
255
240
204
228
237
219
231
282
210
279
243
192
267
255
207
282
255
237
222
270
243
228
234
234
240
246
231
228
204
231
252
288
273
255
279
225
195
273
231
249
285
210
279
252
231
243
249
222
303
213
246
231
273
210
246
213
198
234
276
216
207
225
306
237
228
195
261
216
243
264
261
237
198
198
216
276
219
237
240
285
201
228
249
273
252
261
228
210
255
213
315
288
261
222
267
246
294
243
243
246
252
270
246
219
267
222
186
210
273
186
240
255
252
246
216
240
231
267
282
264
225
288
225
225
228
276
264
228
228
252
198
276
222
258
276
201
273
225
252
270
210
261
246
222
228
234
192
288
234
264
234
207
282
237
255
267
210
261
210
246
333
213
234
282
315
240
198
198
231
222
198
240
216
165
258
273
237
222
234
243
240
261
186
204
231
210
267
264
195
252
225
261
246
252
240
195
237
270
222
243
264
264
216
243
228
267
204
249
306
255
240
219
267
225
249
213
267
243
261
231
240
222
240
231
237
228
252
270
252
192
231
249
216
198
225
258
297
240
207
234
249
225
273
273
240
228
258
207
258
243
321
285
291
231
276
252
195
234
195
198
222
216
207
267
246
210
261
246
222
213
231
192
189
261
201
276
228
285
213
276
201
213
243
201
237
255
222
