228
204
216
267
225
249
240
255
228
243
231
210
255
237
255
174
198
249
261
219
243
219
216
255
276
243
243
249
216
162
228
186
216
216
270
222
225
216
255
240
279
246
234
258
306
228
195
270
252
222
207
315
246
261
237
177
273
204
258
231
231
234
270
264
231
315
240
255
270
234
216
216
267
270
231
246
243
210
192
219
255
204
267
213
216
255
294
264
264
276
231
204
219
219
219
210
210
240
273
213
213
237
222
192
258
243
246
327
219
201
294
219
237
198
192
282
240
240
273
240
216
270
246
264
249
189
192
222
264
267
282
306
243
273
258
213
216
300
258
261
183
228
252
195
276
243
249
255
213
183
231
252
252
228
228
246
297
231
267
231
222
234
261
267
264
195
279
183
210
240
237
225
192
270
189
213
252
240
216
237
276
276
288
258
201
195
252
219
219
270
240
288
264
219
249
165
228
288
249
195
225
198
297
234
213
198
228
243
213
219
240
231
255
273
237
243
237
219
261
243
252
225
228
216
207
216
228
261
231
255
228
258
225
240
246
207
249
231
225
246
219
240
273
282
222
252
264
216
243
330
231
249
264
255
267
258
198
243
237
261
225
216
264
189
303
243
261
228
240
228
264
288
267
240
246
252
237
201
273
219
210
258
231
237
258
219
231
264
243
213
216
237
255
192
204
186
243
255
219
180
