243
168
255
237
252
231
255
225
288
246
252
255
186
219
231
258
240
270
213
237
252
279
252
243
249
210
240
261
270
234
204
231
222
273
252
204
219
258
276
213
300
237
213
231
228
282
249
222
276
258
261
264
201
243
216
225
264
240
255
219
252
261
213
252
243
249
270
294
234
210
210
255
246
222
255
234
294
219
249
222
282
276
138
243
234
258
171
186
282
249
246
228
234
201
252
225
201
249
237
243
312
216
249
231
228
270
237
246
234
276
294
243
282
213
216
237
249
243
240
177
270
240
198
237
264
225
261
204
234
255
207
246
207
207
270
243
279
234
243
225
246
237
282
240
240
237
246
252
246
243
222
264
273
255
231
249
234
279
246
213
273
270
225
276
222
225
198
216
180
267
225
249
204
228
318
276
228
225
225
225
252
222
240
204
213
264
201
234
201
216
231
219
231
222
216
264
249
231
249
258
207
237
225
264
258
255
222
213
219
264
237
282
195
249
195
225
225
234
267
240
219
261
270
243
273
198
240
186
213
213
213
225
258
189
219
237
237
219
249
252
219
252
225
228
213
255
246
267
246
207
240
249
240
267
222
216
216
252
225
267
222
249
228
258
246
246
231
276
267
258
222
264
258
264
213
270
279
243
216
240
225
234
213
264
225
219
234
255
249
255
222
204
234
300
213
255
225
264
246
249
