207
219
243
261
225
258
243
192
264
267
261
267
204
228
255
267
249
201
195
279
264
243
270
228
240
252
237
228
240
282
207
192
237
243
252
231
300
315
225
246
237
213
252
231
201
204
246
210
222
222
183
252
297
213
240
219
228
201
300
261
213
198
201
234
246
228
186
216
225
240
255
195
246
225
243
234
234
264
201
273
243
177
261
228
249
288
228
270
300
219
267
228
237
291
228
240
258
225
246
228
234
228
219
228
231
285
225
234
222
216
294
252
195
261
249
219
264
267
258
189
198
228
258
225
207
228
249
243
282
261
270
264
237
207
249
243
279
276
237
249
225
231
204
249
183
297
213
240
231
249
228
237
252
246
216
243
282
270
282
213
207
249
246
249
222
237
273
198
240
261
216
240
273
213
258
255
249
267
204
243
204
255
201
267
216
249
252
255
264
249
255
279
246
201
231
231
234
234
279
240
264
264
261
282
246
228
225
192
279
273
225
243
258
231
237
264
264
297
258
246
222
255
282
222
198
252
240
180
252
225
267
255
270
237
249
207
240
252
309
237
264
288
204
243
261
270
234
219
207
243
249
234
207
270
204
237
258
195
231
213
261
225
225
276
198
249
279
237
183
261
213
234
198
288
228
210
267
222
243
255
231
195
228
252
222
249
258
258
222
270
252
231
252
255
198
234
201
246
246
237
