249
264
249
258
270
261
228
255
273
267
237
216
219
276
228
246
258
237
234
237
291
270
237
222
252
234
225
225
201
240
219
222
234
282
213
240
216
210
201
186
267
255
180
225
267
222
195
216
225
210
276
225
228
210
210
219
276
195
243
252
210
255
219
285
237
207
249
201
267
246
255
249
270
261
189
231
249
234
249
234
207
198
294
252
264
213
159
189
216
252
246
297
285
204
219
228
249
255
246
219
267
258
234
249
225
195
267
225
258
252
225
258
219
216
264
222
273
240
261
267
282
303
246
264
258
216
270
204
228
261
261
180
225
279
255
180
255
210
219
246
234
261
246
273
225
249
261
231
264
240
297
192
273
228
222
252
231
204
243
294
276
192
210
264
201
252
279
210
213
207
282
267
255
216
255
186
213
216
228
273
243
240
243
261
198
237
228
225
249
240
285
216
216
249
204
246
192
267
228
273
237
234
225
246
249
201
201
210
222
258
216
255
243
255
291
210
252
288
249
252
222
234
261
288
246
243
228
207
237
258
231
216
207
228
225
261
237
255
216
180
204
291
300
258
210
201
207
249
216
234
246
213
204
285
186
207
282
270
261
261
219
231
246
264
210
246
225
258
273
249
207
246
267
246
198
249
249
264
210
219
201
258
207
279
264
246
237
189
225
222
213
252
210
234
228
216
198
231
216
261
