198
252
234
213
249
195
267
219
240
267
201
270
255
219
288
210
228
231
219
249
276
237
225
285
261
237
201
306
228
252
258
270
198
258
234
219
204
213
273
246
261
282
264
261
288
246
213
252
228
261
258
261
222
243
285
225
228
285
288
234
294
204
240
234
237
252
231
231
237
216
180
255
231
240
234
243
282
240
222
240
201
174
246
207
231
225
258
189
237
240
225
243
207
264
246
243
222
249
231
192
219
225
306
273
258
240
291
252
264
225
276
285
210
270
222
267
225
222
258
261
216
261
219
222
264
243
255
186
231
234
243
252
276
225
231
204
267
234
237
252
258
225
264
270
258
267
234
249
240
207
237
225
231
231
240
249
279
243
246
243
177
195
276
255
267
243
273
216
237
273
270
243
240
150
264
258
267
195
210
231
264
258
210
258
228
219
186
222
237
267
234
288
237
264
234
246
213
204
216
243
234
216
264
237
234
219
246
249
219
252
252
234
210
234
258
246
225
195
267
258
246
270
288
225
216
201
300
252
195
255
249
294
252
282
231
252
243
255
228
234
216
249
228
234
228
273
228
282
231
246
234
264
270
228
225
249
264
228
243
246
225
240
240
261
234
204
246
231
255
243
243
282
210
228
219
204
240
186
225
207
249
270
258
240
264
279
261
234
264
234
243
234
276
240
252
267
243
246
249
279
