228
282
237
222
258
234
270
270
243
180
243
228
288
210
201
192
285
243
225
264
258
255
252
201
237
246
252
276
237
222
228
240
231
306
225
234
225
231
189
219
219
237
252
252
234
201
270
240
207
279
237
240
255
237
258
273
234
243
231
243
180
252
237
237
255
243
216
243
249
264
192
264
210
225
243
237
249
273
231
279
225
270
282
294
294
240
252
249
192
255
213
282
246
228
198
264
264
216
258
237
270
222
306
312
237
228
267
228
258
249
258
216
273
189
240
210
261
243
267
294
204
264
207
195
258
240
198
216
234
216
228
165
285
264
213
270
252
297
264
258
231
225
285
264
261
273
216
255
273
237
231
243
234
222
243
222
240
192
207
276
240
186
195
273
222
219
255
249
273
240
252
207
237
249
255
255
231
219
222
273
207
246
213
309
231
201
234
249
288
240
270
243
243
207
234
213
222
252
225
240
273
255
201
207
231
237
246
255
225
285
255
201
216
267
222
246
207
240
228
261
246
225
246
222
261
273
246
255
330
282
243
273
258
234
246
219
201
258
213
255
267
240
213
264
288
282
285
240
246
225
240
240
327
276
252
282
201
216
234
207
255
243
267
231
246
213
234
249
198
255
294
285
234
210
249
219
270
228
240
288
237
195
213
291
225
264
210
249
174
189
303
216
261
234
237
219
237
237
228
300
