258
291
249
282
252
252
231
264
213
258
174
258
261
219
216
255
225
234
231
249
216
237
201
216
225
222
201
237
252
210
234
237
237
240
267
195
240
255
225
246
225
255
210
258
249
330
216
246
246
225
249
255
288
204
234
252
267
228
231
228
180
231
234
228
249
243
204
249
216
264
195
249
231
231
270
231
234
222
255
213
207
255
222
264
216
300
258
189
240
246
213
282
207
261
246
216
249
243
246
222
231
222
252
258
300
225
249
258
240
201
231
243
240
234
240
201
219
273
249
255
258
210
216
252
243
291
243
201
246
219
261
219
201
246
210
291
249
213
237
177
243
246
273
249
273
204
186
276
219
249
237
276
237
261
207
258
204
204
195
225
246
204
267
189
246
252
234
234
240
249
228
198
258
249
207
213
282
234
267
243
243
255
204
291
237
279
276
237
270
291
288
264
303
258
273
240
237
237
249
219
273
246
243
267
225
285
228
192
264
198
231
249
273
207
222
204
225
225
258
222
243
192
246
273
201
231
243
222
204
216
240
174
252
267
252
198
279
222
237
258
258
246
270
276
279
213
282
213
255
303
252
201
246
201
228
243
285
231
243
249
279
243
276
246
204
252
255
252
213
243
255
228
261
228
210
231
189
315
216
228
252
282
255
213
243
228
270
291
246
300
240
231
270
207
264
279
228
228
231
264
