273
288
246
231
210
246
243
249
207
237
228
210
225
255
216
255
243
237
207
255
267
255
285
258
246
252
252
207
252
216
270
240
258
243
222
225
282
291
204
228
228
228
225
234
225
207
258
267
189
213
294
270
264
255
288
231
195
234
225
258
231
273
258
192
234
249
234
270
195
219
174
318
207
186
258
237
279
243
240
234
195
171
231
210
264
222
219
255
240
195
246
204
252
228
222
279
216
231
237
258
210
228
255
225
222
240
201
207
252
195
210
228
231
228
273
210
273
261
207
276
222
258
267
234
234
255
237
243
246
258
216
219
246
300
252
204
261
240
213
222
240
276
219
201
231
201
210
228
273
264
297
243
249
237
204
219
279
201
231
210
237
207
255
177
210
210
222
231
207
258
219
261
231
225
219
216
210
228
192
240
219
240
183
249
255
201
204
204
258
186
201
195
258
219
225
231
228
258
243
240
276
231
210
234
249
255
285
258
228
270
255
231
201
270
231
264
243
246
267
264
222
285
234
201
231
213
249
261
228
270
267
183
246
228
306
243
204
189
237
243
231
198
264
228
243
201
246
291
261
195
252
207
294
249
219
282
237
267
237
204
228
255
219
294
264
246
237
246
228
219
201
264
198
210
294
243
228
213
204
267
240
219
294
261
282
282
222
237
255
246
231
303
216
252
162
207
285
252
219
264
