264
264
237
231
273
237
231
243
222
222
246
198
252
216
225
243
303
288
246
219
228
252
294
219
231
240
270
246
225
243
258
246
252
279
249
294
210
294
273
201
183
249
255
222
288
210
234
294
210
240
210
237
243
249
282
243
234
252
267
258
288
213
249
279
228
237
279
261
237
303
258
264
237
231
219
192
234
267
255
282
249
216
216
264
264
210
252
231
231
231
240
276
240
219
264
249
198
267
240
216
243
195
291
222
234
264
231
285
222
270
243
300
252
237
231
315
207
231
210
261
282
252
243
228
249
207
234
276
252
216
261
267
234
168
234
201
258
228
252
222
219
246
309
282
243
198
228
252
252
255
252
204
204
255
246
228
249
279
240
255
234
234
231
198
225
231
237
264
255
264
264
195
201
201
240
246
243
264
246
249
216
243
198
195
219
291
222
213
279
210
234
258
276
249
234
192
252
261
249
195
267
225
258
198
210
228
228
306
246
246
216
294
252
264
198
237
243
213
234
261
243
246
210
240
279
213
252
240
201
240
192
252
219
261
204
243
225
231
210
246
210
210
213
249
270
288
219
288
234
258
276
258
231
219
249
210
222
246
228
258
231
276
258
294
255
240
231
252
282
240
237
231
225
219
222
231
264
246
273
231
279
252
288
246
237
210
198
261
207
249
195
234
228
252
207
297
234
258
234
276
