264
270
252
237
231
267
174
300
222
201
273
219
216
225
246
267
270
225
225
246
288
282
249
255
318
261
255
264
288
231
234
255
237
216
243
249
222
231
261
276
216
291
234
237
213
201
231
267
174
273
249
195
237
174
213
234
270
255
261
228
210
228
234
231
201
273
267
240
225
240
240
273
270
216
255
222
279
252
246
213
180
264
249
237
198
249
294
297
210
243
207
285
219
255
246
180
279
213
237
273
288
225
213
240
222
228
222
261
249
219
252
213
186
231
225
240
243
204
246
225
174
276
246
201
267
273
222
210
213
198
267
270
240
210
252
273
228
228
216
210
234
240
258
222
264
246
246
213
171
237
222
210
261
231
273
237
189
225
240
237
246
273
225
234
237
189
273
237
249
231
279
252
231
240
237
243
288
240
249
240
267
240
276
237
189
252
243
183
198
285
234
189
255
270
294
246
195
237
171
159
249
243
237
234
174
234
279
237
243
276
267
252
258
201
249
282
204
282
228
213
231
237
222
237
213
222
213
219
231
243
252
234
228
258
240
219
291
252
216
234
234
264
240
273
222
303
279
255
213
237
195
216
255
306
219
204
261
249
291
255
255
303
189
213
324
216
201
204
270
243
234
216
297
252
276
252
315
270
219
255
207
219
234
282
225
249
255
225
228
219
234
246
216
222
219
240
228
231
270
288
