192
216
252
255
255
231
261
246
183
249
282
195
231
231
222
279
270
270
210
234
222
192
222
300
246
249
228
273
273
273
216
279
231
210
252
249
240
219
174
273
252
240
264
219
240
243
210
228
228
219
237
216
213
234
252
252
243
228
213
234
249
222
279
246
246
213
186
246
210
240
261
234
279
264
210
258
255
270
255
237
270
255
234
204
216
240
231
210
231
231
210
219
261
297
222
225
264
243
222
234
273
273
204
243
231
264
207
219
240
225
219
270
219
231
228
219
222
237
249
249
273
234
216
285
216
288
267
159
270
216
282
267
243
210
246
282
204
261
243
249
243
288
261
216
279
261
249
213
243
237
300
234
222
231
264
270
246
240
237
264
267
258
216
246
225
207
258
207
246
249
231
234
330
228
324
207
219
261
231
231
249
243
207
243
207
237
225
258
207
225
213
243
222
276
252
255
264
279
258
228
285
246
186
204
201
252
258
240
273
246
252
237
189
192
246
234
246
228
237
318
219
219
216
252
207
231
273
258
270
213
264
255
204
258
264
234
189
222
240
288
237
276
258
207
282
285
276
249
222
243
234
276
234
270
207
198
240
288
264
291
267
291
246
267
228
210
315
201
225
240
210
234
219
231
210
303
249
237
234
258
252
231
279
291
261
291
297
243
255
234
225
210
204
246
207
264
216
267
237
267
