276
234
201
234
222
294
276
240
213
228
213
279
237
264
222
213
249
312
243
225
198
273
294
240
258
207
252
240
234
222
234
285
228
225
234
219
240
222
276
210
222
222
213
255
246
222
234
282
225
312
225
222
210
255
279
252
267
279
252
261
267
186
237
240
231
246
258
213
219
243
228
231
243
234
255
207
261
237
207
279
255
249
204
219
207
198
273
174
240
246
231
312
264
249
264
207
207
216
231
288
279
225
216
222
255
285
240
270
228
264
243
297
270
282
210
258
216
270
210
234
240
228
222
255
282
282
258
228
213
270
285
234
258
192
264
258
237
234
261
249
264
207
234
249
204
243
276
222
237
270
267
258
240
249
222
237
228
204
246
222
249
225
219
249
249
231
213
258
225
273
258
222
231
216
243
279
252
216
219
213
261
228
270
261
198
222
270
231
237
216
243
270
252
249
195
288
279
207
264
273
201
270
201
237
270
261
240
288
258
234
216
213
264
267
246
222
228
225
234
234
285
198
258
237
258
252
198
246
207
261
210
276
246
279
282
213
222
264
315
234
210
237
219
258
285
261
207
195
285
267
231
270
261
264
267
240
249
222
267
243
216
213
237
273
243
288
258
243
264
252
228
246
234
225
207
228
252
246
243
258
234
243
228
261
255
219
237
243
234
252
225
207
216
204
228
261
225
228
243
246
