1488
1410
1386
1470
1389
1386
1425
1596
1599
1359
1422
1425
1392
1452
1452
1563
1395
1443
1521
1524
1404
1410
1485
1458
1512
1494
1464
1401
1548
1428
1368
1458
1368
1413
1500
1404
1476
1584
1218
1329
1479
1548
1386
1476
1434
1359
1347
1455
1494
1428
1389
1401
1440
1557
1410
1497
1464
1419
1395
1479
1389
1515
1476
1533
1371
1431
1374
1656
1398
1482
1479
1443
1416
1488
1503
1272
1386
1419
1617
1470
1359
1446
1431
1362
1314
1380
1341
1422
1422
1347
1521
1494
1533
1383
1479
1413
1431
1476
1428
1434
1377
1434
1416
1353
1374
1383
1482
1512
1467
1353
1368
1404
1422
1458
1410
1545
1356
1407
1482
1503
1392
1419
1416
1410
1353
1413
1455
1473
1422
1437
1389
1377
1419
1431
1512
1449
1341
1557
1443
1407
1377
1347
1386
1644
1476
1395
1422
1497
1437
1377
1482
1398
1506
1416
1407
1428
1488
1530
1377
1437
1455
1542
1440
1446
1314
1275
1563
1557
1368
1491
1413
1395
1497
1491
1335
1443
1296
1338
1479
1350
1470
1347
1584
1404
1461
1359
1413
1473
1422
1521
1440
1548
1431
1587
1578
1437
1395
1527
1383
1401
1401
1401
1482
1560
1467
1440
1431
1380
1446
1482
1344
1608
1428
1506
1584
1446
1518
1470
1422
1482
1491
1416
1437
1323
1470
1413
1398
1506
1404
1443
1467
1458
1500
1479
1434
1416
1548
1476
1515
1602
1497
1293
1500
1425
1344
1488
1485
1398
1455
1512
1482
1482
1446
1542
1410
1488
1389
1440
1485
1449
1464
1470
1434
1410
1395
1431
1308
1347
1377
1347
1371
1287
1407
1392
1494
1419
1449
1551
1545
1530
1443
1431
1428
1524
1440
1443
1476
1389
1344
1428
1317
1380
1431
1341
1524
1476
1368
1518
1404
1356
