216
279
252
261
294
204
252
222
297
231
258
267
252
177
213
252
237
231
225
291
243
279
234
216
222
222
210
240
243
258
228
279
240
246
216
222
240
261
201
234
261
267
186
252
237
234
225
261
240
225
237
255
246
222
246
222
249
255
216
270
264
237
234
249
213
276
252
261
273
210
231
228
222
222
219
234
240
192
234
246
204
222
255
288
252
273
270
222
222
216
243
222
255
237
225
222
201
207
300
279
261
252
228
204
237
252
219
234
273
231
252
255
195
210
258
264
267
261
246
213
228
222
255
258
207
189
204
291
252
315
279
267
237
267
243
207
228
219
243
240
243
234
276
234
255
234
231
270
249
213
213
237
207
255
252
198
216
252
231
225
204
243
222
222
270
276
219
216
228
279
249
228
279
234
219
252
222
264
291
228
249
258
204
186
189
249
225
198
237
171
237
276
237
252
231
252
273
273
219
180
258
186
285
276
243
201
246
258
222
234
264
261
210
279
216
225
186
243
237
249
210
234
204
264
231
231
270
228
246
228
231
201
282
312
258
264
231
189
267
246
207
255
255
210
207
249
231
252
264
219
294
252
243
270
252
201
291
264
225
237
225
309
243
246
252
264
288
249
291
255
228
267
231
237
243
234
213
261
240
222
210
264
243
219
240
231
234
246
234
234
261
267
210
240
213
285
264
255
252
273
