207
225
219
237
201
210
240
258
267
234
270
270
213
180
201
189
234
234
273
213
282
234
243
249
261
216
243
234
246
249
282
234
246
189
258
201
222
240
252
267
273
273
309
228
207
210
282
213
252
255
234
249
219
237
213
192
183
237
249
294
246
222
258
234
243
210
276
234
201
255
234
249
234
249
303
252
294
222
213
252
246
282
279
255
237
231
321
270
243
219
270
288
240
255
255
255
261
252
276
219
249
255
237
204
249
282
243
210
219
234
228
201
231
234
219
252
231
297
249
234
246
249
249
264
198
228
207
243
261
234
219
282
249
222
234
207
237
231
246
237
285
234
231
288
222
201
222
249
255
252
216
261
231
255
216
243
306
234
237
234
204
240
288
303
213
207
213
249
225
294
165
213
258
210
228
270
231
237
261
213
216
255
249
258
219
246
225
231
195
258
201
243
246
240
234
285
234
225
177
234
216
210
252
210
246
252
240
189
231
234
246
207
228
276
216
243
225
165
234
228
198
234
258
252
207
231
231
243
252
267
228
255
192
297
261
276
246
213
234
237
273
219
219
204
264
204
216
222
252
255
222
270
252
252
231
243
261
261
255
246
270
219
255
216
219
234
309
240
246
258
246
246
267
237
225
249
234
240
243
231
243
234
225
249
255
249
249
270
306
243
237
231
219
252
270
255
213
270
237
246
