267
246
231
228
228
213
237
231
282
207
210
270
234
210
297
246
282
234
261
219
234
210
255
252
273
228
225
237
231
246
279
195
270
231
255
231
195
210
228
234
255
237
219
225
225
279
243
258
189
255
243
249
267
285
171
237
252
213
213
183
219
243
285
234
216
246
213
243
246
228
258
273
210
234
258
213
216
222
270
225
246
210
237
237
216
186
249
270
213
252
228
261
270
228
195
216
291
222
234
270
258
240
231
225
285
240
246
231
267
213
282
213
213
246
258
252
222
210
264
231
234
228
237
249
210
294
189
210
228
261
216
255
309
288
237
291
231
237
207
261
246
255
240
213
243
279
231
273
255
246
228
252
249
207
261
267
222
285
258
228
219
225
219
201
225
240
237
240
261
231
249
249
246
261
225
249
237
261
231
237
198
249
300
225
216
207
213
219
225
216
243
252
252
258
225
243
210
243
225
234
261
258
222
216
312
237
240
198
213
222
249
201
228
273
210
219
276
231
201
249
234
186
222
219
288
222
234
264
243
267
270
213
225
249
246
273
270
258
240
216
249
264
264
276
249
273
234
258
267
291
261
216
264
261
282
270
207
276
252
234
255
237
219
180
258
234
201
210
267
219
231
222
219
264
213
243
240
234
234
219
276
234
237
264
228
216
258
213
219
222
210
210
231
237
210
249
204
246
270
246
