249
237
195
210
237
264
234
228
213
240
300
279
252
243
216
198
288
276
222
255
216
246
276
261
225
225
261
222
216
243
204
201
210
243
255
216
273
213
219
255
222
270
192
240
255
219
225
252
246
282
195
228
255
198
267
237
273
186
270
207
216
198
249
273
240
267
201
231
237
240
243
252
225
240
222
228
258
288
231
255
267
252
234
219
234
264
219
210
246
267
192
249
234
231
264
225
255
258
285
273
222
276
222
231
237
243
201
252
255
255
303
219
258
246
228
225
261
222
258
279
258
228
243
240
222
219
198
210
240
276
270
258
261
231
270
222
228
198
261
294
228
234
273
240
189
264
222
216
228
198
234
285
264
240
231
261
225
201
258
243
273
177
231
231
213
228
201
207
213
231
270
300
252
195
210
243
234
222
249
219
243
219
213
228
231
192
261
204
258
228
243
273
228
243
213
246
204
249
210
264
234
261
222
231
189
276
273
237
240
210
255
267
282
213
222
246
177
252
243
264
231
207
261
297
288
243
234
228
282
210
243
213
222
225
243
276
243
267
183
234
216
237
219
246
243
231
225
207
201
231
231
180
270
234
282
264
273
243
270
264
261
234
240
282
252
255
207
231
225
237
213
243
285
231
237
234
264
258
195
246
246
240
246
237
198
216
291
237
225
264
255
267
192
222
228
294
225
237
204
216
