243
255
231
297
261
297
204
267
249
264
219
231
261
237
261
243
231
237
264
231
225
234
261
255
186
216
246
219
225
252
237
180
273
243
195
258
231
201
276
216
243
282
264
171
201
270
252
243
282
216
249
174
240
264
237
243
249
249
261
249
243
255
243
234
255
219
249
246
234
246
225
249
288
282
201
258
291
252
216
183
222
249
231
252
225
207
276
264
255
228
267
222
285
231
237
255
243
294
261
243
270
246
222
237
237
228
180
219
294
267
288
246
273
207
219
216
264
306
249
234
222
231
192
240
294
240
258
249
276
246
222
243
240
237
246
237
246
225
255
270
255
228
243
213
240
228
201
234
231
279
246
243
246
261
210
273
237
237
198
246
246
222
225
255
210
210
270
267
189
270
222
243
249
294
258
234
300
249
243
279
174
255
222
270
207
255
237
216
231
300
201
273
255
237
216
234
267
252
237
219
288
204
243
186
237
243
216
237
264
204
240
246
258
240
231
315
240
273
255
225
204
255
234
231
261
222
261
258
252
186
237
231
201
249
282
225
273
177
249
234
249
264
252
258
231
249
225
225
228
261
270
237
225
243
228
237
213
228
228
228
255
234
225
213
237
249
261
267
231
225
255
216
261
246
261
237
243
249
192
276
216
249
204
252
255
255
207
276
228
240
180
234
246
222
240
246
240
171
228
228
