264
237
231
285
276
234
222
219
273
246
222
273
243
252
249
252
258
210
222
219
261
231
222
255
261
237
243
267
246
246
216
261
222
228
228
225
222
198
249
309
297
270
216
222
216
243
264
210
222
219
210
228
207
288
219
207
222
252
255
213
246
234
240
192
240
219
285
228
237
234
270
282
243
189
237
270
261
255
222
243
201
195
243
273
234
186
225
204
234
225
225
264
216
261
228
207
255
270
213
258
288
195
225
249
303
219
273
276
216
258
213
225
222
240
270
273
267
192
228
210
210
210
285
225
234
216
267
210
252
261
252
264
303
243
288
249
237
237
264
237
297
252
168
228
249
252
186
204
234
270
228
273
207
192
210
285
237
246
243
234
261
273
273
240
276
279
213
216
252
270
186
237
231
243
216
198
261
222
213
243
237
237
264
225
225
237
219
267
300
207
240
231
258
198
300
258
267
249
222
246
240
234
285
222
225
252
261
264
252
303
213
225
255
273
270
195
243
222
216
231
240
246
252
279
195
279
264
228
222
240
204
264
225
315
267
258
279
300
243
231
216
222
267
174
225
249
231
222
237
261
255
249
243
240
219
237
255
252
249
261
183
201
270
216
231
258
243
231
234
234
222
255
204
231
231
234
249
231
213
189
261
234
234
234
252
240
240
213
237
246
213
243
270
294
255
282
267
249
279
252
