216
201
210
267
192
237
258
231
204
243
228
222
210
219
270
264
252
234
210
276
243
276
255
297
243
237
222
246
258
258
228
255
246
195
234
288
234
282
273
219
264
198
243
210
219
246
252
249
228
234
228
246
249
249
234
216
219
213
207
258
240
252
204
204
228
222
240
252
255
216
195
228
228
249
261
237
219
246
213
258
261
249
234
237
213
228
246
246
189
213
270
177
210
255
252
243
288
195
240
225
228
210
216
261
249
225
243
225
189
276
165
219
273
309
195
279
234
228
255
285
231
234
252
243
243
228
216
282
249
282
231
273
249
273
270
234
255
258
255
228
198
240
225
255
180
276
210
219
267
240
198
264
228
219
246
237
258
234
270
237
240
207
237
243
210
234
270
270
234
246
222
246
246
216
291
264
243
255
234
228
240
201
261
231
264
228
240
234
243
204
264
240
252
258
225
234
252
228
210
273
225
243
276
201
225
240
246
243
222
267
216
243
240
255
198
234
264
231
237
240
222
189
246
207
312
240
291
207
261
231
240
204
252
234
246
255
234
285
255
228
285
249
222
243
222
255
252
273
273
240
186
219
273
204
258
207
189
264
255
225
267
225
219
258
171
231
204
273
222
219
222
222
264
237
249
234
252
225
219
264
177
276
237
228
249
279
210
180
240
252
285
252
234
258
201
279
216
231
192
237
