252
240
285
225
270
228
204
267
252
198
270
270
255
261
222
270
285
249
204
222
255
219
240
216
231
213
255
204
210
252
267
186
264
246
288
234
258
234
207
222
207
255
243
231
189
255
195
252
225
207
267
273
249
240
216
219
246
210
219
204
228
231
258
261
258
273
225
246
237
219
225
237
222
231
222
234
261
258
195
273
213
261
267
282
237
243
249
222
246
249
243
213
243
234
207
258
261
210
243
207
213
294
297
285
264
204
219
243
201
267
207
258
279
219
270
222
258
237
261
249
225
222
216
240
222
297
237
234
213
249
306
282
204
225
261
255
258
294
249
279
237
252
225
210
234
222
207
228
264
234
189
204
213
231
249
270
219
261
225
264
267
243
180
228
279
252
297
210
234
249
288
222
189
261
246
225
258
240
237
267
204
210
210
231
249
231
264
249
228
291
168
273
207
207
246
252
216
216
258
231
225
228
264
198
264
201
198
240
270
249
243
249
216
258
210
279
249
288
237
222
291
288
240
300
273
204
225
279
231
189
204
255
198
210
207
192
261
243
210
225
252
231
234
204
264
210
252
246
210
204
297
300
225
246
231
231
195
255
273
273
252
201
210
240
228
258
225
210
204
216
228
261
255
258
198
225
243
210
231
297
234
219
264
246
258
213
249
204
270
240
255
255
219
258
240
228
252
252
216
204
