237
222
267
204
288
240
234
228
222
216
234
234
258
270
252
234
222
246
273
225
210
234
243
228
201
231
276
261
216
231
210
246
198
240
210
204
237
231
225
270
282
234
255
201
180
228
186
228
228
234
204
267
249
231
165
243
213
267
237
243
249
201
225
252
252
288
246
252
252
258
243
249
252
243
246
201
210
273
267
264
231
225
237
267
225
270
276
237
249
222
231
213
207
306
222
255
201
219
246
273
300
273
228
237
246
261
234
207
228
240
231
240
216
243
186
252
240
273
207
186
234
279
249
258
255
246
252
219
207
198
255
273
225
267
231
237
237
282
282
249
258
237
231
225
255
225
291
276
228
231
201
234
237
207
228
258
282
228
228
207
285
216
249
201
249
231
240
228
267
213
225
228
264
249
213
270
297
189
204
231
279
231
252
249
231
249
207
270
258
204
258
213
216
252
231
264
303
240
243
219
249
225
261
219
168
219
270
180
297
189
234
201
243
246
198
237
213
264
228
213
279
252
240
249
222
201
231
249
270
180
231
264
207
240
258
219
297
252
240
258
243
273
231
261
234
237
264
210
288
258
267
252
228
288
216
237
234
240
237
276
237
249
258
225
243
258
255
234
240
192
222
225
192
240
222
213
216
246
255
306
282
189
225
216
219
255
249
207
228
222
207
237
255
234
279
258
318
243
219
201
