267
243
222
213
180
228
216
267
231
309
213
240
237
255
210
231
216
249
216
207
240
228
291
264
231
234
267
222
201
288
195
243
216
267
204
246
288
243
216
261
270
231
291
252
255
225
246
243
213
198
222
231
243
228
222
228
237
258
219
207
321
258
264
213
240
261
294
216
270
294
222
261
243
231
267
222
276
204
249
237
255
222
240
243
258
210
240
237
243
231
279
264
219
237
222
243
258
210
219
279
246
201
327
204
231
234
252
249
252
252
285
219
225
210
243
243
213
231
237
198
207
210
249
249
210
237
231
204
219
198
237
285
237
267
240
249
252
270
231
216
231
231
207
297
234
234
264
288
279
237
255
204
249
195
246
216
252
279
210
243
228
240
231
276
279
246
252
264
234
237
270
279
231
267
228
219
243
234
240
294
225
204
201
255
276
219
231
192
231
285
240
267
255
222
219
333
279
246
270
249
195
243
264
243
261
210
255
255
237
264
231
249
270
261
198
264
252
237
210
237
213
246
249
261
216
210
225
234
249
231
252
219
225
222
273
216
267
240
279
243
237
264
243
216
255
216
222
240
231
222
231
249
279
267
225
246
213
246
279
219
273
225
249
279
237
222
231
240
261
276
213
231
222
231
222
195
279
255
243
237
264
285
231
213
246
255
240
237
222
267
267
189
234
213
249
243
258
198
216
264
