255
219
174
279
282
228
237
222
252
225
243
252
249
249
276
306
234
261
255
267
249
258
207
225
246
198
285
270
204
234
240
237
234
258
264
276
285
255
240
237
237
246
267
231
249
234
222
216
225
246
285
237
264
231
213
222
246
231
222
231
267
222
258
213
306
264
279
204
192
252
237
255
231
237
216
261
192
210
237
282
246
225
255
222
243
210
249
216
270
273
228
237
264
171
240
252
276
264
216
222
309
255
252
267
261
213
249
261
306
228
201
228
273
207
234
228
252
237
204
204
183
228
210
207
201
282
237
231
252
279
219
252
210
210
219
234
210
246
204
264
243
237
258
228
222
267
249
243
231
237
204
237
258
273
258
288
231
234
228
207
255
219
240
219
267
222
237
228
258
267
216
270
207
264
258
180
237
198
204
222
216
243
231
282
258
273
243
216
258
210
210
279
309
252
228
249
231
210
258
258
192
249
252
225
249
231
246
225
237
201
219
255
300
255
267
210
252
237
213
264
264
255
234
249
252
255
246
195
264
246
258
267
165
282
210
231
225
213
213
192
285
276
249
231
225
255
270
243
270
228
195
192
228
237
288
228
243
258
195
201
246
222
198
237
264
222
231
258
213
192
264
213
243
261
213
252
246
204
243
252
282
252
306
279
255
174
252
240
219
264
246
261
234
234
261
324
243
270
234
237
