273
264
204
213
279
219
216
219
216
252
276
255
282
210
252
249
240
258
240
270
195
264
261
225
207
240
228
300
225
243
255
228
228
270
252
204
255
267
240
258
201
228
258
195
228
261
258
276
222
237
216
297
252
213
261
234
252
249
219
249
249
225
249
210
261
225
246
240
252
219
195
276
192
255
210
294
276
261
246
273
243
225
216
207
192
228
279
231
201
180
249
225
258
246
219
249
207
279
240
279
270
186
249
234
255
192
204
204
249
237
237
276
204
246
264
309
264
204
219
237
258
177
219
246
198
267
207
270
252
261
267
213
246
264
243
219
276
261
267
219
183
261
306
243
231
210
279
231
210
195
219
249
246
210
243
234
279
192
264
300
168
228
255
213
219
234
213
264
216
303
240
267
219
234
255
243
213
234
213
219
240
234
246
249
258
171
201
231
195
303
225
291
255
231
210
207
249
267
243
231
270
249
216
273
225
204
273
234
252
273
255
210
255
291
267
309
285
255
297
231
216
270
231
219
270
231
255
297
240
234
279
237
213
243
156
195
237
240
201
183
222
237
252
231
225
282
222
282
207
240
234
243
276
216
270
315
261
285
219
180
240
267
231
258
246
219
210
225
264
189
252
252
270
222
240
243
219
252
246
234
267
267
267
216
294
273
264
213
306
297
246
240
252
258
192
279
285
258
210
219
