243
258
294
240
231
219
246
315
222
201
231
249
237
258
204
267
210
204
246
258
255
282
255
234
210
228
234
246
252
228
213
246
234
243
243
249
231
288
222
249
216
219
255
213
255
261
234
225
309
219
237
216
201
225
246
246
240
279
228
249
231
246
207
279
228
237
249
201
243
279
240
237
237
258
231
213
237
228
258
213
240
231
240
168
264
276
243
240
231
243
282
258
183
270
279
252
207
240
291
234
228
225
267
243
267
216
228
246
249
210
204
228
252
225
237
264
213
192
180
234
204
249
252
219
222
222
162
195
234
270
258
264
234
237
219
210
243
228
234
306
264
237
219
291
240
276
207
234
267
237
297
231
267
231
246
240
219
213
234
237
183
261
201
240
216
264
240
201
228
246
222
198
213
294
222
219
243
240
237
240
252
252
273
219
240
255
261
258
219
240
219
216
201
249
240
240
288
270
207
231
201
192
291
237
234
267
270
258
234
255
246
222
243
261
249
240
273
222
243
234
234
237
189
264
243
243
255
288
291
231
267
216
189
213
309
222
186
243
231
258
252
234
237
225
234
234
177
243
243
252
192
252
246
231
279
249
267
210
261
264
246
201
207
198
222
213
237
219
240
234
237
261
252
228
201
255
234
219
279
204
192
216
216
243
213
273
231
255
252
264
183
183
255
225
240
237
255
231
255
261
