237
225
258
225
243
279
252
243
255
234
264
192
234
177
228
297
249
240
222
237
237
222
243
249
225
312
240
219
198
270
255
219
228
216
258
216
291
258
243
228
234
306
231
228
216
228
198
231
213
243
231
240
270
249
219
228
282
237
240
225
198
285
228
213
264
243
249
201
252
255
237
288
261
264
210
252
249
231
282
204
252
237
276
225
243
234
243
222
237
246
264
216
261
291
210
246
264
210
195
258
255
210
222
219
225
243
210
228
198
243
216
231
252
210
237
273
216
228
231
246
222
195
249
303
237
213
267
231
261
213
174
222
255
279
231
228
240
231
261
261
246
285
234
249
255
237
270
261
249
252
225
228
243
234
201
219
231
249
234
252
237
234
282
222
240
192
213
234
231
249
207
225
201
222
243
225
240
237
192
282
192
291
276
213
231
231
297
249
201
204
246
279
309
249
276
258
237
219
213
225
234
186
183
186
267
285
267
294
279
237
198
207
222
216
234
288
264
222
237
207
246
225
246
240
234
225
270
258
204
183
240
261
237
180
177
228
249
264
195
249
237
273
243
261
210
261
279
186
270
222
267
264
276
243
240
273
234
195
243
273
279
216
240
213
258
306
213
258
219
228
237
294
285
183
225
240
222
210
219
201
213
240
252
240
273
288
255
264
246
222
246
291
204
189
240
207
222
252
255
213
