225
213
234
243
282
318
252
264
234
243
222
258
207
282
222
267
252
249
225
222
213
249
252
249
237
228
183
282
225
255
216
276
252
270
207
294
237
222
207
186
219
231
246
189
249
222
231
264
243
270
249
261
246
258
255
207
219
237
213
237
303
225
219
213
246
258
198
243
240
264
201
207
249
222
249
207
177
261
222
255
240
267
240
198
225
258
231
249
237
222
276
270
255
282
252
231
240
249
237
258
219
252
219
228
228
222
258
246
216
228
195
165
243
261
246
240
219
222
243
234
231
255
216
213
252
228
231
183
270
249
276
258
279
252
276
234
189
222
240
216
234
270
201
225
252
234
237
255
267
246
288
246
249
267
243
243
210
255
255
243
231
273
225
255
297
237
225
246
243
273
219
246
213
228
255
276
216
264
282
261
282
252
225
249
216
342
258
219
231
219
264
222
270
258
252
249
255
252
258
285
207
267
195
192
279
228
282
231
186
282
237
279
219
204
252
204
249
228
297
228
276
273
213
204
231
282
228
225
228
234
225
246
219
252
255
246
237
270
276
243
237
246
231
213
276
249
240
234
198
264
249
198
198
231
270
252
240
237
234
303
267
204
195
222
228
246
225
225
258
246
228
261
228
228
294
240
231
219
228
270
285
264
267
246
237
216
219
222
255
228
207
219
231
258
204
270
246
240
240
288
