228
189
243
210
249
252
207
255
216
282
258
216
204
276
222
234
267
264
258
264
264
240
294
225
216
228
252
261
255
216
216
252
249
240
255
237
225
204
252
228
261
258
177
234
231
198
225
216
210
246
213
234
222
228
210
279
192
192
231
252
255
240
261
243
219
219
249
231
264
249
222
246
195
222
279
300
270
237
204
264
195
258
207
222
213
222
225
207
246
171
231
279
228
222
246
258
258
294
228
192
225
252
222
222
210
243
288
255
237
243
225
237
258
261
258
243
249
219
273
252
234
240
273
246
234
192
249
201
225
225
285
228
231
231
297
243
222
243
270
240
207
219
288
258
258
252
216
285
267
228
267
216
237
231
267
234
258
255
216
246
234
186
216
282
228
225
240
252
222
258
282
243
264
258
246
252
243
207
222
228
249
195
231
258
201
258
177
261
237
246
225
258
228
216
219
249
255
198
207
267
291
255
231
207
258
198
222
234
249
192
249
249
225
255
219
243
231
219
237
228
237
246
261
273
255
222
249
234
267
273
240
243
183
225
228
222
219
258
231
237
237
207
198
228
276
264
198
252
222
195
234
255
231
201
231
237
273
342
195
171
216
240
228
267
249
258
255
219
243
225
282
264
258
237
237
228
258
246
201
264
210
246
228
243
225
240
210
231
219
216
201
270
228
222
207
243
201
249
273
222
