1398
1452
1374
1356
1428
1305
1497
1515
1557
1416
1488
1470
1530
1536
1410
1365
1443
1368
1467
1374
1467
1446
1494
1515
1341
1383
1443
1368
1461
1506
1548
1527
1482
1503
1371
1428
1476
1587
1407
1452
1440
1452
1443
1431
1452
1332
1461
1563
1431
1452
1542
1497
1371
1512
1356
1539
1506
1347
1428
1482
1443
1314
1494
1362
1416
1497
1377
1401
1482
1488
1383
1383
1449
1434
1545
1416
1377
1296
1416
1512
1431
1512
1482
1371
1512
1473
1401
1476
1377
1443
1341
1449
1518
1416
1458
1488
1422
1392
1452
1467
1455
1362
1419
1512
1482
1503
1485
1419
1503
1500
1398
1473
1410
1317
1551
1497
1503
1518
1485
1413
1374
1518
1512
1488
1401
1461
1353
1476
1443
1503
1386
1500
1395
1413
1407
1449
1347
1614
1434
1497
1428
1569
1449
1452
1446
1503
1338
1422
1506
1470
1467
1413
1455
1428
1446
1512
1485
1425
1437
1530
1494
1488
1506
1464
1374
1362
1605
1449
1524
1437
1467
1422
1464
1449
1560
1374
1512
1446
1446
1359
1449
1416
1455
1455
1431
1521
1443
1425
1425
1521
1500
1314
1521
1407
1461
1527
1488
1428
1395
1341
1545
1491
1470
1443
1431
1401
1347
1425
1497
1395
1485
1500
1449
1329
1419
1410
1497
1506
1440
1467
1359
1503
1440
1524
1536
1347
1410
1440
1467
1341
1350
1434
1317
1455
1416
1446
1494
1488
1359
1434
1428
1368
1434
1407
1461
1398
1365
1422
1305
1425
1491
1506
1437
1452
1392
1449
1458
1452
1623
1521
1470
1473
1467
1362
1452
1488
1425
1422
1425
1419
1470
1332
1440
1320
1368
1551
1566
1455
1350
1416
1407
1461
1497
1410
1446
1335
1428
1623
1416
1533
1476
1440
1470
1416
1416
1524
1401
1431
1374
1467
