267
228
252
234
261
198
228
240
210
222
207
261
234
177
216
210
255
192
282
186
243
198
243
228
219
237
249
246
261
249
264
288
207
222
219
315
180
204
258
243
228
255
198
234
246
291
237
222
237
246
225
225
240
237
228
228
261
264
195
231
255
237
300
294
270
249
210
201
234
201
234
237
243
234
264
261
228
246
246
282
216
237
177
234
249
204
255
267
249
210
255
222
258
240
288
234
252
210
204
207
225
267
234
213
252
198
228
165
231
264
240
255
225
228
240
267
246
261
255
237
270
228
237
228
246
222
222
240
237
264
246
207
237
249
231
219
231
204
213
273
273
222
240
210
237
246
222
249
243
279
234
261
225
261
264
249
249
270
246
228
267
270
237
279
270
255
294
285
231
255
255
282
201
255
240
177
240
246
207
249
249
270
180
240
222
213
219
189
225
291
237
192
231
219
234
207
213
258
240
174
261
246
282
258
180
243
258
255
240
234
225
255
231
249
240
291
240
243
237
243
210
204
237
279
249
237
258
267
258
192
237
240
261
225
216
228
180
264
312
222
285
303
225
249
231
273
198
234
180
273
264
264
237
249
249
228
189
210
222
243
252
201
240
210
243
228
258
249
219
216
264
303
243
201
255
255
252
264
237
261
273
243
282
201
264
255
273
249
189
240
249
261
225
258
204
216
189
237
267
225
