246
273
258
243
216
234
270
237
243
273
252
276
276
270
180
264
237
255
273
225
219
225
255
222
255
249
228
225
240
174
264
237
228
246
201
264
213
258
273
228
270
249
261
237
219
225
219
234
279
237
264
246
267
207
213
210
270
225
213
258
243
225
288
240
213
252
231
225
240
240
279
252
276
261
216
267
267
195
225
243
231
264
276
267
228
261
252
240
234
276
234
225
258
228
279
252
228
228
228
234
273
279
276
249
249
243
270
240
249
261
237
231
240
222
264
237
258
273
234
225
252
183
258
192
195
228
228
234
231
240
222
228
243
267
276
243
264
342
243
204
267
261
243
252
231
243
237
276
291
252
261
261
228
261
261
213
270
237
228
240
210
246
270
240
258
216
210
231
246
240
225
231
276
219
219
207
219
192
240
222
258
219
180
240
234
237
225
231
246
228
264
228
252
216
273
252
228
174
237
204
294
177
231
201
201
249
261
210
252
237
231
279
189
249
240
264
252
225
234
228
219
249
234
204
189
279
249
243
192
267
276
243
231
213
255
225
261
222
243
255
192
231
237
219
273
192
249
219
210
258
237
267
228
210
240
216
294
324
297
228
243
234
210
219
222
258
192
270
219
219
234
234
240
252
237
240
273
240
237
246
234
270
264
276
252
288
267
243
261
216
174
240
201
231
216
270
216
228
219
228
