213
258
240
261
189
237
252
261
207
273
234
225
255
252
252
264
246
237
183
240
264
210
219
273
288
189
300
198
255
210
222
210
222
270
264
276
231
273
225
222
264
261
243
255
234
240
216
216
213
273
228
258
195
246
225
216
300
216
288
219
234
231
261
240
189
219
297
285
240
240
267
219
303
255
225
252
252
228
270
207
249
300
243
255
249
282
195
231
249
210
231
252
300
267
240
255
258
219
267
240
222
231
198
201
231
249
225
258
243
243
237
210
246
225
276
210
225
219
252
234
216
252
222
267
225
264
249
231
234
279
195
252
267
246
282
240
249
255
255
216
273
252
213
219
225
279
261
234
207
204
222
234
252
231
222
243
219
216
261
249
264
249
255
192
204
243
222
249
252
234
213
228
270
216
219
252
204
222
222
276
240
231
249
273
237
273
231
204
189
255
249
240
318
240
237
243
267
255
276
222
225
231
207
231
210
270
258
216
240
261
261
249
210
213
228
243
243
246
246
270
222
255
246
279
243
258
225
255
270
189
252
165
246
267
261
183
249
231
255
204
243
294
216
252
210
237
249
222
264
270
222
273
195
231
240
255
234
264
252
189
279
246
258
240
231
192
264
201
249
240
264
246
219
249
273
249
240
234
246
261
213
204
243
255
234
219
246
237
273
210
255
258
234
264
231
189
270
255
231
258
