219
216
267
237
264
228
249
243
201
267
279
195
216
243
267
225
222
246
234
198
240
231
261
240
270
306
246
261
288
183
249
258
285
249
264
204
216
291
255
240
246
252
216
249
225
258
204
270
240
276
210
267
189
225
267
270
246
225
219
204
222
246
234
246
225
267
249
204
222
219
243
228
234
240
237
237
291
258
228
270
237
228
198
255
258
198
213
204
255
243
210
273
258
306
255
264
243
255
324
240
225
288
306
222
264
243
210
210
234
243
255
246
231
240
261
252
261
216
189
240
249
219
207
219
231
249
273
201
240
246
201
240
201
210
228
222
276
222
282
240
240
237
261
258
243
282
243
222
246
195
327
267
207
240
276
177
201
246
243
261
288
249
216
225
249
279
267
279
213
246
228
243
273
288
225
222
210
249
267
201
246
216
219
267
228
219
273
246
237
207
240
207
234
237
213
195
243
234
270
201
228
342
180
237
246
228
216
225
246
246
237
222
234
231
261
282
258
258
258
207
201
222
243
240
216
267
225
258
210
312
210
207
243
219
270
234
180
246
219
267
222
252
252
210
249
246
300
222
249
210
282
249
258
237
219
207
267
243
237
234
288
276
228
264
231
240
231
249
234
213
222
204
243
213
234
195
270
273
243
246
252
246
258
186
222
237
216
234
237
231
216
252
273
228
225
243
210
276
258
258
