252
222
225
231
234
270
198
240
210
213
270
252
255
240
264
267
264
243
237
228
252
288
252
249
267
222
222
267
258
237
273
237
252
258
243
258
198
255
207
249
204
252
267
300
243
222
216
234
255
255
255
231
210
192
204
255
201
177
237
201
231
246
288
249
252
189
225
198
255
207
234
225
210
273
234
234
189
249
261
222
291
258
246
264
270
246
228
201
231
339
228
231
267
243
204
240
228
195
243
213
195
240
231
228
189
276
225
258
246
237
267
192
210
237
228
195
228
252
279
279
204
225
285
285
240
267
258
252
264
249
228
198
267
261
240
282
249
243
240
249
237
222
282
270
207
213
258
240
237
270
285
252
225
165
225
273
258
282
249
267
267
234
225
243
252
228
237
243
168
291
255
225
267
225
288
231
198
261
180
216
216
267
219
243
243
219
267
258
201
285
246
228
276
219
270
255
261
210
219
264
237
264
249
225
210
240
234
264
231
294
228
213
231
273
273
249
213
279
252
234
201
231
219
303
222
183
285
285
249
264
225
252
216
216
219
291
174
237
201
234
222
240
249
267
204
234
234
264
261
225
240
255
246
234
270
231
195
222
228
252
171
249
222
249
219
237
243
267
225
264
234
213
231
255
279
237
258
219
261
240
222
258
210
237
297
246
249
246
285
207
261
258
216
240
225
255
255
198
246
270
