228
216
237
246
267
276
255
252
234
195
258
252
234
228
228
180
261
219
273
228
213
213
267
267
240
258
264
243
192
261
258
189
219
267
249
252
228
225
252
327
225
192
237
228
252
246
225
228
240
276
234
255
285
204
222
276
267
270
252
228
183
207
234
246
249
258
255
243
192
258
264
234
240
237
219
243
258
225
258
249
261
189
225
234
225
237
237
210
261
219
219
210
255
210
237
237
276
297
207
279
228
213
246
270
285
255
303
261
252
249
240
198
198
285
234
237
261
246
213
234
216
234
255
237
255
201
189
255
252
222
258
219
231
258
297
207
255
210
216
180
285
264
240
219
222
282
231
249
267
231
225
246
207
252
255
258
255
225
288
237
216
273
243
258
201
216
246
264
222
258
246
264
240
237
222
264
243
270
234
249
216
201
219
234
219
240
255
228
273
267
228
270
273
252
276
294
276
228
246
189
297
195
231
189
243
303
270
285
255
252
243
237
246
249
252
306
243
291
231
201
264
276
255
246
213
246
204
243
204
243
246
246
201
249
219
246
213
195
213
228
240
240
237
246
249
225
219
234
207
225
246
267
237
258
270
273
270
210
252
246
240
195
264
303
198
246
279
219
252
315
225
261
273
282
204
246
261
198
333
222
261
246
222
183
264
258
249
279
246
228
252
270
219
216
276
228
213
246
246
234
