210
231
201
213
231
252
279
192
234
240
279
246
291
264
219
243
252
201
219
249
282
219
192
249
276
249
294
249
222
246
237
246
201
270
213
234
258
267
252
252
252
243
189
246
243
231
270
201
258
291
210
237
255
279
210
243
246
303
246
204
222
270
306
213
243
231
228
225
219
243
174
252
252
234
246
273
219
222
231
261
222
222
240
249
258
282
267
246
252
249
249
273
297
246
279
282
201
231
201
222
243
222
261
252
231
246
210
249
252
288
219
243
249
258
204
213
246
240
252
231
207
243
249
273
267
222
255
267
225
234
267
231
231
231
231
267
291
246
258
246
231
291
189
228
270
243
213
249
258
294
231
279
213
201
207
225
207
243
234
243
198
198
225
195
279
231
228
273
186
225
237
168
237
240
267
240
258
249
234
213
234
252
252
231
246
318
216
234
222
249
216
252
252
240
237
249
258
204
267
237
195
246
243
213
240
276
213
237
261
234
258
219
264
243
261
255
237
183
261
267
228
213
216
222
267
210
246
255
282
285
228
270
210
210
264
276
264
258
237
282
315
291
240
261
261
321
219
261
219
228
207
228
228
258
183
249
228
225
258
207
204
228
249
225
234
276
192
240
210
240
234
192
210
249
255
267
252
240
255
297
189
228
210
243
216
300
207
219
237
252
219
219
300
264
201
243
210
252
240
231
