243
255
270
207
201
213
249
264
327
249
243
240
216
288
246
228
228
240
216
231
222
228
219
243
258
264
246
216
204
306
240
219
249
210
264
234
264
255
228
228
201
207
216
189
255
207
267
240
237
207
252
216
207
267
303
288
216
270
255
231
249
255
252
276
261
252
285
237
255
213
264
225
273
258
264
261
273
246
237
297
231
249
234
228
258
237
243
234
231
267
246
234
240
249
237
255
231
303
264
219
192
276
237
240
219
273
228
207
237
240
240
222
249
243
216
312
255
177
228
225
234
258
279
270
270
279
195
204
288
234
252
195
282
240
228
240
210
252
294
216
267
231
225
246
219
237
210
216
246
237
297
276
231
252
225
234
234
240
231
192
285
213
237
246
276
225
231
198
249
237
207
237
252
246
267
228
294
261
285
228
237
249
255
273
258
282
282
216
243
276
225
285
195
261
228
192
279
207
243
318
288
231
192
225
207
240
222
195
279
219
258
228
222
228
204
207
237
252
249
210
201
243
270
267
270
246
219
219
240
264
258
201
201
294
264
255
207
228
291
240
213
267
240
297
231
261
237
246
216
234
207
195
252
216
240
228
186
291
240
264
240
147
273
282
246
270
225
189
261
210
216
243
231
273
225
204
249
258
261
252
279
225
249
249
234
195
237
237
249
228
240
297
198
243
252
204
249
231
270
222
