276
243
243
171
240
240
207
213
291
255
234
219
258
270
231
234
294
213
210
279
261
207
279
264
249
237
321
264
267
219
261
261
240
243
246
225
264
249
225
276
228
258
237
225
219
225
255
195
237
255
231
240
225
231
225
261
231
258
216
252
222
312
252
273
234
264
210
222
201
234
243
273
207
210
264
216
228
246
240
237
243
270
231
228
246
186
237
213
249
222
249
183
243
255
249
273
240
216
201
237
192
255
228
246
237
252
258
198
285
243
225
228
240
204
255
228
261
222
255
246
189
246
252
231
207
258
240
240
300
288
231
267
213
273
246
273
249
252
273
255
222
279
222
255
270
222
246
216
219
255
216
222
207
249
252
231
231
285
231
201
213
261
252
240
225
285
243
210
249
225
195
261
234
258
216
219
198
231
237
231
207
264
186
216
228
300
324
177
273
252
222
267
183
201
231
240
231
207
231
258
249
225
252
297
237
270
198
231
231
237
252
192
237
231
195
234
279
246
228
261
195
237
234
255
216
240
255
222
273
267
228
249
219
264
222
255
222
255
246
243
219
186
297
249
249
264
222
234
231
219
249
219
252
267
246
234
297
234
258
213
213
246
222
288
228
246
231
213
219
261
243
183
219
225
249
255
243
243
189
234
219
219
234
234
222
237
228
219
270
261
210
207
231
243
279
222
231
276
201
288
