258
249
216
237
225
237
240
237
222
255
261
240
258
249
228
249
222
243
234
207
285
204
219
249
279
225
249
198
240
246
252
228
246
240
234
243
246
213
228
264
258
222
198
192
282
198
228
219
330
264
231
246
231
228
255
237
252
273
249
246
234
216
276
246
246
228
252
216
282
243
264
255
222
243
243
276
255
213
273
186
195
222
213
225
240
261
228
201
240
204
222
330
225
267
222
222
216
231
258
207
243
273
264
228
273
267
225
234
252
204
252
261
276
264
243
213
210
252
291
237
204
276
240
279
252
237
228
264
237
252
255
228
225
201
258
270
231
261
261
228
246
279
174
222
252
270
249
231
213
285
231
216
234
198
219
249
237
255
201
234
216
279
204
261
255
264
213
288
234
252
183
306
252
237
276
285
180
285
213
270
297
225
228
240
285
192
261
213
228
252
246
255
264
219
279
234
222
276
246
243
273
240
222
246
255
222
249
291
243
279
240
225
258
246
225
249
252
225
228
291
207
228
156
225
291
207
198
192
267
228
282
249
276
201
219
261
273
267
327
243
252
258
225
249
177
246
249
243
249
291
252
225
264
237
261
246
180
204
261
234
234
198
237
219
261
240
282
255
219
231
267
234
258
288
258
243
231
240
237
219
243
225
231
240
237
282
255
219
210
261
195
261
213
210
234
231
243
255
228
216
