225
219
237
234
234
237
219
255
252
252
240
210
216
285
225
228
267
237
249
183
228
243
204
270
201
207
252
228
186
279
225
243
237
243
252
243
237
219
198
261
216
267
231
246
219
204
249
228
204
222
270
249
225
198
219
204
258
210
258
186
273
267
237
240
273
252
240
189
252
291
231
204
270
276
252
225
216
279
249
243
243
264
192
258
234
228
276
198
228
216
228
252
327
234
246
240
249
180
258
291
246
252
222
231
225
267
240
258
225
231
243
216
204
294
234
198
288
240
240
255
204
264
207
261
291
258
255
240
225
183
228
228
273
228
234
234
240
171
225
204
249
240
231
246
225
243
228
237
276
240
255
288
231
252
255
261
246
240
240
213
237
273
189
291
210
234
255
249
252
264
231
252
201
228
249
213
222
264
264
201
228
231
267
234
267
201
240
192
285
213
216
228
246
171
279
249
246
216
240
246
267
279
231
165
255
237
270
264
300
225
255
252
222
231
225
288
252
237
306
258
213
231
276
249
267
210
228
204
216
216
279
222
204
279
285
222
198
258
270
270
183
225
276
243
267
228
240
222
279
240
201
267
216
231
261
252
237
273
237
252
267
201
216
201
237
228
282
222
213
240
225
192
249
291
177
273
246
204
303
198
255
219
195
273
240
279
258
216
213
234
237
234
234
252
261
258
243
279
207
264
