255
240
267
255
183
276
258
276
246
228
261
219
204
240
270
306
270
225
237
207
225
243
195
276
201
264
261
213
243
237
255
270
267
225
228
228
225
216
255
255
246
228
252
201
231
237
237
249
249
219
282
198
240
255
231
264
222
228
225
255
246
237
234
237
213
234
303
222
198
237
255
228
240
276
234
264
237
258
204
300
252
210
249
210
228
252
237
228
237
228
195
243
252
228
249
243
237
246
198
219
246
213
246
240
252
234
219
228
270
255
219
282
249
270
252
285
252
252
207
225
306
225
213
288
219
240
228
243
243
240
258
249
237
270
228
279
246
234
234
204
246
240
225
297
219
234
246
237
267
276
288
225
252
246
216
249
282
231
249
225
222
273
303
243
261
258
225
231
282
213
273
249
255
231
189
201
237
246
198
291
237
270
240
249
258
219
255
231
225
261
222
243
246
222
270
207
240
213
267
177
228
222
225
177
228
270
231
243
213
264
234
231
225
225
243
213
303
297
255
258
291
276
219
291
219
237
285
261
270
306
195
237
252
252
225
225
252
246
228
228
249
246
273
261
258
219
243
264
213
222
246
270
267
252
264
261
237
219
264
213
225
261
219
246
240
261
192
255
288
219
234
246
258
243
252
237
222
186
207
309
210
261
237
237
264
240
270
216
222
192
237
264
219
264
252
237
225
237
270
276
