291
264
237
261
300
237
198
291
267
252
228
282
222
225
237
213
264
219
294
249
225
165
261
267
282
249
207
210
228
252
264
252
282
213
252
270
222
210
234
258
225
255
231
240
258
282
234
219
219
237
231
204
237
294
204
213
237
237
249
243
264
267
219
219
249
207
273
222
225
225
273
216
246
255
204
222
273
285
204
276
228
231
246
240
237
231
249
201
186
279
231
201
213
243
255
237
231
222
255
240
300
213
246
228
225
252
198
210
180
243
237
261
261
213
204
186
231
240
270
258
291
228
252
264
216
261
234
216
207
261
264
240
222
231
186
255
228
222
261
216
243
228
192
198
276
270
204
183
285
294
255
222
255
264
192
303
261
246
213
252
264
207
231
237
255
240
264
216
237
255
243
222
234
213
288
285
249
288
234
243
276
228
246
177
228
228
258
255
219
273
228
255
240
237
204
219
201
201
228
201
294
234
243
219
231
210
231
225
252
240
240
264
279
237
201
267
213
234
258
261
228
225
249
264
267
243
216
222
261
273
231
237
210
222
201
267
234
189
210
240
231
270
246
204
252
258
207
240
210
228
204
279
225
219
261
294
279
222
222
234
288
255
246
231
228
255
216
192
258
231
225
204
231
267
267
285
231
186
219
240
231
246
183
192
243
282
246
216
204
204
312
222
219
225
243
276
216
213
264
222
