273
237
225
246
243
267
225
243
276
252
213
186
264
243
231
240
267
213
291
270
228
267
195
234
267
231
186
207
243
231
222
231
228
240
210
192
261
252
264
258
264
231
267
300
216
246
240
210
249
198
246
234
237
159
321
285
213
258
282
231
252
213
222
228
300
240
219
228
219
252
252
291
213
261
240
219
243
231
237
231
222
234
183
252
246
216
207
252
222
252
258
231
237
246
231
225
249
285
219
234
270
225
240
249
234
252
219
237
273
219
216
255
222
243
246
207
246
219
195
249
252
258
243
279
231
249
237
207
231
240
261
201
228
246
240
255
258
270
261
285
243
216
213
264
255
219
237
228
258
240
246
261
261
252
252
276
228
264
264
270
234
267
234
210
201
264
261
279
261
231
309
258
306
243
225
285
219
285
249
246
294
261
228
255
213
291
288
204
282
279
270
297
207
240
210
219
213
207
252
246
255
252
228
243
225
234
222
255
219
252
228
243
246
267
228
240
252
252
279
204
228
252
246
222
252
288
216
240
261
240
216
270
228
225
240
225
246
258
243
225
288
249
252
231
285
246
285
192
258
249
246
216
204
228
240
258
246
255
240
225
261
255
249
234
216
237
180
210
258
279
165
264
225
222
249
294
246
240
222
204
234
240
231
261
279
255
213
249
306
270
294
240
201
204
231
219
234
225
240
276
