246
255
234
222
240
219
267
219
240
198
231
228
285
228
279
285
243
207
267
216
267
231
231
252
231
249
213
204
258
225
222
222
228
210
213
261
231
219
201
219
261
207
276
282
228
246
255
243
234
243
237
243
237
234
276
204
246
261
228
255
255
228
234
213
249
246
270
231
306
231
270
222
246
222
213
243
231
231
228
183
276
255
255
222
231
201
234
210
201
228
285
234
240
258
213
231
207
252
240
249
216
261
228
210
183
261
258
213
312
237
237
252
255
285
264
198
261
243
249
210
234
207
240
264
249
288
234
261
255
237
207
285
240
228
255
234
201
249
255
222
261
186
225
240
258
249
216
252
252
273
276
216
288
267
261
261
291
261
249
204
264
225
225
252
216
261
198
237
282
237
270
207
249
243
222
273
237
243
222
192
213
225
246
255
222
231
225
228
255
201
216
279
213
279
231
240
192
216
207
222
228
246
222
207
246
210
243
204
165
237
258
201
186
240
222
228
207
225
240
276
261
264
258
267
231
255
231
231
228
183
252
180
228
222
228
240
270
273
228
255
234
237
264
252
225
234
246
207
258
180
222
231
252
180
237
219
240
201
276
219
240
237
270
300
228
222
249
189
207
246
207
243
204
240
303
219
213
228
222
261
264
279
282
249
231
249
216
234
288
255
261
264
243
273
282
252
255
222
222
249
