246
201
249
246
246
252
240
228
222
270
273
267
267
231
249
237
201
264
222
246
246
237
228
303
216
228
222
252
234
228
183
183
219
267
219
261
234
261
276
225
243
267
237
243
246
219
219
240
306
225
219
198
252
255
201
228
270
279
210
192
285
246
201
246
237
264
237
231
246
189
207
228
213
228
273
276
249
222
270
231
228
207
276
249
264
228
237
264
234
201
252
240
243
267
243
258
216
279
258
231
261
273
195
198
270
231
204
216
213
240
231
237
240
282
216
171
213
243
246
216
249
213
252
237
231
207
249
228
255
165
207
216
219
225
231
213
243
234
249
261
204
246
252
252
219
243
252
204
255
225
234
204
219
225
186
279
264
276
225
282
240
234
276
213
252
273
207
234
192
255
255
273
261
243
255
231
225
297
264
198
270
240
267
252
270
219
213
222
222
267
243
198
225
198
264
213
243
234
273
267
231
240
222
216
231
303
228
198
204
237
252
261
291
264
273
252
204
222
261
279
240
213
192
267
282
234
240
213
258
303
246
264
246
261
237
264
240
249
198
228
222
225
207
258
243
225
252
246
291
213
216
219
246
240
267
237
243
291
276
258
270
234
237
276
282
180
222
216
234
216
303
246
204
201
210
213
231
261
180
285
216
270
261
222
240
264
201
246
240
267
198
246
228
246
213
288
270
207
249
210
