279
264
249
228
258
222
225
234
267
201
201
291
198
276
228
204
264
294
213
252
246
264
189
234
231
252
237
288
204
249
276
285
240
204
216
261
246
252
231
294
234
207
237
252
261
231
219
237
234
213
264
249
258
234
204
273
285
261
231
219
255
252
252
276
282
183
231
195
207
273
249
222
237
234
237
225
180
255
258
222
270
222
165
261
231
273
225
252
237
234
294
222
258
300
210
219
261
216
210
261
213
270
228
225
222
240
294
264
216
267
213
210
312
198
255
183
276
267
216
231
219
195
276
243
201
213
291
204
249
228
285
204
297
228
300
243
216
219
246
258
231
285
192
240
249
231
234
246
246
267
243
237
213
261
234
228
228
225
213
270
228
237
192
246
267
255
273
294
249
252
264
228
237
255
213
276
276
300
216
276
225
240
255
240
255
234
216
213
201
219
276
267
249
240
246
225
207
216
228
213
222
252
222
207
240
255
270
240
240
234
225
243
201
258
249
267
216
231
228
291
243
261
195
252
225
222
237
249
261
243
219
231
249
219
228
273
192
279
273
210
258
216
228
255
252
186
207
291
246
255
240
252
264
204
255
231
198
261
249
240
231
258
210
213
243
240
216
195
258
222
291
228
273
321
258
237
225
231
198
240
198
201
201
255
258
192
282
291
225
234
246
255
210
243
243
198
273
264
285
240
