306
234
255
261
192
213
168
252
192
243
258
192
213
255
273
234
246
246
276
270
246
240
270
249
231
237
219
195
234
249
225
243
222
255
255
228
246
216
228
264
252
258
231
210
261
210
267
210
231
210
270
240
219
186
207
258
273
264
219
261
213
255
258
276
213
231
258
234
261
237
234
243
237
189
249
276
270
243
240
243
240
210
249
243
249
183
213
216
177
249
195
252
255
255
249
225
228
213
246
276
285
285
261
192
249
264
273
231
222
219
246
210
228
237
207
198
237
261
183
270
222
285
234
252
264
240
255
207
183
216
264
267
240
219
255
249
210
237
243
228
261
279
210
216
198
219
243
240
252
240
231
249
210
246
249
189
216
279
234
273
255
252
258
237
240
198
264
237
243
264
195
270
237
252
252
213
276
240
228
273
216
276
210
270
219
255
258
234
219
207
270
210
222
237
261
267
246
282
261
303
207
255
291
285
219
216
240
234
237
243
165
246
219
213
231
255
282
276
270
303
210
252
291
267
258
264
285
231
228
246
222
255
270
201
228
279
237
222
201
255
237
177
255
234
207
264
240
288
249
240
216
270
264
252
294
213
279
291
249
225
252
240
270
249
279
249
246
234
234
237
294
213
219
291
246
270
216
258
252
315
228
192
270
264
285
201
243
219
258
264
267
237
270
252
276
231
276
219
234
210
