225
288
234
204
219
210
246
240
198
234
210
222
234
237
294
285
201
285
243
216
219
273
294
264
216
228
261
255
243
267
228
237
246
261
285
225
234
249
198
222
252
222
240
237
174
252
234
192
213
231
240
222
234
234
270
261
228
255
264
231
225
222
204
210
282
264
258
168
246
261
213
270
213
198
315
288
237
237
297
210
213
255
237
222
204
294
195
228
225
264
246
228
252
216
237
213
222
210
303
240
213
201
258
231
225
276
240
264
267
255
264
228
255
246
186
255
237
261
225
258
234
276
225
225
180
249
225
225
222
246
228
234
255
270
300
243
249
264
219
264
195
231
285
213
219
249
267
243
249
213
213
273
198
234
201
204
198
267
255
237
249
222
297
279
285
201
285
204
273
252
267
282
243
216
255
246
207
246
228
252
249
213
297
216
261
267
261
213
231
255
261
270
267
273
258
273
234
219
282
264
261
210
276
231
264
225
201
234
210
234
249
234
219
258
258
246
246
225
255
195
273
246
243
252
240
240
228
204
225
243
240
234
219
198
252
264
228
279
279
249
210
240
216
237
249
228
228
246
267
216
216
237
231
240
192
279
228
261
231
267
234
225
246
231
213
324
231
237
231
261
246
303
231
273
210
219
300
249
231
294
249
252
234
210
231
276
234
243
237
240
240
237
204
246
225
225
240
216
186
192
