261
255
240
228
270
231
234
234
222
192
273
231
198
198
252
267
252
273
255
225
225
231
252
219
225
231
273
258
270
219
234
201
213
240
246
261
252
219
267
231
222
261
282
294
216
246
252
231
237
261
219
237
231
261
246
210
222
231
189
207
240
261
258
222
219
288
234
216
228
249
231
264
213
258
231
282
246
243
234
264
240
207
246
255
300
303
240
237
267
228
198
195
261
288
213
279
228
216
273
258
240
273
231
288
270
228
219
252
171
243
231
210
246
207
264
216
183
270
267
276
228
327
234
222
225
252
231
258
258
219
237
276
195
210
306
249
243
309
270
282
279
237
219
177
237
246
234
237
255
276
240
261
273
228
216
291
261
183
267
189
195
228
249
231
282
240
246
261
189
225
243
252
219
240
228
267
282
225
309
228
270
264
267
213
240
285
243
219
240
255
228
213
186
231
219
228
210
285
225
240
219
246
252
300
225
243
213
213
237
300
228
225
228
231
267
282
228
204
258
264
261
231
222
195
264
267
237
171
234
273
198
255
222
216
219
264
183
210
228
231
267
294
249
231
219
210
261
240
213
213
261
216
288
204
267
231
216
243
195
204
240
246
267
234
261
222
294
207
249
240
264
237
210
225
276
216
216
279
234
267
228
246
219
219
246
249
255
264
252
237
198
261
231
231
267
201
204
252
243
246
