207
219
237
249
285
249
255
258
264
249
243
207
285
288
219
219
204
213
231
213
270
285
234
243
258
210
252
255
231
279
216
237
252
213
225
237
243
258
261
198
198
237
237
213
237
249
222
258
201
222
249
237
255
237
276
270
243
213
264
204
294
288
294
240
243
216
213
213
171
279
222
225
270
264
258
273
246
279
261
201
231
240
255
237
273
207
252
216
225
216
276
252
231
219
243
252
237
225
246
243
219
264
207
231
216
213
237
258
243
270
276
231
285
219
240
240
180
207
246
204
273
234
267
306
264
264
264
207
258
261
276
255
204
141
255
237
192
249
249
234
234
252
264
213
228
273
237
186
267
312
240
219
222
210
234
243
204
201
222
201
270
234
288
210
303
267
204
228
279
189
189
216
222
249
261
225
204
246
273
210
228
279
225
249
273
249
249
240
255
228
225
237
222
237
222
231
216
237
231
255
252
273
273
201
255
270
249
246
240
255
195
249
255
243
285
246
264
159
186
240
264
273
279
234
246
243
219
231
237
249
207
267
276
213
246
270
276
231
255
237
228
243
261
213
228
279
252
204
273
237
276
261
276
243
252
267
285
216
210
231
249
237
264
246
330
228
246
234
273
207
264
234
240
237
300
225
267
246
225
237
249
273
216
285
276
255
228
252
225
207
273
273
249
222
222
213
216
252
213
258
