237
249
246
282
201
258
195
249
282
207
273
174
225
252
264
270
219
303
234
279
234
228
252
216
291
213
228
186
243
210
195
258
234
240
228
210
249
222
225
261
249
261
246
252
267
234
219
234
246
243
225
270
267
240
207
243
207
222
291
195
279
228
228
282
210
255
249
237
255
246
243
189
222
255
231
252
264
273
252
246
204
258
288
243
240
264
207
213
192
246
189
249
219
228
258
261
270
222
186
246
264
195
270
207
276
297
201
264
279
216
222
225
225
225
216
222
213
237
249
231
255
216
219
225
216
189
291
195
240
180
234
267
207
219
225
225
237
207
237
216
210
276
231
219
279
225
216
231
255
219
255
231
207
249
282
201
219
219
231
258
234
204
285
216
240
231
276
213
222
204
303
231
267
231
216
240
309
249
237
237
204
273
228
264
240
240
276
243
213
225
234
213
249
228
237
279
213
267
270
243
252
249
258
279
222
237
228
246
273
219
267
222
225
264
249
255
207
255
249
204
210
234
243
255
219
210
219
297
279
243
255
237
189
276
228
231
186
273
282
279
234
192
240
261
276
276
225
246
183
204
264
258
255
234
231
252
213
228
285
300
210
222
243
249
225
255
243
213
282
240
201
270
234
249
222
246
243
249
246
222
243
234
225
255
243
258
252
261
249
189
231
252
207
240
222
273
237
267
252
207
