234
186
288
243
246
192
240
252
222
231
210
243
243
222
258
201
228
279
255
237
216
276
273
276
309
249
249
264
249
189
255
207
216
282
240
243
222
225
201
252
237
225
279
225
222
246
216
300
249
249
213
222
249
207
228
207
303
285
240
237
228
237
222
240
252
282
195
210
258
234
240
207
225
234
306
261
240
264
231
258
282
240
213
258
225
243
252
273
216
228
213
219
237
270
261
231
270
261
228
273
276
216
222
300
243
216
228
207
216
303
210
255
264
270
228
204
231
264
240
255
231
210
204
246
276
270
273
276
213
279
249
270
282
276
201
231
252
273
252
276
294
246
216
255
273
219
255
219
255
267
246
243
234
246
270
264
225
249
222
189
243
207
216
258
213
291
216
234
216
210
249
246
219
192
228
231
228
267
258
222
234
231
219
252
213
195
258
234
267
243
240
207
228
246
225
252
249
246
210
258
234
195
243
255
243
288
282
243
234
213
225
195
267
252
222
243
297
228
243
225
189
216
240
216
288
177
213
219
276
240
240
267
207
261
210
204
225
258
237
237
258
228
192
207
255
222
225
282
183
234
240
249
234
237
255
249
285
189
228
222
291
264
249
252
252
252
267
249
243
240
234
240
276
249
177
219
240
261
231
240
210
225
243
258
261
249
237
270
252
225
300
183
294
240
252
273
225
234
267
201
