252
240
204
222
267
318
228
252
279
216
216
216
261
240
246
261
225
282
234
210
171
264
177
219
234
192
219
243
243
300
228
234
255
243
204
255
228
255
261
189
222
324
231
216
243
270
264
291
222
231
231
243
240
243
204
225
246
255
243
255
219
201
252
270
246
222
234
252
255
234
189
222
273
261
204
240
264
273
246
201
252
234
261
279
225
267
177
210
222
219
234
243
261
246
225
198
249
264
267
234
213
261
213
237
228
219
216
195
189
240
216
237
219
273
228
258
222
255
216
246
249
204
264
258
186
207
279
201
234
240
276
246
279
273
255
270
243
234
249
252
267
243
273
210
222
258
255
210
207
258
249
288
261
219
243
267
246
234
264
285
258
270
291
222
291
243
225
249
264
243
216
231
264
240
252
267
237
237
249
246
219
213
234
231
279
210
243
240
219
246
270
198
216
273
261
180
234
273
237
234
240
192
186
246
270
216
252
243
258
258
261
204
255
312
237
243
219
237
282
264
255
273
225
249
264
228
207
288
273
312
216
219
231
201
246
222
234
249
231
177
225
228
213
198
207
279
273
204
231
234
243
228
228
246
198
321
234
249
252
261
261
270
243
225
261
225
270
252
225
273
243
246
231
231
180
249
255
282
207
267
243
294
192
243
204
237
240
237
243
219
249
198
222
261
183
261
192
279
240
189
