225
240
228
258
186
270
291
237
258
276
228
216
291
258
264
216
261
225
240
177
234
234
246
240
276
255
240
195
276
228
237
249
210
252
255
270
162
177
231
255
276
237
261
249
276
222
240
240
273
222
246
231
252
261
240
291
252
228
261
264
222
300
213
225
243
228
231
225
243
210
216
303
231
246
273
234
261
234
204
306
216
231
246
219
198
201
219
255
249
276
222
222
231
246
258
186
249
300
201
228
255
240
249
234
288
234
240
309
273
198
261
213
264
246
228
192
270
264
243
201
201
237
207
234
228
258
228
255
216
195
174
282
234
276
261
249
264
210
195
267
189
222
219
252
201
192
174
234
228
243
189
225
213
228
234
285
255
246
273
207
237
276
210
267
291
219
240
258
219
306
255
276
255
240
186
210
207
237
270
240
213
279
240
285
291
240
249
198
270
228
231
270
201
210
252
279
258
240
246
213
273
285
279
243
234
267
243
261
285
306
252
252
216
219
204
288
261
231
207
213
204
207
249
261
234
264
267
219
249
264
228
249
207
207
183
261
243
279
246
252
255
279
192
276
219
243
261
246
261
210
219
234
219
285
285
234
234
270
261
255
222
243
216
255
255
240
222
240
261
273
258
243
285
225
267
249
288
240
252
213
237
276
237
204
258
240
201
237
237
174
189
219
222
243
216
258
234
225
246
264
