249
285
252
201
246
207
204
222
228
207
219
267
228
255
222
234
243
195
276
255
255
213
198
258
261
255
210
213
282
192
195
222
252
261
216
228
273
249
264
195
207
246
252
222
279
225
261
297
258
222
258
231
270
228
282
204
234
255
273
222
213
246
249
240
261
240
234
270
243
252
300
195
252
255
231
231
261
243
246
228
309
216
237
237
264
222
282
231
279
177
246
222
288
213
285
255
252
261
207
237
252
264
267
267
261
183
285
231
228
189
231
231
228
264
252
273
249
240
237
273
261
228
237
249
213
228
225
267
210
252
234
249
201
252
261
291
330
222
252
240
234
267
204
276
216
237
246
243
222
264
201
261
300
243
264
258
237
234
225
258
255
225
219
258
204
258
270
240
225
231
231
225
252
234
264
219
234
207
243
168
246
267
240
237
249
264
201
252
282
291
270
219
204
255
276
261
231
240
222
264
258
168
249
222
252
231
264
228
180
225
240
234
279
234
252
252
258
246
270
186
243
231
216
228
210
207
222
192
240
210
261
222
285
240
204
249
219
270
231
279
291
204
246
207
240
249
234
219
255
273
270
189
264
252
243
240
240
222
213
270
273
201
204
270
261
273
192
219
249
201
234
234
252
264
264
174
216
237
213
201
222
237
255
213
237
225
252
243
219
273
300
198
258
270
246
228
252
255
207
270
