204
192
258
228
237
219
234
252
234
249
261
213
219
267
234
198
246
273
261
237
258
216
216
207
309
234
273
216
216
219
267
264
264
264
240
180
228
249
267
264
267
237
204
249
189
240
252
219
249
228
282
246
207
261
216
282
216
219
255
267
291
324
267
240
261
243
225
258
225
237
240
267
315
270
258
237
264
303
222
207
222
279
270
201
225
195
252
219
228
204
258
258
231
237
255
246
234
231
228
297
228
213
246
234
243
261
270
252
243
243
216
240
255
240
225
207
186
237
240
285
213
216
210
225
243
219
258
240
270
318
207
246
276
288
219
222
240
246
246
249
255
216
267
261
240
264
219
237
240
243
201
222
204
213
216
240
255
255
252
267
294
234
237
303
237
264
276
252
261
237
249
222
237
318
228
267
228
204
198
264
279
255
237
261
279
261
249
222
255
261
213
252
279
246
231
255
276
264
228
252
231
225
294
210
231
210
249
204
261
246
279
231
231
246
264
240
249
207
204
219
222
234
213
261
240
276
243
255
264
255
210
225
180
261
246
240
273
234
183
225
267
243
210
258
222
219
201
249
201
210
246
219
258
261
234
258
297
270
219
273
255
252
252
210
264
255
249
237
294
243
237
231
243
210
255
222
258
270
270
252
285
243
315
240
258
222
243
255
249
213
252
234
270
231
237
273
252
225
237
228
