231
258
249
219
246
222
252
276
285
240
276
252
201
213
276
198
291
240
186
234
261
252
237
267
213
243
222
264
225
243
216
198
279
204
240
237
300
267
186
237
261
240
210
261
219
231
246
270
252
234
225
255
237
270
252
246
228
231
225
240
258
246
246
240
204
261
222
207
225
249
231
222
291
237
216
252
174
255
249
228
168
234
285
246
249
261
207
216
231
246
258
237
276
198
285
210
273
246
207
306
249
288
243
219
318
234
231
195
264
225
213
252
240
276
252
258
231
246
225
249
240
210
228
240
246
270
216
207
234
204
246
207
216
225
213
222
255
240
219
240
186
243
219
273
258
258
219
273
210
270
234
204
237
255
237
255
264
219
246
231
246
237
255
186
213
240
306
231
243
210
255
249
225
231
216
228
255
222
234
234
207
213
258
216
228
210
231
240
216
240
222
285
264
222
183
201
210
246
270
231
246
309
210
243
249
246
231
228
186
219
300
213
237
261
249
288
207
243
225
273
219
231
285
270
288
252
237
228
231
234
249
237
288
231
237
246
246
228
258
264
231
264
228
246
237
237
240
228
219
261
252
243
252
216
228
207
246
264
198
243
222
225
243
237
294
252
219
246
273
225
288
264
276
249
261
252
300
258
225
207
246
237
225
207
246
255
207
240
231
231
225
246
246
267
243
246
243
243
246
273
