276
228
231
204
249
270
270
243
240
279
213
207
270
237
213
216
240
228
240
252
189
231
225
201
249
207
207
207
339
261
222
213
210
261
267
261
189
192
198
219
240
261
249
228
219
207
234
228
216
240
258
255
213
255
240
303
219
195
294
228
276
273
222
201
285
231
246
228
216
270
192
246
258
231
249
234
207
258
225
234
210
255
210
222
246
228
240
246
252
234
261
261
234
273
246
279
258
228
231
255
246
219
258
249
216
267
273
234
255
246
228
201
234
237
201
270
270
213
258
207
246
282
255
234
240
225
234
183
258
267
240
258
207
288
195
249
276
216
273
252
222
267
255
297
264
207
201
198
219
276
252
222
234
225
273
252
213
240
216
255
195
207
210
237
210
261
240
237
279
249
285
249
264
231
225
231
252
204
222
219
189
240
255
225
252
198
228
201
207
249
267
228
234
246
279
219
285
219
234
306
300
219
219
204
183
222
234
243
279
213
279
225
261
240
291
255
168
243
240
261
279
246
249
282
288
237
222
228
267
303
291
216
315
219
210
240
228
258
270
228
276
270
204
240
228
276
219
231
213
282
270
246
204
264
183
204
228
240
216
252
237
258
255
192
246
258
231
273
255
222
276
207
285
294
246
192
222
225
234
297
234
246
186
240
261
294
240
300
216
258
222
255
219
246
237
231
234
282
222
225
