276
225
276
237
210
213
237
228
219
186
219
219
273
279
240
291
246
219
222
264
249
228
243
273
231
228
243
258
264
213
243
258
225
231
210
192
243
219
240
225
267
231
198
255
252
237
291
249
264
198
204
255
225
246
279
234
228
258
261
237
264
276
243
201
225
240
222
273
237
222
228
252
243
216
237
234
255
240
225
246
210
288
183
216
198
228
189
261
228
252
249
309
288
207
240
246
249
213
252
243
213
228
264
258
204
255
207
273
279
267
219
249
234
240
210
189
219
222
270
237
264
231
222
231
264
255
234
183
252
267
210
201
246
243
231
255
267
261
201
255
237
219
273
222
204
258
204
255
234
282
258
198
243
246
270
270
228
261
234
213
297
246
204
219
237
246
240
228
231
234
252
255
228
255
201
210
219
219
243
261
261
246
243
237
249
210
285
261
243
216
270
228
201
183
210
237
264
183
204
204
273
258
234
318
264
252
234
252
255
222
204
210
297
222
222
231
231
222
243
261
234
264
252
255
231
222
219
249
237
237
258
222
261
270
228
243
270
291
285
243
243
186
258
222
249
240
243
246
210
228
243
237
249
306
165
297
213
234
222
210
231
201
261
225
204
207
219
258
231
225
237
246
192
186
231
204
249
225
234
216
234
225
231
249
222
234
255
303
273
264
231
195
192
303
255
246
249
222
261
264
