204
186
246
267
213
201
264
249
267
216
198
237
258
231
213
264
240
210
240
228
243
270
285
228
264
246
249
270
249
243
261
219
279
207
231
222
210
252
213
243
243
225
267
219
243
210
261
228
213
258
279
240
264
249
234
291
204
210
231
228
213
228
240
219
234
255
237
285
231
240
219
249
234
231
240
237
237
192
249
231
267
231
255
237
237
282
249
246
234
237
297
186
264
222
312
207
225
210
207
159
288
228
285
246
252
279
276
264
267
255
330
258
255
240
246
258
264
222
240
285
225
195
234
210
252
231
294
237
216
237
252
291
234
258
261
222
210
225
225
204
276
258
252
282
210
264
255
225
252
210
213
276
258
240
216
243
225
222
282
252
237
231
273
252
249
210
201
267
276
234
246
252
282
207
222
252
306
261
246
252
267
279
264
246
243
240
303
261
258
273
225
234
213
225
189
228
240
237
285
255
234
234
264
228
261
213
261
225
255
183
222
234
234
177
252
231
282
228
171
240
234
180
225
267
258
234
219
234
204
246
273
258
297
261
255
240
234
186
225
240
264
270
273
219
219
225
237
267
225
225
252
267
252
201
231
237
303
225
231
267
264
198
225
201
237
219
237
234
270
312
261
237
228
249
252
198
240
243
228
228
267
198
231
243
207
252
210
240
285
225
204
234
252
249
186
261
240
228
207
270
