231
210
255
225
213
300
225
240
258
240
270
279
255
213
174
204
243
267
213
252
204
225
240
279
219
201
198
216
237
201
216
231
216
258
216
219
219
273
198
234
258
204
243
213
243
264
234
153
228
294
222
240
249
243
237
267
288
270
204
204
237
249
282
231
228
216
219
237
174
231
213
180
270
234
294
213
225
267
240
321
216
234
204
234
228
267
279
252
270
252
234
201
267
210
210
243
228
219
246
252
222
228
300
225
255
264
165
240
282
246
267
213
231
237
273
240
219
237
249
267
228
213
246
231
198
255
234
243
294
222
204
231
273
261
255
237
222
255
204
264
219
219
222
237
207
255
207
216
219
201
213
237
264
243
216
204
297
210
234
201
234
192
240
216
255
255
201
288
258
261
198
246
243
249
249
279
207
225
258
213
270
231
237
222
255
216
264
258
228
210
276
249
228
240
282
291
219
189
273
249
243
210
228
267
282
252
228
222
246
249
270
249
264
270
276
216
240
285
273
255
252
285
234
249
255
261
207
261
222
234
261
291
237
249
264
231
231
237
255
252
261
285
234
204
270
240
225
270
231
267
303
186
219
270
225
177
246
204
228
261
225
279
210
201
249
252
234
216
261
237
228
234
282
258
255
255
255
219
282
276
231
219
279
231
258
225
246
201
258
231
219
258
246
249
243
249
189
258
177
210
