255
225
243
288
231
192
264
207
258
222
240
255
246
213
195
252
276
246
252
246
240
198
264
204
222
294
228
264
243
225
198
180
198
231
228
252
252
204
270
213
231
240
246
240
213
264
210
282
225
243
234
291
243
213
216
255
276
195
228
225
246
219
270
258
183
228
222
249
261
174
267
258
225
243
234
237
264
240
177
219
219
261
249
282
261
249
237
258
207
234
261
204
231
246
240
225
243
270
273
195
225
219
255
237
210
201
192
246
282
204
291
294
255
213
252
198
288
249
273
258
228
198
240
267
216
243
249
210
258
249
216
204
243
261
249
231
240
222
273
258
237
189
258
240
303
216
231
222
246
243
234
240
243
231
216
249
243
207
246
240
222
237
255
246
222
243
291
240
183
261
240
234
228
288
228
264
225
303
207
243
321
222
225
282
201
246
255
225
186
270
204
252
246
285
216
228
276
288
255
207
267
282
222
273
270
231
231
210
231
195
246
276
231
264
210
207
243
222
249
195
231
264
186
228
252
261
261
210
216
225
210
252
231
249
171
231
201
216
207
228
273
207
228
276
222
288
243
234
222
222
288
219
243
255
219
285
222
243
237
222
234
201
243
285
228
252
267
243
240
207
231
300
225
249
234
252
252
240
243
222
213
246
255
228
237
222
255
327
312
222
237
276
210
291
252
255
237
234
225
258
