267
228
276
201
267
240
222
234
174
252
228
210
255
228
228
312
261
240
258
195
219
273
240
171
261
261
216
222
240
246
234
243
213
249
234
261
219
255
294
228
264
309
219
219
252
210
297
213
246
222
285
273
273
258
237
228
231
213
237
231
246
210
258
198
225
234
198
192
237
219
249
204
240
264
270
219
225
243
249
273
267
252
219
264
261
249
240
282
252
258
261
228
258
189
210
264
210
231
195
246
294
210
252
243
237
255
243
222
303
237
180
294
240
282
210
282
243
243
273
270
267
243
219
222
219
165
231
234
216
267
273
264
225
195
237
261
237
276
246
255
201
204
237
195
216
267
285
240
255
243
228
237
216
246
255
216
231
249
261
243
192
270
249
234
237
228
282
183
207
243
228
219
240
234
237
246
201
270
213
282
228
258
267
225
216
267
213
222
231
207
240
240
270
243
246
192
255
246
231
264
231
264
237
276
234
258
222
222
219
195
261
222
195
225
258
255
213
237
210
237
192
237
291
264
237
240
234
243
225
240
276
252
273
183
195
219
270
261
216
273
246
216
222
225
276
189
237
228
249
216
246
246
285
231
273
204
249
276
246
228
243
276
282
267
240
267
255
255
264
222
204
201
234
228
231
231
255
264
231
204
243
231
246
228
213
237
246
270
198
213
261
213
240
189
234
255
264
255
210
204
