234
267
294
267
249
222
270
270
246
231
225
225
276
252
243
246
216
246
195
237
246
240
240
243
261
213
240
201
261
258
261
240
264
207
252
261
228
276
219
270
234
252
246
219
270
234
207
258
270
192
222
276
255
249
249
255
207
243
255
246
225
195
264
282
237
228
252
228
237
234
297
255
237
252
207
219
270
240
180
264
276
213
291
255
237
246
279
189
210
201
198
228
207
240
255
246
249
279
192
240
219
228
231
189
204
237
225
255
237
261
243
210
216
225
228
222
246
234
222
240
261
207
249
306
201
261
255
240
219
240
252
285
282
222
285
237
228
207
171
216
216
213
213
234
252
285
234
237
213
261
225
270
207
234
231
234
204
219
324
297
276
237
249
261
249
279
252
213
258
222
252
219
237
201
273
258
261
282
279
237
261
231
222
276
204
249
240
258
267
297
243
246
279
324
219
225
228
267
228
234
234
273
240
309
228
234
246
237
255
207
255
273
231
246
264
255
261
273
243
225
258
246
231
210
207
219
261
264
201
231
219
255
237
228
195
267
231
213
264
252
270
300
186
261
240
294
270
225
267
261
252
234
207
255
240
237
228
207
201
231
255
282
255
240
165
273
264
246
228
243
234
234
213
225
213
270
222
231
264
219
255
210
243
234
267
255
216
240
279
231
234
204
216
192
249
228
234
222
234
207
