231
243
246
240
249
246
255
270
207
207
285
198
237
225
249
213
246
228
276
243
276
204
261
159
183
249
300
246
222
273
192
270
294
228
246
195
255
243
243
225
216
252
228
252
237
258
243
201
222
285
249
216
228
264
231
243
231
246
222
237
273
234
255
252
216
204
216
246
261
237
231
264
297
231
270
234
291
258
246
255
186
249
246
240
273
240
258
237
195
234
258
297
237
249
237
231
219
240
240
252
228
228
276
240
240
243
231
234
225
228
255
258
243
258
261
243
192
237
213
243
231
303
231
249
285
255
216
291
273
276
192
228
273
318
267
219
261
288
258
279
240
243
183
288
189
204
237
288
237
252
228
264
261
213
186
255
252
219
231
291
276
240
216
210
249
219
249
255
246
285
264
258
261
288
222
234
249
216
252
225
258
228
258
186
246
267
210
240
273
285
252
234
225
270
291
279
216
258
210
222
207
219
228
219
237
231
240
213
270
219
222
234
213
267
258
237
264
201
183
204
198
231
255
201
252
273
186
201
303
267
240
186
243
261
282
234
252
264
237
279
207
228
225
261
267
219
228
249
261
243
240
195
255
228
333
255
246
231
261
237
231
261
243
237
216
198
297
261
243
219
246
225
177
225
225
216
267
204
255
216
204
231
237
237
219
225
210
228
234
240
210
273
231
222
228
171
267
204
210
267
