231
279
252
276
201
207
231
210
282
255
222
228
213
174
246
147
237
219
264
249
285
243
285
243
261
225
273
243
246
192
264
249
237
231
270
213
216
237
237
258
246
234
216
252
261
249
237
273
258
252
267
231
216
249
174
249
237
240
234
258
303
243
219
252
225
216
219
270
186
189
213
267
255
270
252
210
249
261
222
297
213
228
270
258
282
240
285
222
240
216
258
252
267
237
249
249
243
252
246
246
252
294
246
252
261
261
279
273
261
228
243
231
255
207
243
270
270
279
222
279
258
249
282
210
297
204
234
228
270
249
261
216
282
225
255
225
195
279
207
234
231
279
231
252
270
246
231
228
228
258
261
252
192
276
246
237
234
273
279
228
264
258
261
264
252
207
240
261
279
222
267
264
177
240
273
225
306
222
210
240
213
237
228
261
234
234
222
246
285
222
261
243
291
225
222
279
201
204
207
231
237
219
234
243
216
261
222
252
273
270
237
228
279
282
252
213
255
243
195
249
165
210
228
255
246
243
243
231
213
210
201
228
282
225
210
228
291
207
222
225
234
258
276
237
309
267
279
210
210
267
210
219
216
285
234
267
240
300
213
228
255
237
219
228
258
246
228
246
249
231
228
252
249
228
249
246
273
228
246
201
252
255
216
252
249
213
279
231
249
285
258
225
243
228
234
198
231
249
255
216
