243
240
240
276
255
285
252
189
219
267
261
177
228
234
255
261
267
183
249
228
270
270
177
243
228
261
204
249
183
279
246
243
240
204
210
255
243
291
231
210
228
279
210
207
249
264
222
246
195
237
198
261
279
309
228
249
219
258
249
282
270
252
240
249
300
186
219
204
264
261
258
210
213
216
327
240
231
267
273
279
231
234
201
246
261
276
225
270
198
207
204
264
252
264
228
216
225
207
252
270
246
258
261
243
198
222
267
222
282
201
210
222
234
216
255
297
207
237
237
240
192
228
249
243
255
198
252
258
201
243
270
243
240
216
231
246
264
240
240
222
258
219
216
255
228
216
249
240
198
216
261
246
213
228
231
243
276
252
228
210
192
255
222
258
222
243
201
219
261
234
219
240
243
234
273
234
255
237
255
255
243
228
285
225
243
213
249
273
207
255
234
294
210
213
252
225
252
192
261
192
195
225
279
216
243
198
255
255
273
228
207
225
318
243
264
210
294
270
270
237
195
258
234
255
270
249
264
186
234
246
291
192
270
282
291
264
231
264
252
246
246
222
237
252
261
270
237
246
246
252
258
213
240
198
243
210
264
180
231
267
270
174
237
198
216
255
219
267
213
252
240
228
216
270
213
219
249
270
228
267
180
255
216
240
258
213
228
258
216
273
243
231
249
198
267
243
264
285
246
234
