240
228
216
171
309
198
276
258
303
207
273
192
228
264
249
267
276
228
252
249
213
243
234
222
240
252
234
198
234
258
219
231
237
207
228
291
243
321
228
192
201
198
228
240
249
231
216
228
231
189
264
276
249
252
228
255
252
222
231
225
261
234
252
228
234
234
222
240
222
222
270
273
237
210
240
249
249
243
279
261
246
300
222
207
240
213
228
240
294
261
219
189
231
201
237
279
258
231
303
267
234
258
258
231
240
213
243
249
231
237
291
198
210
252
255
243
231
258
174
231
240
258
258
252
210
264
240
249
243
243
240
234
249
237
240
264
246
249
189
249
279
207
258
240
252
216
321
240
252
237
303
222
273
240
237
258
231
255
243
231
267
267
243
222
174
237
231
255
261
228
237
228
249
213
264
249
243
264
213
240
276
207
258
300
198
261
300
234
258
273
183
240
210
234
243
222
240
267
243
243
228
252
156
225
228
222
204
249
270
270
210
258
252
285
234
270
228
279
252
258
264
270
264
201
243
213
228
222
291
237
273
198
231
261
243
279
210
231
249
228
258
207
237
246
240
225
258
246
225
249
243
228
222
228
249
282
246
249
261
249
198
207
252
270
267
249
216
255
249
207
231
252
243
264
210
258
210
210
234
243
213
207
246
252
213
264
261
240
222
252
243
237
249
237
240
297
258
282
204
231
