237
204
261
243
201
201
255
243
267
258
204
198
204
231
231
255
237
237
216
252
216
240
249
213
198
219
231
237
297
207
252
282
243
243
252
246
213
252
303
216
219
216
207
258
207
282
249
249
249
219
282
243
237
222
204
201
264
234
219
291
201
219
243
207
225
204
282
219
249
216
234
246
237
219
228
255
210
264
255
246
258
225
258
243
231
276
261
270
201
246
222
258
219
231
243
249
243
255
279
282
225
234
225
237
207
279
246
219
213
234
231
255
264
186
249
213
237
243
216
264
273
237
213
234
231
240
216
249
222
270
201
270
243
243
249
222
246
171
255
204
225
264
219
252
195
237
252
225
228
219
237
231
276
225
240
192
231
222
273
246
234
219
204
216
225
279
225
225
195
258
216
231
228
222
237
237
243
255
249
264
330
252
246
186
207
234
237
240
258
273
258
213
273
270
234
264
270
234
228
225
270
240
237
216
288
219
255
246
189
201
228
210
264
210
261
267
252
237
240
237
258
186
270
216
201
261
225
201
237
267
240
285
225
198
285
252
204
297
198
255
246
270
240
201
267
282
282
240
225
258
231
261
279
261
303
279
252
240
168
219
270
216
234
234
240
252
243
234
249
213
216
252
168
279
210
252
234
273
237
264
210
219
237
261
285
234
270
219
243
231
231
255
225
228
315
261
276
183
300
219
