219
237
219
279
261
237
228
228
180
222
240
255
216
225
255
249
249
225
234
258
237
258
240
255
228
225
252
261
264
234
267
225
294
249
285
195
240
216
282
243
198
231
231
216
186
231
276
219
252
225
222
261
246
258
207
189
246
240
258
237
249
201
198
243
267
231
252
243
240
252
231
174
219
231
219
210
231
240
240
294
216
219
255
339
207
240
288
258
234
333
261
231
222
330
228
249
273
225
225
183
252
213
243
258
264
246
303
270
300
192
237
234
219
204
249
234
285
210
207
228
255
228
288
258
279
258
237
285
186
243
231
255
222
282
231
213
210
216
294
237
210
237
195
264
276
258
264
216
228
231
261
240
285
219
195
213
234
246
213
228
192
225
279
237
231
282
303
234
231
216
258
234
255
189
243
219
267
264
201
222
273
240
198
249
231
195
216
213
240
234
273
237
258
249
273
252
282
201
201
267
249
231
201
270
276
237
222
246
219
273
240
240
228
240
216
210
309
195
249
225
216
210
327
222
228
240
225
204
225
249
258
222
246
255
240
279
219
276
222
267
243
207
243
210
186
228
288
219
234
240
276
237
279
198
222
189
219
234
243
213
258
240
294
258
324
198
240
234
222
189
243
309
228
258
246
216
249
243
267
213
198
252
294
237
231
294
282
195
234
222
246
231
216
264
240
249
231
231
228
192
