240
249
240
225
237
222
216
243
195
240
273
285
225
237
261
234
204
255
231
240
231
243
258
261
216
195
216
216
291
210
261
264
234
222
225
243
258
255
291
216
240
282
231
234
237
183
261
213
201
246
207
246
267
204
228
243
243
204
180
252
204
231
243
246
225
210
288
279
243
231
222
219
243
255
228
252
231
204
219
249
192
204
228
258
297
219
231
183
246
246
234
303
270
222
258
255
237
249
234
309
192
216
237
201
243
228
255
243
261
225
210
273
261
201
219
228
183
210
237
237
216
279
219
276
219
219
195
258
285
249
246
294
225
231
183
228
249
243
255
252
264
213
294
261
270
309
240
231
228
249
267
237
201
198
240
255
243
201
273
183
216
237
279
222
237
207
243
243
231
216
252
240
264
186
231
222
252
210
246
204
213
195
243
288
276
222
225
282
237
219
231
249
243
255
255
222
210
252
300
267
219
219
249
252
237
291
216
216
276
243
231
237
231
261
195
219
198
243
180
315
243
228
234
201
225
228
243
246
252
195
207
174
261
189
258
210
294
234
303
192
234
246
246
297
279
255
222
234
210
237
252
222
222
216
225
222
267
165
243
243
210
210
240
207
273
228
213
270
240
252
258
219
252
228
234
210
222
240
219
231
234
234
273
255
225
249
252
237
246
219
243
213
270
231
243
213
255
210
210
249
