246
189
207
219
270
228
273
249
255
255
222
252
231
261
264
255
234
237
225
216
264
240
225
222
249
210
315
264
255
246
243
282
270
222
240
285
249
213
225
270
237
228
231
249
237
276
264
231
255
249
228
249
276
219
243
201
252
243
231
246
219
231
195
228
228
228
228
255
234
231
219
276
279
252
255
252
306
237
261
195
225
195
222
252
201
246
264
234
279
228
234
219
219
204
246
288
234
195
225
240
264
285
249
216
261
258
213
267
201
198
276
228
267
207
222
198
267
222
261
294
285
210
237
204
255
249
207
225
249
249
276
207
231
273
219
228
255
219
294
267
207
252
222
213
300
273
267
237
270
228
204
222
255
204
195
264
216
285
219
234
255
237
189
237
273
213
237
249
192
246
237
246
228
255
213
237
264
234
228
270
207
225
225
243
231
219
249
198
294
237
294
219
225
261
222
261
228
231
219
267
216
258
255
216
228
228
207
273
261
213
231
225
249
234
195
261
273
237
231
258
264
192
270
222
246
297
261
204
255
192
258
270
225
255
234
258
282
228
216
192
261
264
213
273
276
306
192
276
213
237
267
225
228
255
267
243
258
252
240
207
186
201
225
255
240
267
282
246
237
246
243
234
198
234
213
249
234
222
243
219
243
246
249
228
276
240
252
204
228
234
267
207
195
267
225
243
216
240
216
177
