219
240
243
228
225
246
213
210
219
258
228
261
201
234
261
285
234
165
201
291
258
192
249
273
258
240
234
219
198
207
270
279
237
234
240
234
276
237
201
225
216
291
237
201
252
270
294
225
222
282
222
255
228
258
213
255
216
234
249
234
168
246
252
237
270
255
240
258
240
261
258
267
186
273
216
219
231
192
225
225
261
246
231
240
243
228
213
222
246
225
222
189
237
243
222
246
225
273
222
246
252
285
285
252
213
270
210
234
261
231
261
216
282
234
207
222
255
270
270
231
210
285
234
216
207
189
243
201
234
234
255
252
201
246
219
255
195
252
213
291
204
225
231
228
210
243
267
276
252
246
237
261
264
237
261
252
222
273
240
234
282
270
195
237
210
246
225
231
234
240
276
228
219
258
231
282
219
288
270
240
219
294
240
255
237
276
228
246
243
282
291
252
261
198
264
228
258
213
225
261
294
249
249
204
252
273
294
264
225
225
249
258
204
234
297
228
249
282
240
222
210
228
291
213
234
249
255
222
240
279
285
297
258
237
207
267
270
240
276
201
234
282
204
258
204
267
264
240
216
210
213
234
252
177
231
258
216
294
246
219
231
210
261
225
240
222
264
252
225
243
273
231
237
216
246
219
264
225
219
192
246
273
231
252
213
243
168
246
246
228
243
228
228
228
240
225
243
207
252
240
