213
255
234
219
195
237
255
246
252
207
261
219
294
237
255
255
225
189
249
264
246
279
267
258
243
258
240
282
228
216
207
222
204
261
189
231
222
222
258
267
234
255
198
252
189
219
240
282
216
270
234
237
225
207
228
216
204
216
273
285
237
279
204
288
225
195
261
279
234
249
270
207
255
249
225
207
252
240
237
240
258
252
252
222
270
222
192
186
273
264
234
300
252
219
279
225
225
213
288
240
222
291
210
225
273
204
228
213
246
270
291
192
264
222
264
258
237
273
201
258
240
270
273
252
225
282
231
225
234
219
252
192
225
252
189
231
234
216
258
252
225
231
297
201
243
264
237
285
252
237
201
207
216
219
225
252
255
246
258
237
219
255
210
237
210
237
198
243
273
237
252
204
267
258
249
240
243
234
273
255
246
270
261
261
231
258
282
264
252
282
276
243
225
222
267
210
198
225
240
213
258
222
189
270
273
219
276
291
273
210
225
273
276
276
207
294
240
261
231
237
225
252
213
252
285
243
216
255
189
213
219
198
213
222
249
210
213
252
264
192
267
222
171
267
261
240
225
255
297
237
222
258
216
171
282
264
261
219
276
249
219
213
249
255
252
273
279
234
255
240
252
228
234
276
234
228
225
270
297
252
174
264
189
252
291
249
285
228
216
285
249
204
270
180
237
231
258
240
240
237
