234
198
222
276
213
240
249
228
234
228
261
255
246
240
237
237
255
225
183
216
222
234
216
210
198
225
222
300
288
225
222
234
237
270
234
279
201
237
237
246
219
246
237
273
240
243
177
201
294
222
222
210
216
273
285
240
249
285
318
240
255
282
219
249
261
258
264
261
258
198
180
195
285
249
279
207
234
213
210
252
213
228
231
228
246
249
267
279
216
228
255
243
204
258
243
261
228
207
240
261
273
198
228
240
231
228
204
300
210
255
249
249
246
276
219
246
234
222
201
246
267
228
237
270
216
258
183
237
252
195
249
255
246
195
270
252
267
237
270
228
243
255
273
249
240
237
225
234
219
225
231
213
207
246
213
267
282
252
234
231
267
216
264
231
243
222
252
207
201
213
258
264
222
222
234
237
285
276
249
276
252
207
309
231
249
243
228
258
264
270
255
228
276
273
279
219
219
279
243
198
234
234
189
246
237
282
243
231
246
252
246
258
273
252
234
246
249
216
207
207
252
249
267
207
246
216
234
234
234
261
231
228
309
171
315
249
270
195
261
273
210
234
303
222
303
198
231
222
246
231
225
231
243
249
276
252
219
225
267
249
204
225
279
249
210
240
267
261
276
222
201
276
225
261
255
240
231
213
207
216
249
234
255
246
228
261
333
207
216
243
219
222
249
234
300
255
249
252
258
204
