510
465
471
426
522
516
546
537
537
519
471
486
459
507
510
429
438
414
447
426
495
513
477
426
459
408
495
495
543
510
474
516
483
561
450
516
420
522
537
453
456
492
432
426
417
549
474
456
450
441
465
513
513
522
414
507
465
462
405
465
456
525
465
474
417
456
528
438
537
432
498
507
528
450
450
432
423
537
465
444
471
456
543
489
462
495
459
423
480
480
525
423
417
531
459
495
504
498
540
462
474
411
531
459
495
510
489
450
522
528
468
507
480
498
414
435
459
522
477
498
516
537
510
546
483
486
501
429
423
438
474
459
501
474
528
489
471
438
465
465
450
465
549
456
438
480
462
471
501
453
504
447
450
489
468
429
498
435
411
489
423
456
516
549
486
546
525
507
489
525
408
486
486
525
519
471
486
423
450
492
534
525
474
480
492
453
507
393
441
501
510
438
441
486
405
504
549
459
501
456
495
510
483
510
429
501
492
474
444
435
456
480
450
498
486
522
513
540
459
486
504
483
465
456
492
447
456
471
456
498
441
507
507
420
495
531
546
573
498
423
462
534
486
504
477
435
483
501
501
486
462
510
465
513
456
498
474
423
534
426
513
417
510
516
477
468
513
540
447
480
498
489
492
489
522
477
483
468
429
480
486
510
528
519
480
480
522
537
549
471
390
531
498
564
498
411
528
489
429
453
