228
258
258
195
231
231
252
216
204
219
279
270
213
210
210
279
225
252
240
228
282
273
234
198
201
192
234
237
273
231
249
201
228
210
213
150
240
201
240
273
240
237
252
279
210
297
216
273
255
273
207
228
288
228
249
243
246
249
243
243
279
273
216
198
219
252
228
213
276
207
210
225
282
252
258
207
258
225
222
270
216
240
216
219
276
231
246
279
213
267
273
222
210
216
288
210
282
231
234
258
237
219
285
258
261
276
246
288
222
225
264
273
231
243
273
255
264
258
249
216
246
204
246
222
240
279
240
216
222
228
291
285
201
264
207
234
207
243
216
222
243
222
219
237
219
228
249
225
249
267
168
267
246
207
276
228
255
240
246
219
291
228
246
273
177
243
216
204
288
219
198
207
288
264
258
219
258
189
243
222
195
252
231
240
234
213
231
228
234
198
222
231
273
243
264
198
237
231
204
276
261
213
210
219
204
228
255
240
207
273
219
243
273
219
228
255
216
285
261
237
210
270
243
222
228
234
252
258
222
216
246
219
231
267
243
249
300
243
237
231
192
246
213
231
240
237
216
201
234
219
219
216
243
237
252
264
225
243
255
243
213
267
258
252
216
231
270
273
246
288
279
246
246
219
234
213
243
258
231
225
237
261
219
267
222
243
219
234
252
228
264
264
243
195
222
207
261
240
234
249
