234
204
186
261
279
237
228
249
246
255
249
261
267
279
252
261
267
276
258
222
252
213
261
225
252
219
234
252
252
246
264
249
216
243
294
261
270
225
219
240
252
216
258
207
267
210
201
231
219
207
252
267
246
198
201
222
267
249
231
246
222
249
261
219
237
258
264
228
210
228
204
264
240
288
225
234
246
282
252
300
273
249
213
264
252
207
207
228
249
189
297
231
201
246
255
225
198
249
291
264
231
258
225
225
282
216
237
234
258
249
231
279
255
213
273
255
213
228
249
255
246
204
246
222
240
195
186
264
246
180
222
246
264
237
264
264
258
231
231
231
264
261
261
216
198
252
228
267
219
225
228
210
294
279
228
222
252
210
258
237
240
246
261
264
243
255
201
201
225
282
216
285
219
207
252
231
264
282
291
249
210
201
276
258
258
237
231
192
255
261
231
264
213
249
255
234
255
222
246
237
240
264
261
258
267
243
249
306
261
207
267
246
234
189
240
222
228
204
183
276
246
237
225
231
264
312
201
210
264
174
252
195
198
189
285
249
216
231
201
240
234
243
231
240
264
204
195
222
237
231
192
297
252
240
210
237
225
273
294
252
225
252
261
231
243
264
210
228
219
285
213
210
270
249
252
201
267
246
273
243
219
267
237
195
288
261
270
258
243
219
240
246
234
237
249
240
198
201
252
234
