516
441
450
501
432
522
456
462
471
489
543
453
456
462
537
489
417
468
531
489
447
570
414
477
468
495
471
459
483
498
462
492
447
393
492
486
432
450
477
426
522
438
477
507
522
519
588
441
420
450
528
429
438
468
474
492
441
516
495
462
501
498
510
405
465
462
516
513
468
429
552
411
501
552
483
519
477
537
426
486
444
483
495
501
498
474
447
507
477
477
501
471
492
537
465
492
531
504
522
477
540
579
489
474
456
483
444
468
426
441
444
441
444
471
438
465
456
474
453
501
486
447
477
465
426
531
495
522
399
510
507
432
432
444
447
480
555
477
426
480
477
510
447
447
489
483
492
495
501
495
486
483
468
504
474
441
453
471
462
420
450
423
426
462
465
396
486
453
501
477
444
549
483
384
411
495
519
480
537
498
498
471
444
570
414
468
438
399
417
489
501
486
432
429
429
474
495
522
492
519
456
459
435
495
480
501
459
519
471
516
522
501
549
489
555
468
507
438
465
495
501
492
495
495
411
441
438
486
477
444
495
477
450
480
450
522
468
462
483
486
495
528
486
534
522
432
438
495
432
483
549
489
459
459
471
513
528
483
495
486
498
465
474
441
429
459
483
435
456
426
510
462
465
474
504
474
423
450
483
507
522
507
396
525
486
471
510
543
516
474
504
444
483
468
546
459
516
456
462
411
