252
228
264
258
231
246
228
213
255
255
306
228
264
195
273
276
222
228
240
222
279
270
267
222
219
249
258
231
243
219
216
264
195
225
237
261
222
255
246
285
258
288
225
234
225
225
306
225
207
228
285
210
255
213
231
249
231
282
228
240
237
234
255
225
249
222
258
243
219
306
198
285
246
249
162
213
201
258
273
300
231
252
240
210
264
216
249
192
216
276
237
222
222
213
264
216
189
225
228
264
234
225
261
255
234
261
231
222
234
240
228
258
204
276
192
237
297
240
225
267
261
243
189
219
267
237
195
273
213
267
261
246
258
231
276
279
228
201
255
231
243
294
276
252
222
207
252
264
207
243
240
288
264
219
198
213
237
177
261
198
225
252
243
240
258
255
267
237
213
273
219
201
261
258
258
231
252
210
204
231
240
243
192
198
246
219
228
273
219
222
228
204
264
237
216
234
246
222
219
210
261
216
264
231
228
261
243
234
243
285
210
228
273
240
225
270
240
267
267
219
297
252
222
231
240
285
264
201
228
231
258
276
240
219
219
255
249
252
249
243
186
270
219
234
249
204
243
279
234
255
216
213
246
252
282
249
252
249
264
243
243
210
237
270
210
240
261
216
255
273
237
210
225
210
249
225
246
225
246
198
210
240
240
252
273
204
234
231
315
234
261
237
291
261
246
246
216
291
189
249
