282
276
273
240
231
267
219
270
225
231
321
240
228
249
225
183
255
237
216
273
222
294
237
252
267
228
246
255
249
246
228
276
228
210
270
234
225
228
249
270
225
234
264
240
240
309
222
222
228
282
240
258
204
222
273
246
297
219
294
261
246
234
225
234
213
228
189
255
243
243
207
189
216
216
219
231
249
261
303
267
246
276
261
261
219
276
213
255
279
228
255
192
240
255
237
249
228
267
240
294
225
222
273
309
264
228
243
219
246
237
252
213
237
213
255
198
240
222
228
243
222
225
234
237
279
273
195
213
267
222
288
216
219
246
228
225
252
279
210
213
243
240
210
237
267
240
210
279
219
240
225
264
294
267
255
300
216
231
225
204
225
258
252
219
255
255
243
261
273
258
267
222
231
195
231
237
228
201
261
261
249
270
294
225
180
216
297
237
261
213
249
246
234
234
207
228
249
258
189
219
231
237
222
213
231
246
252
234
213
249
267
240
249
207
261
249
267
255
300
213
228
273
276
246
270
237
210
231
240
198
231
240
225
258
246
261
201
222
192
255
207
213
240
207
231
264
201
210
219
279
306
249
183
234
207
228
249
234
276
234
198
264
261
261
225
243
219
240
201
273
261
252
267
234
177
234
225
264
243
237
207
204
195
216
258
219
252
237
279
216
258
249
216
204
267
240
213
231
267
252
