291
234
189
276
288
222
273
237
246
231
249
222
279
291
222
258
261
288
225
291
204
240
231
237
255
234
270
267
264
231
228
237
225
279
231
255
228
246
234
258
231
234
237
243
267
246
243
201
249
255
231
252
177
252
237
207
261
252
216
249
201
228
237
240
198
231
243
252
231
243
279
264
228
237
270
240
219
225
231
249
288
201
243
201
201
255
234
273
222
258
231
240
264
240
198
255
258
255
297
255
213
246
249
231
255
240
216
273
285
207
225
267
270
243
246
246
222
228
231
225
225
228
222
231
267
228
237
222
297
273
180
225
249
228
246
225
249
285
306
276
240
255
219
228
240
243
243
258
306
159
258
264
288
237
228
213
267
258
258
228
207
219
183
204
252
231
249
204
228
276
306
264
177
249
219
207
252
222
294
249
210
267
264
237
216
252
252
189
237
213
255
234
240
186
294
264
165
252
243
198
237
249
276
267
273
222
252
222
219
234
228
219
261
216
201
219
252
273
276
225
261
258
246
180
270
237
210
246
186
216
228
231
237
246
255
231
273
234
276
261
255
246
246
234
258
246
255
219
246
177
270
240
243
240
297
255
255
201
240
192
240
180
198
237
258
219
243
234
222
249
243
243
258
270
273
237
219
270
216
252
234
267
246
291
189
255
222
270
273
201
252
231
261
231
267
246
243
225
228
231
