465
465
441
456
438
498
564
447
441
489
489
528
534
435
495
486
510
474
501
507
420
495
510
489
456
525
465
513
501
504
468
561
465
495
492
438
507
507
525
435
426
558
450
483
444
417
480
474
507
501
492
570
462
528
474
459
444
492
489
480
507
507
477
459
534
528
489
456
504
435
564
390
477
462
531
450
525
477
462
480
483
441
444
468
447
432
486
504
456
414
477
483
444
453
471
477
450
420
468
486
570
456
426
537
447
543
480
426
486
480
480
531
447
477
459
462
426
444
528
567
471
399
495
468
471
426
552
519
513
501
489
471
525
477
540
510
522
498
447
555
522
456
513
522
462
462
567
486
552
483
471
438
513
453
489
504
420
432
453
453
408
444
456
453
522
450
483
504
462
429
456
471
480
450
444
447
432
450
429
450
453
519
447
546
504
489
492
480
504
477
483
444
498
417
471
519
459
510
516
516
462
513
483
495
462
474
525
489
435
474
465
594
471
438
459
522
495
408
504
504
573
534
450
462
459
438
510
477
423
471
486
444
474
591
447
471
492
381
402
417
513
495
423
444
519
519
462
495
432
447
468
462
444
441
513
474
441
519
480
483
459
552
522
513
447
489
516
522
501
453
489
468
519
468
522
459
474
549
522
441
486
489
438
486
501
492
513
450
411
570
474
426
474
552
447
474
477
456
435
426
