243
273
270
237
255
165
279
234
240
243
270
276
219
243
240
228
273
228
345
276
240
201
234
201
261
231
252
210
207
237
261
243
246
252
288
243
237
213
225
189
264
264
255
315
192
231
210
249
219
276
207
234
210
237
231
303
222
225
285
231
255
219
210
234
252
180
273
246
240
246
264
264
216
261
237
225
219
228
246
249
216
249
210
252
258
264
267
267
264
261
222
222
213
225
258
234
240
204
267
213
210
216
240
228
237
213
219
207
291
234
240
201
249
195
225
279
216
222
234
234
231
261
279
237
219
249
207
246
231
294
282
198
267
210
246
219
213
252
219
252
213
207
213
210
234
231
204
300
252
222
249
231
249
282
282
240
219
228
234
240
252
222
240
201
267
189
237
264
270
309
237
234
252
270
255
225
219
207
225
219
246
324
240
258
255
309
231
207
294
225
198
219
240
192
201
252
237
246
213
207
195
243
258
243
234
186
237
237
231
249
207
285
276
261
210
243
243
252
276
195
246
297
282
198
240
243
273
225
264
237
231
261
258
270
237
294
264
246
285
294
204
216
228
231
198
261
246
273
216
231
237
219
261
240
246
240
255
222
189
270
252
240
231
255
234
201
237
228
291
243
228
210
255
249
210
207
243
249
270
183
234
198
264
306
255
270
225
264
204
243
285
312
243
240
261
189
231
216
234
258
