186
210
216
207
243
192
306
243
255
231
186
240
234
207
261
216
246
225
183
273
267
261
276
270
213
276
219
240
216
228
234
189
234
186
216
231
234
261
204
225
246
318
300
264
228
270
231
309
198
273
306
291
264
189
210
249
237
198
210
228
210
213
246
234
264
222
246
270
246
243
297
237
195
231
183
204
234
234
282
204
294
285
273
276
273
240
267
180
231
237
204
222
255
255
276
258
258
237
252
252
198
219
213
285
264
222
210
222
255
255
243
258
261
258
219
231
210
207
273
231
219
213
249
246
225
213
228
234
252
267
228
285
270
249
303
219
225
273
225
237
243
249
201
279
219
255
249
255
231
222
246
249
249
216
264
303
267
225
282
204
228
249
258
249
234
240
252
234
222
216
231
255
234
231
201
234
231
198
225
240
213
228
237
237
213
273
240
228
267
225
195
225
264
270
249
225
234
306
258
270
207
207
237
261
237
240
246
261
225
267
225
228
243
246
261
240
252
267
267
240
252
213
228
195
249
270
213
276
195
198
249
246
252
243
255
222
237
237
231
228
222
186
279
255
237
273
258
252
264
306
318
207
210
264
222
240
255
213
279
225
219
264
252
198
228
261
279
231
234
243
240
246
258
273
255
237
258
273
237
270
240
213
189
240
183
216
222
243
258
276
264
240
198
228
234
213
213
231
288
204
