1002
864
885
960
924
1041
945
999
981
1005
969
903
939
921
954
909
981
963
1074
942
996
1014
1038
957
975
1062
966
954
963
981
1026
933
1047
1029
939
978
981
981
990
984
993
1053
978
852
1062
975
975
978
990
1086
888
1005
927
1002
960
987
1038
945
885
1032
957
915
951
1005
948
969
984
963
906
1035
957
951
987
840
1029
999
903
921
996
1023
894
948
942
1023
939
945
1056
1074
918
1017
930
1044
927
987
996
984
1011
1008
1002
996
999
954
1044
921
966
891
1020
861
963
939
1002
966
1110
930
996
921
969
969
975
1005
996
930
930
990
1062
918
1005
948
957
867
1008
954
984
942
951
996
864
1056
954
987
963
1023
942
885
1002
966
1005
936
933
987
951
963
984
957
948
1062
963
1116
957
909
1038
975
939
909
996
930
954
1032
936
1032
930
894
972
981
1002
969
996
960
984
927
1032
1041
918
954
990
969
963
945
987
930
984
969
936
885
1008
1002
966
996
900
912
975
999
933
1017
906
969
924
954
1008
936
981
933
876
1116
924
897
1095
933
1005
951
888
1047
951
1026
924
987
936
930
945
993
981
1008
1047
1038
957
1059
954
957
906
840
984
978
993
909
990
1029
945
1044
1023
924
933
915
990
969
948
1026
963
957
963
993
936
978
999
978
984
885
990
897
1059
1143
1047
927
948
918
915
843
957
987
936
1044
909
957
915
936
1008
1005
1011
1050
1059
975
939
942
1005
936
1005
897
933
945
936
984
