261
276
246
267
246
246
234
234
213
210
276
231
264
222
255
273
237
213
222
267
282
225
210
210
201
225
243
243
240
261
297
267
246
237
225
213
258
249
255
264
252
198
210
249
210
228
228
288
249
252
234
198
234
192
258
273
255
258
231
258
240
243
234
264
231
264
246
318
258
255
216
249
210
282
264
201
246
315
249
261
243
249
246
252
273
249
216
258
219
228
249
243
237
228
231
231
276
258
288
213
267
219
285
258
255
195
222
267
207
219
219
210
261
195
231
219
219
252
174
282
255
225
225
240
204
201
207
228
213
279
273
258
210
240
231
246
234
243
288
213
219
234
186
201
282
240
222
294
240
282
255
234
243
231
270
222
183
222
243
255
198
270
237
216
246
213
210
255
222
228
264
219
276
210
252
255
267
267
213
195
261
306
258
225
243
201
255
261
261
231
264
249
210
255
198
219
201
270
240
249
300
228
264
264
294
222
255
237
237
204
243
270
183
237
201
198
228
213
243
261
219
249
198
210
255
216
255
264
213
237
219
222
279
249
225
210
222
237
243
213
210
246
255
255
210
258
273
195
252
273
201
234
237
243
225
303
225
255
252
210
252
234
216
222
213
213
240
195
282
231
279
252
225
201
243
207
204
279
216
228
225
243
279
240
246
204
264
222
225
195
243
246
237
234
261
201
198
225
249
309
