462
432
432
549
441
489
426
414
456
489
495
501
501
444
474
438
459
492
465
492
468
486
471
474
501
423
528
552
408
426
453
510
441
519
510
423
486
450
477
516
474
435
537
447
459
480
441
525
510
501
477
453
522
513
486
486
531
411
438
492
429
492
465
477
498
498
444
471
426
522
435
465
519
450
510
414
507
483
426
399
462
546
483
573
477
477
492
459
495
507
489
480
438
513
495
438
534
501
426
453
432
552
522
441
492
432
468
480
519
498
504
537
468
540
522
543
555
543
477
474
474
414
492
462
462
519
501
540
492
450
516
477
510
432
495
483
468
480
504
471
471
420
474
534
468
531
444
405
513
480
489
441
492
477
525
549
414
492
531
429
513
459
519
522
495
432
456
477
522
480
528
459
465
471
471
561
555
510
552
477
474
504
453
417
465
471
456
405
480
495
453
510
549
498
588
456
459
483
486
489
477
504
513
411
495
480
477
537
411
471
450
519
540
432
423
504
465
489
489
525
441
498
495
462
504
474
519
423
513
456
462
495
480
540
480
477
543
471
486
438
531
450
459
468
489
525
513
528
456
510
504
477
564
477
441
426
417
525
519
522
462
474
468
498
480
411
516
492
531
489
513
459
465
426
519
450
507
486
450
477
465
432
423
354
519
468
468
507
546
492
480
495
462
498
489
483
489
438
471
495
