447
528
474
471
480
453
435
441
414
477
525
525
405
387
480
477
441
525
516
483
501
510
459
498
528
465
462
468
534
504
441
492
408
468
438
483
447
468
450
459
489
414
435
501
453
510
471
498
465
492
501
483
444
477
483
567
426
504
462
483
480
528
483
513
483
498
522
420
516
441
477
432
483
474
477
468
495
486
516
483
468
510
516
453
462
426
441
525
468
504
498
495
426
474
465
555
513
471
522
492
558
471
414
453
468
471
408
522
423
522
453
483
465
444
447
465
402
441
513
441
522
480
396
483
525
438
522
384
474
507
510
468
453
450
459
546
525
450
498
540
432
513
543
492
495
438
561
450
501
528
507
519
492
420
495
492
429
543
525
507
495
501
477
504
423
468
420
507
444
471
489
492
450
498
438
459
498
582
516
510
453
498
456
423
471
489
519
468
474
447
450
510
477
525
453
429
504
420
492
462
486
462
513
426
441
417
456
525
522
528
489
426
576
432
447
450
480
501
495
414
507
438
501
540
483
441
414
423
522
486
477
468
429
501
492
453
456
489
453
480
432
492
450
423
534
453
453
510
495
447
471
462
468
435
504
465
492
393
456
492
456
471
534
546
543
510
492
516
447
501
522
510
477
582
489
501
429
423
483
444
459
558
462
495
495
450
453
438
492
519
471
426
492
522
414
486
519
528
486
438
