264
216
201
228
231
249
231
210
210
225
198
255
165
177
276
300
282
204
195
219
222
276
255
234
165
225
246
237
255
258
246
237
234
222
270
228
282
219
228
291
219
237
219
255
231
243
264
270
231
267
264
261
255
276
249
231
288
255
237
255
198
219
279
249
222
222
306
234
264
165
246
189
264
243
237
234
228
228
234
279
255
237
222
270
216
204
234
222
249
264
195
198
219
252
312
237
237
264
198
207
252
228
273
267
255
249
249
246
240
237
213
222
249
234
225
258
249
231
255
228
255
219
303
288
234
231
261
231
255
219
216
210
195
294
264
219
222
222
258
255
264
306
216
216
240
216
246
225
228
216
240
222
246
228
237
240
261
201
297
261
252
201
258
198
216
246
252
264
246
225
249
243
240
240
228
279
243
195
231
246
204
210
255
246
219
255
252
240
228
258
267
273
234
249
255
264
255
261
213
270
318
255
291
198
261
231
198
240
264
234
213
237
246
240
231
249
210
231
219
240
225
225
207
228
231
219
276
279
267
267
267
246
201
243
264
240
210
192
249
198
240
243
252
267
222
201
261
249
252
216
204
258
228
210
252
279
294
210
234
252
237
201
261
234
252
249
219
249
237
204
234
210
276
273
183
270
225
234
210
189
264
273
219
279
267
240
204
216
261
273
246
219
225
201
255
201
270
234
222
249
