264
198
264
240
219
231
234
213
234
228
246
192
237
261
240
234
222
255
243
246
183
288
195
210
243
297
207
237
231
255
249
186
216
210
270
222
216
285
237
246
270
255
243
246
204
231
219
195
294
207
270
195
189
225
279
228
225
258
234
267
231
234
264
240
204
228
246
234
234
258
270
246
249
216
219
276
213
273
243
231
285
222
240
216
201
249
264
231
276
252
234
234
237
219
276
189
264
228
237
264
192
243
216
231
270
261
234
228
255
264
243
207
234
267
261
279
225
207
225
294
294
267
228
249
258
234
219
252
240
264
207
243
234
243
204
273
258
258
255
234
237
246
207
225
222
231
207
252
258
270
231
231
303
273
234
273
261
252
198
237
216
246
210
270
285
234
252
228
204
177
294
252
219
279
267
273
243
249
279
273
234
249
216
228
261
243
216
225
207
252
240
249
294
240
282
270
207
282
273
222
198
240
276
252
276
222
216
240
255
216
261
225
255
261
213
228
210
312
204
240
228
213
312
255
228
240
237
261
261
219
255
252
237
237
264
237
168
210
195
228
210
201
228
183
264
219
237
240
252
207
222
201
258
180
228
273
204
249
276
267
234
192
231
258
261
246
246
210
306
234
231
225
240
279
309
216
219
270
225
216
231
237
225
228
240
276
303
189
231
243
228
252
255
225
246
279
282
231
270
279
