450
465
534
513
459
486
501
471
501
483
525
501
471
462
477
546
471
528
531
489
459
459
438
498
507
477
450
456
423
483
474
432
453
531
528
480
438
465
501
474
471
540
489
486
417
534
492
429
486
528
510
483
504
525
456
447
477
516
525
468
498
459
477
486
564
534
483
471
420
459
456
432
438
435
474
501
483
480
450
456
513
537
486
516
483
441
417
513
477
504
453
411
408
450
519
465
504
459
435
450
417
510
447
531
483
444
465
480
474
513
471
450
480
453
495
468
468
483
477
447
447
489
462
492
450
399
498
429
528
516
441
474
540
486
474
492
450
426
492
501
492
486
543
450
444
492
477
543
507
429
504
468
507
483
534
477
426
444
492
438
489
486
543
456
495
492
474
507
489
537
480
480
486
489
456
477
504
417
456
456
423
492
510
525
432
507
465
504
486
483
474
450
474
426
600
411
492
462
555
444
402
450
393
447
474
486
468
459
486
432
438
483
477
462
486
477
447
441
438
435
522
420
522
546
480
489
513
468
444
522
543
486
405
504
561
537
441
447
432
543
462
453
525
438
528
468
492
477
504
453
498
447
447
504
489
468
450
450
453
459
498
465
510
465
495
516
462
537
447
459
450
441
456
420
474
498
459
492
522
411
447
495
429
453
468
540
516
540
471
486
453
447
456
510
465
489
447
504
462
516
