981
1008
1041
1077
1014
933
873
957
1011
1038
945
924
924
1050
936
993
972
945
1002
1059
930
963
927
1011
987
846
981
993
972
1038
1017
909
984
1056
960
1032
1050
924
939
1014
1002
1026
969
957
930
867
936
1026
903
1011
1044
864
921
963
1032
933
918
912
855
918
963
1014
963
990
1044
1005
894
1020
843
915
1002
915
1071
837
945
930
888
966
960
909
894
924
921
1050
996
897
1026
1026
936
975
1014
1038
927
903
936
918
954
1032
1011
996
939
948
954
918
825
999
999
936
942
924
942
1044
897
1020
897
948
1026
948
969
984
909
960
846
912
909
1002
1065
1053
948
1002
927
984
954
1038
1182
903
870
900
1071
984
1008
879
903
990
879
963
918
1014
909
906
891
972
1029
864
1071
867
873
1002
990
1017
948
1017
996
1053
1047
1053
873
924
1104
909
1083
888
1011
939
1080
939
1029
1050
999
1029
1038
903
996
963
990
960
987
927
918
987
999
1005
957
1002
987
933
987
957
885
1023
948
1056
897
897
882
1020
1023
1038
936
966
999
903
942
945
852
975
996
981
996
951
972
930
960
924
942
939
978
816
1122
993
930
870
1020
957
954
1038
1056
996
1026
969
996
915
987
936
939
918
1074
1005
945
963
1077
819
957
855
942
981
933
1053
930
963
915
1017
972
969
975
930
1008
957
951
966
966
996
894
885
960
1017
996
969
915
951
1011
1008
963
1014
900
879
1056
1008
1068
984
930
999
909
1008
900
954
921
939
927
1008
