240
261
246
252
228
222
243
264
237
249
228
225
183
237
228
228
225
228
195
270
243
234
246
165
282
264
210
234
216
222
282
228
216
198
222
249
240
219
222
282
288
249
177
267
207
207
192
273
228
216
249
252
276
246
243
219
177
234
213
243
216
276
189
183
198
246
222
264
294
204
210
282
237
207
252
234
255
243
231
264
255
252
222
261
243
297
249
258
273
216
264
237
198
255
273
213
225
234
267
240
225
249
264
207
243
279
240
231
252
255
237
213
189
222
270
198
237
231
225
273
219
210
168
294
213
222
273
198
207
234
240
279
282
234
219
237
288
273
258
243
222
189
282
285
210
231
255
216
228
228
234
246
252
234
207
231
234
228
255
240
195
291
249
237
261
243
240
282
255
297
216
216
267
240
303
222
198
201
267
225
219
264
237
264
279
273
267
288
261
255
222
264
231
204
258
174
243
237
198
261
285
294
225
213
255
276
231
264
243
183
189
249
183
258
204
291
255
255
195
252
255
276
258
228
249
240
246
243
210
246
240
264
240
240
255
240
288
234
222
225
210
270
204
216
219
249
252
267
234
264
252
195
258
279
237
213
282
225
216
225
279
249
216
291
237
240
240
273
231
192
204
216
279
258
225
255
213
243
252
228
210
270
255
306
240
204
258
243
231
240
255
270
246
189
237
255
231
234
237
204
