924
864
927
921
876
951
954
870
951
924
1044
1002
972
1023
924
999
1014
1047
924
951
939
1017
951
915
960
864
966
996
882
954
954
975
933
993
963
996
924
1008
984
1035
870
936
921
969
981
939
1008
816
897
987
885
939
942
990
993
915
984
879
948
939
990
975
978
993
882
993
1062
984
939
978
1053
903
1056
975
975
1014
975
939
942
900
1026
1062
936
954
963
870
942
1008
948
900
999
939
1086
1065
939
987
1047
1059
1017
918
1062
939
1041
858
957
924
969
972
1038
972
1026
897
894
933
903
957
1014
981
1023
1002
945
849
1014
963
1023
954
936
942
933
918
948
981
936
1026
954
843
1110
960
918
999
879
1029
990
906
849
918
930
1032
855
1044
876
978
957
882
954
921
987
903
1020
1047
978
987
900
1002
1029
993
999
1026
936
942
897
939
948
867
1023
1005
993
1074
993
954
996
918
822
900
978
984
999
945
990
909
978
891
990
906
918
984
939
966
1002
939
957
936
879
993
861
897
945
852
1002
1083
972
873
894
990
906
891
1053
996
990
870
1044
951
1017
1026
1002
990
831
981
1020
945
957
1065
1038
984
987
972
963
1014
1014
1026
990
1005
996
996
945
1020
1014
960
1002
1059
975
990
930
1080
993
1026
1026
915
957
966
1017
984
1041
996
978
897
930
1002
996
1041
912
933
1080
1056
1014
861
960
951
930
987
1038
912
945
906
849
1038
972
948
954
984
1005
921
978
924
963
951
1011
975
1038
1017
