510
423
525
483
480
471
420
447
447
441
462
465
522
504
456
489
549
483
468
495
498
447
453
495
471
477
462
480
549
489
468
492
507
495
456
456
489
411
498
585
408
522
474
471
444
402
555
492
495
582
498
495
483
429
531
516
573
459
450
489
456
513
471
504
492
441
492
477
429
432
438
525
465
444
447
450
483
516
486
456
525
486
621
489
531
429
462
474
438
507
483
432
549
435
483
543
477
558
432
456
492
372
510
543
435
471
468
516
546
483
456
435
531
444
441
459
513
453
501
417
453
438
480
462
489
492
513
495
444
414
375
471
438
483
492
468
531
498
492
495
462
486
477
453
504
441
495
480
474
534
438
456
489
465
480
519
468
432
534
471
510
468
516
423
525
471
501
516
444
420
501
447
504
489
513
432
528
456
447
459
522
474
519
432
450
471
450
504
465
447
507
522
489
450
498
516
468
501
495
438
486
465
483
513
444
492
486
462
495
516
444
519
441
465
486
534
468
480
510
435
522
468
468
480
543
546
432
510
426
534
456
471
513
501
456
498
450
453
462
498
501
426
399
477
516
438
495
477
471
483
438
450
486
477
468
546
429
519
465
525
438
519
507
477
393
543
492
492
456
465
585
501
414
534
525
420
447
462
420
465
438
423
483
465
501
447
510
468
498
495
453
492
393
522
549
477
489
420
504
474
