516
459
513
462
489
459
441
492
456
480
507
516
435
459
519
471
480
444
516
507
468
432
426
453
501
465
447
471
459
489
432
453
462
501
480
549
501
510
462
480
480
513
501
465
471
471
507
450
453
528
468
483
507
471
492
429
465
408
468
501
447
528
465
480
504
456
477
498
516
534
519
510
372
507
534
399
426
480
492
495
471
474
555
483
480
495
471
456
450
462
447
492
471
375
441
489
399
441
450
363
477
462
525
468
429
483
504
396
495
492
501
519
498
495
540
468
474
522
486
426
519
507
486
432
447
444
441
426
489
510
444
465
483
498
495
498
489
531
453
432
486
447
471
492
549
477
462
516
477
519
495
546
483
384
489
381
528
549
465
465
438
492
471
525
513
426
480
489
438
489
444
516
408
444
519
477
402
525
444
501
453
450
441
489
501
489
606
531
468
534
495
492
456
441
432
453
480
483
528
543
465
432
516
459
462
480
444
495
492
471
549
471
486
513
423
480
426
405
519
435
543
489
507
480
456
468
525
462
537
504
459
516
477
501
498
462
513
528
507
486
525
420
489
519
435
456
477
498
450
501
450
429
477
522
441
417
516
516
453
474
492
423
510
534
477
459
465
513
474
399
528
408
483
462
453
462
456
501
468
429
552
462
552
543
555
522
465
408
429
546
426
408
489
513
477
489
495
450
495
489
