198
237
210
177
252
255
237
207
192
219
273
258
285
231
240
246
222
231
237
237
225
204
216
285
222
222
258
255
252
249
252
249
249
216
249
255
240
234
246
234
240
249
228
273
150
258
198
213
240
228
219
225
306
195
201
255
246
273
240
252
246
240
246
219
192
252
216
267
234
228
267
219
183
267
234
273
279
231
237
258
282
246
237
273
207
216
249
267
258
270
246
279
240
210
222
192
249
228
219
228
228
234
237
219
225
258
276
195
231
231
201
252
237
282
243
237
225
276
243
216
267
234
255
204
294
225
255
240
204
270
213
216
237
216
201
234
216
276
258
201
243
240
267
213
222
264
249
249
192
237
273
207
276
219
255
225
276
222
228
258
231
264
231
213
237
219
288
249
249
186
228
267
246
228
273
231
246
258
216
228
234
279
261
201
237
222
267
180
258
279
237
252
276
219
234
228
285
207
234
276
243
294
147
246
297
192
228
276
213
225
255
228
228
195
258
252
243
261
225
258
210
249
222
303
243
276
276
234
234
240
258
255
210
231
231
219
210
240
249
252
246
243
231
234
216
231
237
234
225
210
222
198
279
228
216
225
267
258
297
186
249
252
255
210
225
264
240
249
246
270
255
273
213
228
225
255
246
216
228
264
207
246
231
195
225
228
285
252
231
264
261
207
207
204
201
201
231
186
246
288
