252
216
219
219
240
225
237
234
258
234
222
297
273
243
255
270
207
228
270
258
255
210
267
261
210
219
216
234
273
225
219
231
243
243
219
312
246
216
240
288
222
249
222
219
240
213
225
234
222
234
276
258
225
228
195
228
216
201
192
174
246
246
189
246
249
273
279
273
228
225
183
237
255
246
225
228
234
222
237
267
198
228
258
249
228
258
255
216
216
246
273
231
243
225
237
204
294
267
207
240
234
237
255
273
186
228
252
204
228
264
204
243
252
282
249
237
288
234
276
243
258
246
270
282
252
240
258
186
225
249
252
225
243
234
225
282
180
225
279
240
234
246
216
237
237
243
201
264
234
276
258
210
204
243
261
234
234
189
207
228
219
219
225
222
243
261
288
261
237
237
213
198
231
240
216
228
249
273
213
195
246
213
243
240
219
213
303
216
207
255
255
297
249
282
276
231
228
219
249
237
204
204
249
261
243
258
258
261
255
258
273
216
297
291
255
210
255
252
270
213
231
264
267
249
222
219
246
204
246
273
183
255
222
225
228
261
222
258
285
228
177
231
240
249
285
216
225
243
225
237
216
258
246
231
228
234
261
279
249
309
210
228
183
264
216
240
270
219
300
252
318
231
246
198
261
219
246
279
234
192
261
255
174
261
195
240
237
219
219
204
282
207
222
222
231
186
237
270
240
258
