234
219
231
249
231
231
240
267
210
186
186
219
237
216
288
273
240
255
234
249
225
273
234
225
252
276
234
219
252
225
234
240
249
225
273
267
204
225
189
240
198
222
246
261
258
234
213
210
225
303
228
228
261
234
195
219
264
273
258
243
249
249
180
240
225
252
219
219
216
255
222
246
249
243
261
231
264
246
228
267
249
219
252
219
282
225
276
210
249
246
267
216
213
246
222
240
219
207
159
276
240
225
225
231
234
222
213
198
216
249
273
207
243
222
219
240
249
219
213
261
210
243
225
222
267
249
231
219
255
249
243
210
255
192
261
243
252
222
267
213
312
240
240
228
270
249
243
231
234
243
240
252
225
195
213
267
207
279
249
222
234
204
246
279
246
294
249
261
276
249
258
264
252
249
201
234
234
240
237
246
228
240
234
225
246
231
246
264
231
240
288
204
255
279
195
264
267
264
237
270
270
219
252
309
228
273
252
234
228
246
264
219
267
273
246
243
225
303
210
183
273
234
246
210
252
255
192
222
219
225
231
234
228
237
267
228
246
252
225
258
264
273
216
201
222
246
201
252
255
243
186
252
207
255
246
252
195
255
246
234
270
279
231
225
249
246
258
249
222
228
204
249
204
237
246
234
273
261
231
249
291
273
210
231
252
249
249
261
240
267
276
249
267
240
240
270
270
216
240
270
