219
210
243
234
216
279
276
258
270
246
231
237
237
246
288
240
240
192
228
222
231
288
207
237
198
225
243
252
240
198
243
231
264
273
204
234
228
240
234
246
288
192
183
231
249
228
273
258
252
204
228
204
180
243
243
228
204
270
177
270
234
195
258
267
198
222
240
294
237
225
228
264
261
237
255
219
252
249
240
255
216
276
234
210
207
240
255
234
216
231
210
252
228
264
231
255
252
258
228
258
198
303
231
234
237
246
258
246
258
249
255
240
267
258
225
270
255
222
270
228
279
201
222
258
246
222
282
258
255
222
246
213
231
240
276
267
183
255
237
213
216
252
267
240
243
264
207
228
264
249
243
249
246
204
228
195
249
228
180
243
279
264
237
237
258
210
192
249
255
240
216
237
207
222
186
255
219
258
234
228
225
252
189
222
231
246
288
249
237
261
258
195
219
180
270
216
231
261
225
255
213
255
261
297
258
267
252
276
222
210
228
210
216
243
240
255
267
255
267
261
222
225
210
240
252
216
231
180
285
198
249
219
243
246
249
243
231
261
267
264
237
228
237
237
258
228
213
207
246
174
246
246
207
276
273
285
204
198
243
234
255
228
213
249
249
237
279
261
222
225
219
216
252
234
237
258
234
234
261
228
243
249
180
267
162
201
225
243
288
264
210
240
240
261
207
261
267
228
234
249
