240
219
222
282
279
216
192
198
231
264
288
228
273
237
207
270
255
240
255
252
300
207
270
219
219
222
219
228
246
228
249
288
267
252
255
192
261
246
255
228
219
282
264
207
276
279
285
243
282
255
231
255
201
261
210
225
231
240
273
255
225
270
189
228
210
237
219
234
216
246
330
264
237
198
240
255
210
261
222
213
222
240
288
216
231
210
330
237
246
264
243
243
264
225
201
276
264
264
279
276
264
255
216
198
258
213
258
273
234
246
243
231
195
231
210
219
288
243
222
228
243
201
243
198
294
213
273
291
195
255
228
249
258
279
246
237
291
261
258
231
222
249
222
237
264
222
258
234
258
258
267
252
219
237
177
219
258
285
252
240
222
228
228
261
240
243
252
309
249
255
240
204
249
198
255
273
297
231
201
297
222
228
246
204
252
237
231
243
228
273
219
192
270
267
240
207
291
249
264
234
231
258
237
240
243
252
252
231
183
252
213
258
210
255
225
306
267
243
231
216
234
267
252
270
303
225
207
204
237
228
249
234
237
213
252
258
210
240
207
225
294
240
195
240
246
243
222
204
243
216
216
219
216
225
198
267
204
198
231
225
246
294
216
300
231
279
276
198
213
243
222
222
255
189
228
213
264
231
276
249
243
213
213
264
255
195
222
267
252
240
237
222
225
207
198
294
216
261
246
273
