420
513
531
483
471
519
492
405
423
510
471
429
450
504
501
435
414
534
498
459
411
483
453
528
543
534
504
471
522
456
474
489
501
414
504
459
420
465
561
516
495
450
453
546
495
462
483
552
468
474
507
435
444
507
498
507
489
456
429
456
522
474
495
465
408
432
399
471
552
441
483
477
480
498
459
489
507
501
486
483
519
555
495
513
423
459
429
486
471
471
537
489
462
495
477
417
480
441
429
411
408
465
501
474
516
438
462
507
441
549
477
420
495
501
492
483
570
501
474
489
474
480
429
522
504
390
477
456
474
423
537
444
516
429
543
429
480
435
438
453
483
456
465
471
408
489
453
468
456
435
432
459
513
564
486
483
438
489
447
534
585
492
462
465
474
474
453
471
468
465
429
525
480
465
516
468
492
474
498
471
468
492
465
492
435
468
540
492
489
492
573
468
450
408
468
483
426
504
450
477
498
471
537
447
498
489
552
399
555
462
567
441
435
489
474
552
474
465
480
408
501
474
432
483
504
501
525
468
477
477
474
501
444
429
429
528
525
447
495
471
561
492
486
468
450
573
459
474
456
489
480
417
480
501
465
480
465
537
447
504
522
495
465
495
423
426
471
465
480
429
489
423
501
486
417
489
471
495
462
537
495
492
438
468
438
456
567
510
498
474
450
480
420
495
534
474
519
519
489
381
