294
261
216
189
264
231
258
213
258
213
213
297
279
210
258
234
246
210
231
207
234
237
282
252
267
264
285
228
234
219
198
210
249
240
231
240
243
228
321
252
249
210
201
198
231
198
195
240
225
264
237
240
246
252
228
225
243
255
240
246
234
228
240
264
207
222
231
201
246
231
267
240
243
210
240
267
315
213
282
267
270
246
228
219
261
261
201
219
231
228
264
243
273
264
273
273
273
261
255
177
249
264
255
222
219
231
210
204
255
252
282
267
267
201
189
225
282
219
237
249
198
249
249
195
252
201
267
309
243
258
264
273
276
246
261
228
264
294
201
252
252
258
282
228
270
243
267
297
270
246
237
213
255
300
231
231
228
177
228
201
216
228
213
207
201
234
207
204
210
264
228
249
210
264
243
213
210
282
225
219
267
246
276
210
270
198
183
270
219
252
279
267
249
225
243
198
267
213
219
234
228
213
249
228
231
204
246
234
192
225
231
237
231
261
243
216
261
273
207
285
252
237
255
219
243
264
195
222
237
234
195
201
243
219
282
228
255
204
240
225
276
231
255
177
234
282
240
225
252
231
276
213
222
231
264
186
222
261
237
258
231
225
222
219
246
213
264
249
234
303
240
195
252
234
258
237
264
255
243
243
249
231
249
228
225
234
213
225
243
261
222
228
264
261
249
204
210
255
243
261
