216
264
249
237
219
237
258
225
231
270
234
225
243
243
225
234
234
288
228
231
210
261
219
216
225
195
264
213
222
231
219
237
267
258
255
234
291
276
204
255
234
210
237
210
276
264
219
279
219
222
282
213
258
228
216
243
219
243
276
234
234
255
258
255
219
201
252
189
270
252
219
249
237
201
243
231
273
222
231
252
210
228
204
240
246
213
186
216
285
228
201
243
240
249
228
225
171
255
240
237
285
252
258
207
213
273
228
231
207
282
258
270
216
246
213
228
195
270
228
246
270
183
216
195
207
225
297
237
249
321
234
231
243
168
228
240
189
210
231
240
252
222
168
246
213
240
255
291
207
234
219
276
213
192
249
288
267
204
243
234
216
219
204
276
255
240
228
231
249
270
264
276
213
276
192
210
225
240
225
216
213
210
231
240
252
240
213
231
168
261
255
234
216
255
243
243
249
264
189
210
186
216
258
252
255
225
168
204
234
213
231
210
243
303
228
243
219
213
282
174
231
303
231
252
183
285
213
261
246
267
204
255
255
225
204
249
243
228
246
243
252
276
231
234
273
264
240
243
249
261
279
255
231
189
201
240
213
222
222
231
258
219
270
240
204
228
228
204
222
240
255
186
237
186
210
243
210
222
231
225
234
210
258
240
228
255
237
210
255
207
201
225
198
255
213
231
243
267
243
219
