186
240
210
240
222
276
201
255
291
249
255
252
228
246
267
285
225
276
267
195
231
279
249
228
219
225
213
291
237
264
243
258
204
225
207
237
252
228
222
222
216
261
276
279
246
279
225
279
225
231
225
264
219
213
204
270
243
216
243
219
210
198
210
294
186
234
285
255
243
186
264
252
255
243
231
264
210
231
264
279
252
225
258
273
225
201
234
279
231
237
249
195
258
222
210
234
273
195
237
204
216
231
276
255
237
243
234
252
201
240
234
297
252
252
303
294
231
222
195
249
246
225
219
246
234
216
240
264
228
258
240
258
183
240
246
240
234
189
258
225
342
267
231
228
210
249
267
231
201
237
270
228
258
234
246
279
174
234
249
264
240
198
258
219
264
231
276
255
279
210
276
204
273
231
234
252
243
306
246
246
204
243
246
252
204
228
225
225
246
297
258
267
231
249
237
198
234
276
225
273
228
213
246
255
249
255
210
264
222
255
231
240
279
306
228
216
225
246
267
231
243
216
273
216
243
228
234
243
213
285
228
213
234
222
246
219
180
258
264
246
228
261
276
255
267
261
207
213
219
192
240
240
234
207
237
240
267
240
213
207
216
234
216
225
252
237
261
189
255
255
246
237
264
219
237
222
246
258
201
267
246
267
243
216
240
228
270
267
246
240
228
189
201
240
216
297
264
240
261
210
