258
303
240
234
240
234
252
243
216
228
243
246
264
204
264
291
213
231
258
216
198
240
249
204
255
225
252
255
264
237
252
234
216
297
231
258
183
300
258
219
204
216
258
219
240
252
258
225
246
213
267
234
270
231
231
249
249
270
198
243
270
216
240
267
276
231
228
285
228
258
228
273
252
249
201
240
264
252
243
228
270
228
234
237
240
234
276
252
246
261
189
246
225
270
258
279
225
222
279
261
258
210
228
234
228
264
234
249
204
258
246
240
234
189
195
252
261
252
285
225
210
297
222
252
273
213
285
273
246
261
228
249
237
231
258
231
207
270
273
216
285
243
192
270
228
297
264
264
195
273
231
231
168
222
240
198
270
249
216
219
210
261
255
177
300
252
267
306
261
288
273
192
207
234
204
255
255
279
213
207
204
294
306
234
294
222
198
264
207
252
264
276
219
228
264
246
201
219
255
219
231
243
261
270
219
252
264
225
270
231
270
252
216
246
234
186
177
267
207
258
243
237
234
246
288
276
246
282
228
225
216
246
204
234
201
249
240
243
213
270
195
201
222
264
255
195
270
201
246
249
204
240
246
231
219
222
261
285
252
198
249
192
252
228
174
246
294
252
234
261
246
276
213
213
264
201
192
222
216
198
189
201
249
282
240
243
249
195
237
201
237
243
231
210
207
273
231
243
201
240
