252
210
288
249
201
198
261
213
243
306
273
234
252
219
231
204
222
243
228
195
192
258
264
234
213
276
261
249
183
195
240
231
210
210
264
243
222
243
240
237
237
249
213
204
255
258
222
276
201
297
264
276
225
264
279
285
228
273
237
261
243
294
258
261
267
231
282
210
267
219
228
228
273
225
216
225
210
258
261
237
312
216
285
228
243
243
291
291
276
243
222
270
264
228
222
207
276
240
228
237
207
258
231
225
219
252
243
207
234
252
213
204
222
237
231
228
261
261
267
264
252
246
225
243
207
285
243
321
237
213
234
246
267
195
246
264
219
288
231
249
234
252
192
240
267
258
234
213
234
252
237
309
222
246
228
201
279
225
264
222
180
267
285
219
273
255
225
276
267
264
231
222
231
219
252
186
237
240
258
234
222
243
294
258
216
180
216
222
234
240
189
255
231
261
234
240
219
276
243
276
225
228
240
219
243
282
252
294
228
261
261
210
249
255
213
252
273
243
273
225
258
195
252
330
273
243
225
204
213
243
258
210
246
237
246
210
270
231
174
270
222
249
234
234
261
246
258
207
258
267
249
204
246
225
240
252
300
282
183
258
231
261
282
204
252
255
279
240
216
240
267
249
273
276
246
210
243
240
243
252
198
246
306
228
285
234
240
228
249
243
210
225
273
246
216
246
246
201
219
258
