207
228
279
213
246
267
228
270
207
216
294
204
231
219
246
252
270
183
249
201
192
249
249
261
243
279
237
264
255
273
219
228
282
192
288
225
240
249
249
252
243
246
288
225
240
219
198
225
297
258
216
246
228
255
252
216
231
234
276
252
240
291
321
270
243
240
327
252
249
252
240
228
204
255
249
261
294
198
252
231
249
198
246
231
231
285
189
216
267
261
234
240
258
228
276
216
246
264
243
240
231
234
279
258
228
267
225
219
240
225
207
228
243
276
261
210
216
249
249
249
249
228
264
261
270
189
264
237
270
219
255
204
240
276
255
246
225
228
219
237
258
237
216
264
243
249
255
240
258
222
237
228
246
261
261
192
264
285
249
204
219
237
234
267
225
255
270
174
234
285
222
261
237
213
231
213
267
219
246
228
243
255
186
195
219
210
189
273
237
219
279
204
210
219
240
288
195
240
216
258
279
255
222
270
213
246
216
240
213
240
255
225
249
228
261
258
228
222
228
219
231
213
225
255
231
177
201
204
237
252
222
285
264
234
204
318
240
231
222
225
255
219
240
165
273
261
258
213
213
204
252
204
207
228
213
228
246
279
276
183
207
189
237
252
249
252
258
258
243
267
231
258
243
213
279
249
231
249
249
192
231
222
249
234
198
219
246
207
219
249
246
300
228
258
237
249
261
276
225
246
