252
198
204
276
237
219
246
288
213
228
234
237
294
288
204
234
303
228
273
237
240
237
216
261
267
261
213
267
228
240
213
252
276
270
246
231
231
234
255
258
174
243
195
222
204
300
252
234
267
243
234
240
231
183
219
213
255
210
198
180
240
234
285
240
207
231
276
264
258
267
234
237
219
246
246
243
234
228
213
240
276
210
231
243
318
198
285
165
258
222
267
273
198
225
240
231
231
264
228
249
237
228
249
243
249
237
174
204
279
276
273
258
249
195
303
243
237
258
270
252
249
249
255
231
273
237
204
255
234
261
213
225
267
261
249
207
195
231
255
240
252
246
279
258
255
219
213
204
231
270
204
237
237
207
276
255
228
219
255
240
273
219
225
270
210
234
249
252
195
219
210
204
210
219
213
252
195
225
237
231
228
252
195
297
213
252
237
237
258
267
216
231
231
213
237
270
282
234
225
201
243
255
222
255
243
219
222
225
237
225
261
249
210
270
213
228
249
219
273
201
246
270
162
255
228
195
234
258
216
237
267
192
195
228
231
213
234
249
264
180
264
186
267
276
225
231
228
228
258
291
216
186
198
243
222
210
258
255
264
255
246
264
216
219
276
246
264
231
198
273
219
303
252
207
243
234
237
198
231
285
237
240
204
237
237
246
261
261
273
249
204
261
201
228
213
213
252
225
207
222
