258
198
246
222
183
228
243
249
213
240
222
246
249
249
258
210
231
249
258
255
252
165
231
174
234
231
228
219
255
219
273
228
258
267
249
180
216
213
258
237
237
198
246
243
261
165
279
237
246
237
240
231
282
222
237
210
273
264
234
264
255
336
252
288
219
246
258
207
246
186
279
216
204
213
228
306
228
306
276
276
225
228
222
231
225
219
246
258
282
258
270
243
255
228
264
219
246
228
237
231
192
276
219
216
231
243
189
231
201
252
249
204
234
267
246
264
198
243
225
243
204
234
189
282
276
204
231
222
282
249
231
192
192
231
201
216
168
204
255
180
234
249
270
237
252
234
240
303
228
219
276
234
249
288
243
228
234
237
219
246
246
258
255
252
243
216
234
252
216
210
246
261
213
237
204
297
225
282
231
258
267
228
264
237
231
258
210
246
285
255
270
258
225
252
228
264
264
219
225
252
207
237
336
234
288
282
246
222
273
231
204
264
252
243
213
219
234
207
231
192
198
273
267
255
201
210
273
252
228
261
240
204
192
255
210
240
288
234
294
162
240
234
285
234
273
237
285
228
225
261
267
234
216
246
207
237
252
240
261
231
246
201
228
240
246
213
267
249
249
252
243
246
270
225
210
237
234
243
243
198
255
183
216
273
243
291
300
222
225
201
216
204
210
270
258
258
267
333
276
183
