507
531
456
486
537
498
432
426
513
462
480
489
516
501
414
435
513
513
567
504
465
444
495
453
477
435
486
474
462
432
534
471
477
477
480
459
546
471
522
462
531
510
486
402
501
450
471
474
462
489
432
480
456
459
588
504
489
462
501
456
513
507
438
498
474
423
495
435
516
420
519
465
459
462
483
474
510
453
492
531
483
504
567
504
453
474
453
486
486
486
513
438
408
534
471
468
504
447
456
444
507
441
510
447
507
519
468
504
483
486
456
504
432
456
480
435
525
516
480
471
516
411
540
513
501
495
468
423
453
408
552
438
495
459
486
480
471
543
459
525
474
420
525
492
477
426
429
519
447
492
465
447
471
480
495
489
423
504
492
498
474
483
474
447
423
423
450
498
555
426
471
534
447
486
450
504
480
453
465
429
456
453
468
498
498
435
453
423
504
537
504
468
582
549
468
483
435
390
531
471
465
477
426
516
525
522
483
486
453
465
489
504
531
429
471
525
486
516
477
471
567
408
543
456
489
522
453
468
468
525
456
531
486
555
414
498
501
513
447
486
486
459
423
519
483
480
531
414
471
501
516
465
462
423
465
510
558
411
528
489
498
444
435
411
462
435
507
483
495
498
450
492
519
474
483
510
486
519
543
420
438
549
522
507
486
534
525
498
516
531
513
558
540
456
462
522
453
459
480
492
