249
243
219
300
213
246
201
195
225
204
225
261
231
252
231
258
219
219
231
183
213
261
255
231
195
258
240
231
210
249
186
204
237
258
273
243
246
204
297
246
210
225
282
249
243
204
267
279
240
234
216
261
219
186
264
246
204
234
264
300
243
264
258
234
288
219
261
204
237
246
270
252
258
234
282
237
282
243
213
291
237
207
231
297
279
243
264
180
246
255
219
255
201
189
279
252
261
243
231
267
204
243
228
243
216
222
246
219
252
267
189
249
276
222
216
231
276
285
225
249
267
201
228
264
198
207
240
228
210
231
189
243
255
258
243
297
288
231
279
207
219
267
255
192
219
318
198
222
300
201
204
231
267
294
210
285
183
228
255
216
252
201
222
237
237
279
255
255
216
228
231
210
246
285
183
252
228
222
225
237
231
231
252
243
240
261
273
294
234
276
246
225
240
234
255
192
282
258
201
210
267
213
240
297
261
216
258
237
231
249
273
240
249
237
264
291
231
183
270
243
228
240
270
162
219
261
213
252
225
279
225
279
195
252
225
261
327
255
261
222
225
204
225
249
240
228
255
312
273
234
309
195
225
219
261
267
264
261
243
186
228
225
276
249
267
273
279
219
207
204
273
189
273
270
276
222
252
252
225
246
207
219
258
240
234
234
234
213
249
225
222
237
246
246
225
222
225
183
252
276
