252
225
231
216
246
228
261
210
246
267
255
279
294
285
264
216
252
222
267
210
285
267
219
225
228
273
204
192
234
213
276
270
228
234
198
264
240
219
225
237
234
276
243
228
195
297
243
273
312
276
261
285
219
243
192
204
249
252
201
249
252
234
195
237
201
234
213
216
240
264
246
225
222
228
264
240
219
234
210
261
210
258
243
234
222
234
264
219
273
258
174
228
219
240
282
210
264
219
231
240
246
234
231
240
258
222
240
288
198
240
186
261
234
231
252
291
204
246
231
270
243
270
225
249
240
234
237
243
201
285
231
285
249
231
249
273
219
210
252
294
261
186
219
291
198
183
216
222
249
255
240
213
255
246
243
249
204
219
267
240
240
231
234
234
255
222
240
234
270
285
231
222
243
210
201
219
207
273
240
291
237
234
222
216
264
318
243
225
231
219
219
240
222
240
261
222
228
285
252
240
267
243
222
231
210
243
207
213
258
201
261
219
246
201
189
225
231
258
243
231
225
225
219
285
258
252
261
207
270
207
237
213
243
195
264
273
234
228
252
207
264
255
249
228
255
186
225
210
249
237
237
198
231
279
279
216
288
216
240
225
264
276
282
303
252
177
249
198
216
222
285
246
216
243
243
291
267
279
267
273
201
219
240
264
213
204
225
198
228
276
231
222
270
246
249
234
225
213
249
267
