207
240
252
201
195
303
231
219
342
189
252
234
255
216
219
291
243
222
273
216
252
282
267
264
216
201
240
213
279
231
189
276
237
237
222
246
234
198
258
204
240
252
246
240
255
234
225
243
225
234
243
225
249
264
276
246
249
222
222
219
267
219
246
273
261
240
261
213
264
246
249
300
186
240
234
231
210
165
198
279
213
219
267
222
237
258
189
225
231
270
270
216
240
243
219
270
237
249
222
225
246
204
249
252
231
213
255
264
270
252
258
288
198
261
276
279
219
237
240
246
237
228
204
258
228
192
195
222
273
261
276
234
219
255
228
216
231
201
219
252
237
198
249
231
246
270
228
222
219
195
237
273
312
273
210
225
234
246
234
285
231
240
276
240
240
216
228
228
231
225
273
276
222
225
267
252
249
228
207
243
261
249
234
255
222
285
282
237
243
231
267
258
207
204
213
261
264
231
264
267
237
225
198
207
246
270
228
285
285
234
246
222
261
228
210
240
270
285
249
273
282
165
279
279
282
294
213
270
255
297
240
177
276
282
264
219
231
249
225
228
249
222
222
219
252
195
252
249
312
243
249
225
222
240
204
246
225
249
219
210
243
237
240
207
267
240
252
249
261
240
231
279
306
216
246
306
228
189
270
237
261
225
246
249
267
198
246
270
213
204
207
234
276
204
264
258
246
222
234
279
