234
234
237
210
210
279
246
234
264
252
231
261
288
207
264
183
228
276
219
249
270
264
261
258
255
189
246
252
231
288
264
249
198
240
201
198
231
228
258
285
213
252
267
216
195
270
276
213
237
249
270
237
285
240
210
207
237
207
225
243
300
258
243
246
255
240
297
246
204
252
255
252
264
240
222
243
285
222
213
240
210
204
201
240
216
246
210
267
213
267
231
285
288
222
216
255
213
186
252
231
252
234
222
270
258
207
234
231
228
240
258
237
270
204
216
216
249
249
195
258
261
213
264
279
279
231
222
267
240
225
249
234
234
273
195
162
270
213
279
234
255
288
225
228
189
213
219
240
216
273
210
294
234
225
222
210
258
249
237
237
246
264
252
243
258
258
195
312
255
219
201
192
282
237
267
258
264
186
294
249
246
231
222
300
213
243
222
294
195
240
201
243
255
231
183
252
258
213
249
243
276
252
231
219
195
234
279
267
300
267
267
273
237
252
249
222
228
285
234
219
222
279
207
252
225
255
198
237
225
219
204
279
237
246
243
186
249
270
240
225
228
213
273
234
285
216
207
216
201
279
219
231
246
222
246
249
240
282
243
264
273
264
195
300
258
261
228
339
231
246
276
198
276
309
246
231
285
249
219
225
267
264
252
237
228
228
252
267
216
249
159
249
210
267
246
264
231
246
243
186
