216
225
306
267
195
219
258
282
273
294
192
258
255
318
240
213
249
249
219
246
246
270
258
228
204
231
246
240
276
246
261
276
231
195
177
210
261
243
246
237
273
234
276
282
255
261
237
198
246
276
210
261
243
225
264
210
261
279
258
258
222
288
201
228
228
207
201
234
258
219
207
222
285
255
258
237
228
243
294
255
216
258
246
198
276
258
192
222
264
243
270
246
264
270
222
213
225
201
213
216
261
222
276
210
237
261
288
195
294
225
243
225
189
225
246
231
267
237
240
225
249
219
267
258
222
240
258
246
273
210
264
255
246
234
240
249
318
276
207
219
267
240
267
243
231
240
231
171
195
231
219
273
270
210
216
279
267
273
210
219
225
261
282
258
237
246
246
258
285
252
183
237
237
252
267
228
255
195
222
213
255
249
267
216
228
195
228
252
249
252
237
246
264
282
219
276
264
246
261
255
222
261
252
243
231
231
255
258
258
180
276
228
228
258
210
252
198
222
264
252
204
198
225
216
237
279
252
231
249
222
222
210
243
279
222
234
222
198
204
255
228
267
222
231
240
261
261
201
219
186
192
237
267
249
219
201
240
189
267
294
252
204
264
237
198
231
246
237
225
276
174
267
273
225
246
231
276
258
270
270
228
255
237
270
231
240
246
240
222
225
225
246
276
231
213
276
231
213
270
279
