2607
2553
2589
2832
2646
2622
2664
2580
2529
2490
2592
2658
2547
2598
2487
2691
2607
2691
2703
2556
2721
2661
2541
2664
2688
2607
2823
2796
2745
2637
2517
2619
2613
2475
2781
2700
2697
2652
2565
2559
2781
2703
2706
2517
2595
2688
2622
2691
2553
2622
2655
2784
2643
2490
2694
2517
2715
2637
2619
2622
2628
2526
2718
2565
2757
2493
2757
2727
2652
2667
2517
2658
2658
2649
2472
2778
2778
2487
2625
2517
2748
2634
2739
2601
2667
2625
2733
2547
2736
2700
2451
2571
2823
2616
2688
2706
2652
2703
2634
2877
2700
2547
2679
2601
2667
2757
2655
2523
2637
2619
2691
2559
2808
2610
2709
2607
2835
2706
2595
2553
2640
2523
2601
2631
2748
2523
2622
2574
2652
2697
2727
2697
2697
2640
2718
2646
2751
2496
2919
2655
2517
2733
2598
2568
2523
2727
2625
2724
2556
2763
2571
2598
2649
2649
2802
2664
2682
2610
2673
2718
2598
2586
2610
2574
2583
2736
2790
2616
2562
2652
2478
2610
2595
2742
2583
2838
2748
2751
2727
2682
2736
2688
2523
2712
2649
2631
2754
2598
2673
2736
2604
2574
2613
2454
2733
2544
2712
2571
2493
2637
2649
2877
2763
2598
2628
2589
2712
2460
2604
2640
2565
2634
2664
2766
2616
2526
2628
2580
2679
2634
2439
2640
2685
2691
2670
2691
2541
2640
2745
2754
2448
2649
2703
2475
2631
2601
2670
2589
2751
2718
2727
2628
2481
2646
2523
2532
2616
2667
2820
2781
2676
2592
2772
2715
2637
2700
2700
2505
2574
2571
2547
2667
2649
2688
2604
2643
2601
2673
2775
2628
2592
2856
2604
2775
2709
2493
2700
2556
2745
2799
2703
2673
2577
2628
2568
2772
2601
2541
2652
2532
2760
2541
2676
2571
2766
2613
2589
2481
2562
2733
