264
249
216
246
264
216
210
216
252
216
270
189
291
228
216
261
246
264
297
216
234
246
252
255
318
246
285
240
231
213
216
222
243
282
264
219
195
243
234
267
270
222
243
222
198
249
228
267
237
234
228
225
246
246
192
225
252
210
282
237
213
243
237
225
219
285
234
222
279
231
222
216
228
258
216
276
273
243
222
222
237
216
186
255
225
249
261
216
216
216
243
285
237
270
237
222
258
216
294
198
222
267
243
219
231
240
258
243
219
255
273
216
279
276
234
198
189
258
255
246
225
234
318
249
288
228
219
216
210
231
231
234
219
249
228
219
210
219
264
213
276
186
207
222
180
249
219
246
252
249
258
231
249
237
228
288
294
252
213
243
267
267
303
237
285
249
291
258
243
258
246
225
213
249
240
219
276
249
219
270
261
225
252
255
225
243
216
246
225
237
243
222
237
198
255
231
258
246
219
273
228
264
237
285
249
219
237
294
204
231
258
246
282
216
225
210
273
210
255
252
252
255
252
258
258
219
240
306
228
258
231
276
213
276
279
228
213
255
210
222
273
198
213
243
219
219
249
252
183
258
240
174
225
252
204
237
267
180
234
261
267
258
222
258
210
237
231
246
216
198
249
270
306
246
270
213
249
225
255
279
261
219
249
222
291
216
243
207
216
258
258
258
186
276
264
237
249
261
255
279
