210
234
246
231
273
213
225
285
231
195
231
210
213
249
285
246
246
285
237
234
261
195
246
270
231
216
228
225
219
183
234
273
231
249
213
261
240
198
201
216
183
237
204
210
237
267
294
279
252
252
213
249
255
219
222
225
276
243
216
234
243
225
285
240
240
210
267
213
255
252
213
207
192
204
270
252
225
255
288
252
288
237
225
219
297
237
246
261
198
228
270
234
213
249
237
180
258
228
228
258
204
231
216
216
252
243
279
264
282
300
231
231
255
267
216
213
243
222
234
267
240
252
198
222
246
210
204
231
246
300
261
192
234
270
243
231
258
243
261
219
219
231
234
219
192
174
258
240
288
264
228
222
216
243
249
276
228
207
234
309
243
234
210
294
222
237
216
177
246
237
225
276
255
237
237
225
204
246
189
258
240
222
207
246
231
231
216
279
252
252
258
276
210
207
303
240
246
240
279
291
201
177
261
264
210
234
246
225
282
201
231
237
255
213
219
267
198
186
213
246
255
216
225
213
231
216
228
270
324
258
249
231
225
285
213
228
219
276
219
195
198
321
231
294
255
216
240
219
234
216
276
222
258
189
273
240
261
225
231
270
240
255
240
195
198
225
267
264
264
231
231
222
207
249
237
219
231
195
252
192
243
243
222
189
231
237
231
237
213
210
228
189
225
198
225
207
300
210
240
237
