252
222
249
264
228
225
216
249
252
273
225
267
228
204
255
261
252
222
201
210
252
240
279
264
273
231
237
201
222
225
222
201
225
219
264
240
240
243
219
279
231
264
285
246
237
231
228
210
222
240
264
219
210
279
225
219
297
240
285
237
246
222
255
213
258
267
252
210
231
219
234
240
225
210
249
204
255
237
255
240
255
225
300
222
189
300
282
273
237
216
276
246
225
210
228
270
240
213
246
198
252
198
237
189
231
264
267
255
228
240
246
210
225
243
231
228
258
288
246
210
237
234
225
243
246
219
264
213
213
261
243
246
255
219
288
270
240
228
243
231
270
231
192
261
195
204
252
264
234
246
255
276
231
207
198
264
240
225
213
222
222
219
198
240
306
279
246
189
246
237
243
312
219
222
225
228
276
273
255
309
228
210
210
255
243
234
282
240
240
237
222
225
270
195
210
237
258
222
219
201
231
231
270
264
213
255
216
255
231
234
210
207
252
213
249
231
249
228
237
219
216
204
306
246
228
204
222
267
270
198
225
252
252
210
186
192
246
246
258
189
234
273
276
198
222
240
237
264
243
225
246
264
249
324
207
234
270
222
189
267
243
291
246
234
237
270
234
243
231
216
192
249
252
270
240
222
195
207
276
207
234
255
225
252
219
243
237
213
192
237
243
180
210
267
246
252
204
201
246
231
