243
252
255
207
240
240
195
219
237
243
222
258
255
234
240
246
213
252
234
291
207
222
225
249
243
243
219
234
228
219
216
258
213
255
300
249
252
231
240
231
222
252
216
234
291
225
219
303
267
201
207
243
222
219
225
249
216
210
276
267
216
288
210
225
261
258
219
216
231
267
246
264
183
252
264
234
228
264
225
258
234
249
258
225
291
267
198
237
252
219
258
258
255
237
264
210
303
216
246
246
237
285
228
255
231
264
231
261
273
237
213
207
231
213
216
237
255
228
273
225
198
198
237
249
255
240
219
252
198
237
246
228
180
255
270
249
273
258
231
186
258
249
246
249
216
159
249
246
243
210
261
249
255
210
261
243
216
234
219
267
234
255
156
213
240
246
267
222
210
234
252
243
213
237
201
267
234
258
249
219
240
213
273
255
192
231
264
210
219
255
204
237
237
210
219
279
240
273
309
258
237
246
303
222
204
231
222
249
237
186
243
255
222
264
258
216
240
255
264
201
225
225
261
294
231
240
249
216
243
231
219
222
225
201
234
246
258
309
312
291
216
246
249
267
237
249
222
225
264
243
219
273
285
231
222
204
255
261
219
279
297
213
273
222
210
246
273
225
264
240
234
195
240
225
264
252
219
198
186
213
261
222
252
222
255
225
315
213
225
276
234
261
234
225
234
219
231
279
210
249
