213
294
243
222
246
255
270
219
234
192
216
249
231
204
279
246
237
201
228
255
252
252
258
249
285
240
219
204
288
216
240
222
228
267
237
270
204
216
294
213
252
225
306
213
240
189
222
246
228
183
258
252
249
258
246
285
231
246
249
243
204
228
264
240
210
222
246
255
246
264
219
234
303
258
249
276
237
255
198
246
261
255
279
225
204
183
228
258
237
252
225
213
267
282
210
249
246
204
249
207
228
285
225
222
231
207
267
240
279
222
249
273
240
240
213
243
324
231
261
231
258
225
231
240
240
246
225
228
249
270
255
261
252
216
213
282
243
255
267
219
222
246
231
285
231
237
243
285
252
201
237
243
228
228
219
255
243
264
246
225
240
228
234
228
279
246
234
300
201
246
204
228
240
288
261
249
237
201
216
243
246
201
198
195
207
258
234
225
237
213
237
261
246
234
291
216
222
279
246
249
243
210
225
222
243
273
204
264
246
219
246
276
276
228
252
228
249
210
234
216
249
249
234
207
282
180
222
222
231
252
246
249
207
264
213
294
246
222
228
264
219
219
225
264
237
213
255
255
186
261
255
207
183
219
231
237
276
267
234
258
252
222
288
231
225
246
237
228
174
216
318
204
234
231
249
294
213
210
249
279
252
267
210
291
228
204
243
288
279
213
198
288
246
243
201
216
231
294
222
246
