237
264
210
258
243
246
231
240
279
249
195
240
249
246
258
231
240
285
234
264
258
246
258
252
213
246
225
258
261
225
237
291
246
255
261
180
246
228
219
219
267
177
222
258
216
222
291
282
216
255
261
240
201
198
192
210
222
270
216
243
306
258
258
210
264
207
252
243
207
240
285
222
225
300
270
297
252
285
234
282
210
267
225
192
270
192
285
240
252
243
267
219
249
285
243
216
237
225
258
345
279
255
300
294
207
255
240
237
204
240
261
261
261
258
261
210
219
234
189
228
231
231
222
267
273
273
273
255
252
237
249
228
219
210
267
294
225
213
213
240
264
225
255
261
234
279
237
225
219
261
225
237
216
291
216
201
252
249
285
267
273
255
270
228
249
231
243
243
228
198
237
249
225
246
237
264
186
243
243
237
279
264
195
246
243
264
252
201
243
228
249
255
222
261
198
267
222
270
243
237
243
216
219
243
243
231
273
294
240
258
255
231
192
228
294
240
291
222
231
273
237
288
243
213
252
207
207
258
228
222
240
300
240
183
237
237
213
198
240
267
225
234
267
189
222
243
243
270
219
288
255
243
219
234
231
237
207
237
258
231
282
216
219
270
252
207
195
222
240
219
213
213
252
249
210
234
252
234
255
264
225
246
216
255
237
270
261
255
213
234
213
270
192
210
240
240
228
252
216
252
