231
246
249
255
276
228
264
246
141
267
291
213
264
240
234
279
285
249
234
201
210
255
243
240
255
258
216
246
201
204
195
216
213
228
243
273
237
240
210
243
204
270
240
222
237
222
228
192
219
219
258
231
279
210
243
264
279
213
243
225
240
243
246
267
231
249
267
222
219
282
231
258
240
258
285
198
249
204
237
213
243
246
246
258
264
270
243
336
231
297
270
264
237
285
183
219
222
216
216
228
279
231
246
255
246
255
216
243
228
246
264
228
258
201
285
210
210
192
210
240
237
198
252
222
225
237
231
228
219
207
252
228
225
246
225
267
246
243
219
204
222
198
222
249
288
198
252
261
213
279
261
234
288
222
237
207
225
285
267
228
249
243
213
228
222
240
252
228
279
240
282
246
300
219
192
174
270
276
252
204
267
216
231
219
240
234
291
222
252
228
219
225
270
249
225
207
213
276
246
252
231
255
249
240
243
246
201
324
234
270
261
219
225
231
228
249
201
240
267
234
210
273
234
237
267
225
201
261
261
297
186
243
228
180
219
210
261
222
222
276
174
273
249
267
249
279
216
258
252
243
225
237
189
219
228
261
234
228
216
222
249
216
210
243
240
282
252
234
240
261
255
267
225
243
231
270
267
276
222
249
237
267
255
183
252
219
228
228
195
261
258
261
279
216
201
246
243
264
270
258
