249
240
276
225
255
297
273
255
213
246
225
210
240
246
210
216
216
258
198
240
237
207
222
225
228
195
255
237
231
240
216
258
273
279
204
246
207
315
225
213
204
246
222
237
207
273
249
234
273
261
255
222
195
210
198
240
192
255
312
261
234
249
192
276
264
240
234
291
246
240
273
252
231
222
231
255
228
258
204
279
234
222
252
243
210
234
222
258
213
240
210
186
219
270
246
240
267
237
255
213
198
264
234
201
228
243
198
186
213
228
225
249
228
219
261
228
198
258
261
267
258
234
264
213
219
240
258
198
225
234
249
219
222
312
234
267
291
219
240
198
210
189
264
237
240
246
192
228
207
231
219
225
231
246
231
237
234
258
252
261
240
237
258
243
219
216
225
213
231
240
234
228
255
225
276
210
195
282
240
267
225
258
258
216
255
264
219
270
237
207
225
222
222
246
228
252
192
270
282
234
201
246
243
279
315
240
309
246
243
273
240
234
267
288
243
228
243
207
222
246
246
213
213
285
180
282
231
279
186
273
276
249
231
213
276
261
246
243
222
267
243
225
255
267
246
204
234
309
237
237
228
225
282
228
204
300
249
258
216
201
246
288
303
240
255
234
210
279
210
255
282
255
273
285
219
279
213
258
210
255
222
246
228
198
273
243
261
273
267
201
219
219
228
201
258
258
255
234
192
267
