2703
2502
2547
2739
2499
2679
2730
2652
2679
2664
2646
2535
2706
2583
2622
2631
2631
2466
2706
2649
2700
2697
2649
2769
2604
2802
2742
2595
2634
2679
2769
2610
2700
2664
2697
2754
2661
2721
2616
2625
2562
2529
2547
2733
2664
2676
2646
2709
2613
2685
2592
2736
2571
2754
2658
2643
2586
2568
2613
2607
2604
2613
2547
2739
2535
2574
2655
2742
2535
2610
2679
2622
2529
2754
2697
2673
2511
2520
2589
2631
2490
2739
2625
2568
2691
2574
2793
2679
2589
2646
2784
2691
2796
2739
2658
2721
2799
2679
2634
2541
2706
2640
2445
2688
2538
2565
2490
2556
2586
2484
2571
2697
2598
2655
2673
2622
2553
2619
2532
2667
2784
2562
2718
2463
2772
2787
2535
2583
2553
2694
2658
2706
2547
2628
2523
2541
2691
2583
2634
2730
2466
2535
2595
2658
2580
2673
2634
2751
2610
2757
2754
2532
2502
2652
2619
2736
2544
2652
2784
2739
2565
2574
2562
2715
2823
2526
2670
2511
2571
2700
2610
2556
2631
2748
2538
2778
2637
2661
2571
2703
2424
2799
2625
2505
2619
2766
2673
2850
2667
2700
2646
2637
2727
2658
2724
2643
2556
2628
2559
2757
2703
2640
2685
2511
2613
2718
2538
2667
2535
2655
2634
2499
2580
2583
2868
2619
2598
2667
2586
2649
2613
2604
2601
2610
2622
2574
2793
2499
2649
2490
2577
2652
2688
2574
2520
2598
2478
2661
2622
2679
2616
2784
2583
2700
2730
2532
2658
2736
2490
2643
2583
2646
2652
2781
2847
2607
2523
2589
2763
2739
2697
2814
2772
2460
2706
2673
2664
2610
2556
2634
2676
2526
2718
2565
2643
2535
2580
2733
2739
2718
2643
2748
2586
2625
2496
2712
2793
2484
2610
2622
2574
2649
2565
2544
2625
2562
2559
2715
2541
2520
