228
258
267
234
297
294
228
243
234
261
261
234
240
252
234
237
252
225
231
222
204
228
252
234
228
264
198
210
300
252
267
222
225
273
237
246
249
201
267
204
258
207
243
258
237
225
222
222
240
264
210
207
264
231
231
279
273
246
276
243
225
231
249
252
189
219
234
273
204
267
228
267
255
204
189
219
264
234
249
234
270
243
207
204
243
243
240
294
297
225
237
204
180
213
255
264
222
273
228
219
225
261
249
204
198
279
240
327
201
198
231
282
273
270
288
225
252
210
264
228
207
240
255
222
258
243
246
267
231
243
261
231
264
276
195
243
252
258
261
225
243
270
270
240
213
234
189
252
249
210
252
246
225
270
240
240
240
213
270
255
237
252
201
246
261
282
273
258
213
258
213
234
276
285
279
270
246
264
204
273
195
264
234
222
216
291
213
267
231
252
273
258
213
201
234
261
225
219
231
240
216
189
252
246
252
252
255
237
282
213
219
198
228
267
234
264
246
216
210
234
294
177
243
300
246
258
210
228
234
255
255
264
237
234
234
204
246
246
243
249
216
234
258
303
231
255
219
249
219
294
225
237
240
222
300
219
258
252
228
264
273
216
276
177
249
222
264
252
258
210
237
252
252
219
219
255
255
273
267
243
246
270
207
228
210
273
237
240
237
249
225
255
231
216
225
270
258
222
222
261
