225
246
276
234
261
186
255
246
267
213
243
231
240
264
216
240
255
285
246
234
204
234
240
246
267
258
243
285
186
270
246
288
234
249
237
240
234
252
270
258
243
216
237
228
240
264
219
255
258
273
231
237
240
267
258
258
225
234
213
234
225
225
228
261
231
234
282
249
198
285
246
207
252
270
249
246
237
246
189
264
264
204
216
243
240
291
216
237
255
240
237
267
240
225
246
288
240
219
240
198
306
246
249
225
228
195
198
264
291
231
252
246
213
255
267
267
276
228
219
246
252
198
285
201
243
240
210
213
213
201
291
228
240
228
240
246
246
246
231
222
216
267
219
219
189
297
261
216
306
261
204
234
210
261
321
276
270
234
282
240
237
249
216
240
261
240
267
213
255
255
270
279
222
234
252
255
246
252
252
222
282
240
231
213
204
231
264
240
192
222
198
210
276
273
306
288
243
195
270
270
258
225
195
183
249
228
198
309
189
231
255
231
285
264
186
258
228
252
234
210
261
237
204
261
231
204
219
192
276
252
231
276
264
264
264
216
180
264
264
246
267
294
267
234
288
198
258
234
270
228
234
243
228
234
243
234
282
261
258
288
234
228
213
261
276
222
234
210
180
252
192
249
201
288
243
252
225
207
186
255
201
201
261
273
306
282
243
234
261
246
231
222
222
282
228
249
219
198
228
252
