183
207
288
228
252
219
213
207
219
216
234
273
240
249
270
267
285
240
213
213
189
222
237
234
186
258
222
234
261
255
255
234
258
234
237
240
264
252
255
249
243
255
255
207
234
219
231
234
231
243
228
252
225
231
255
258
216
258
222
237
237
210
219
264
249
243
288
270
267
231
255
246
252
243
276
216
279
258
261
252
261
240
249
255
216
252
255
276
228
267
210
252
225
219
273
216
246
240
225
237
279
219
198
270
279
177
237
297
222
219
237
225
231
216
258
285
198
225
204
246
228
246
252
261
258
267
282
222
240
291
225
222
195
219
225
234
219
273
222
231
201
291
231
276
288
231
249
279
243
252
288
258
216
228
273
198
225
195
216
246
246
231
237
258
252
315
213
228
219
249
276
204
237
213
216
228
225
267
261
255
246
240
234
270
210
246
261
276
258
183
240
252
216
213
213
285
207
243
279
255
228
264
228
189
267
240
204
216
210
258
258
225
198
225
222
207
201
276
270
240
201
216
186
264
231
204
231
198
249
195
204
228
240
228
240
279
192
222
237
258
219
210
240
216
240
222
264
234
264
258
243
231
204
240
222
216
231
219
222
276
210
207
231
222
219
246
207
228
261
219
237
237
207
234
210
261
231
213
204
252
249
216
264
210
222
294
213
216
261
258
216
285
243
273
222
249
258
258
219
270
