213
204
216
210
213
279
249
225
273
249
228
285
249
249
222
204
237
243
231
249
276
273
249
240
204
204
195
261
216
216
285
204
201
285
261
195
246
276
225
261
237
246
279
249
234
276
309
237
213
204
267
228
237
258
246
255
210
273
255
189
207
276
186
231
252
279
207
249
276
231
237
219
234
300
273
243
276
234
270
195
204
237
213
231
216
222
246
207
213
258
231
213
300
237
207
261
234
183
243
222
249
243
210
240
246
228
291
297
192
249
297
240
216
228
258
219
234
261
228
258
258
222
261
219
189
231
294
273
261
240
198
249
231
219
222
258
273
243
219
222
243
207
180
234
261
237
225
210
258
270
273
198
249
255
324
291
267
210
237
249
204
213
210
231
228
183
249
225
231
222
240
213
201
276
249
279
219
276
213
264
219
264
234
288
216
264
192
237
216
219
225
288
276
228
219
234
252
279
249
222
228
267
246
270
165
273
249
279
264
231
249
243
222
237
216
237
261
273
291
264
228
237
252
252
222
255
246
261
222
309
249
216
234
252
240
222
237
333
201
252
264
267
252
210
237
231
255
234
210
267
201
240
189
261
285
234
282
222
222
222
252
270
279
264
225
297
276
273
201
243
249
231
216
270
219
243
243
237
201
267
213
243
252
198
231
273
246
282
288
276
246
222
237
216
234
258
243
240
252
246
