234
222
186
282
234
294
279
255
258
264
276
231
246
267
240
276
228
258
285
219
255
255
246
264
273
216
216
222
246
219
222
213
228
225
219
216
243
207
225
267
267
240
189
228
237
273
219
228
228
231
204
258
261
282
276
210
246
198
240
237
195
276
240
198
276
261
237
231
249
246
255
249
270
198
240
258
231
249
237
249
213
216
237
210
252
198
210
201
249
201
246
294
195
228
312
267
201
258
225
174
195
276
216
297
234
228
234
252
279
237
258
225
228
237
243
264
231
234
291
228
231
231
276
219
294
297
255
252
267
231
216
231
231
246
228
219
237
261
237
222
267
258
279
282
264
210
231
249
261
252
258
204
252
303
213
231
237
195
258
246
273
294
231
231
249
273
270
201
246
276
168
297
267
258
255
261
195
273
243
234
222
312
264
207
225
246
249
261
219
303
285
261
234
213
270
249
288
258
234
228
246
237
231
234
258
213
276
228
210
258
267
267
219
228
231
240
267
192
186
273
273
228
204
231
273
231
240
267
252
279
273
225
231
249
309
273
264
285
231
246
261
228
258
225
216
192
216
258
285
255
237
258
216
195
276
258
246
249
279
237
243
261
210
246
213
228
255
237
261
237
258
240
234
231
228
225
213
216
228
234
207
279
207
264
285
222
246
207
240
198
231
213
174
276
228
279
237
234
213
210
