231
261
198
222
198
240
261
264
267
270
213
282
243
234
222
273
270
216
261
252
225
204
258
195
255
270
270
285
213
285
219
282
204
261
210
252
261
204
237
243
180
216
243
240
228
270
216
240
258
213
261
219
234
222
210
258
237
240
228
228
228
243
291
222
237
198
249
231
273
216
261
237
204
222
261
216
231
219
225
198
240
276
225
261
225
240
219
177
255
228
207
225
285
234
246
270
306
234
210
228
243
243
213
222
240
258
309
219
264
231
189
258
198
258
210
231
246
216
249
237
219
282
207
285
216
246
249
252
249
237
216
288
234
201
261
210
243
252
276
276
204
237
270
237
222
219
213
234
246
240
234
279
288
258
207
267
258
249
225
234
246
225
255
219
243
270
276
234
249
240
267
264
249
210
210
195
234
228
267
237
270
252
228
222
231
192
210
246
294
222
243
255
222
222
246
207
267
231
225
222
210
276
237
273
252
237
306
252
231
237
249
249
297
210
276
270
270
231
207
210
204
180
222
288
246
198
249
273
201
315
234
279
219
252
309
240
258
240
237
234
222
237
234
267
258
219
264
213
237
246
294
219
237
252
210
309
258
186
276
231
240
168
237
234
240
255
219
291
273
231
240
234
210
228
282
195
237
258
285
246
246
258
258
219
234
222
294
204
243
312
246
231
234
213
225
249
210
198
285
261
