279
168
204
228
240
219
252
213
219
231
207
258
279
210
252
207
261
216
243
207
246
306
231
210
219
225
249
264
231
210
228
210
198
207
207
246
225
231
282
243
225
219
264
282
213
288
237
264
255
294
273
228
222
213
309
234
237
267
264
183
276
273
207
189
204
246
228
252
225
216
261
261
237
231
237
270
291
252
240
240
243
219
279
228
231
261
234
237
216
210
225
222
273
252
231
273
222
240
231
237
243
267
258
216
252
303
240
222
285
216
177
219
225
273
258
225
252
225
249
228
258
243
258
222
240
183
249
225
240
231
261
261
294
243
243
258
192
306
273
204
210
243
219
210
213
237
273
240
222
258
279
237
207
249
222
243
270
252
246
207
243
249
252
264
243
258
261
210
252
255
228
255
261
273
186
306
246
246
261
168
258
273
231
174
225
255
246
207
249
228
201
243
285
243
222
249
207
243
225
228
252
234
279
297
243
273
216
207
273
264
213
237
246
228
225
189
243
213
270
231
228
204
207
273
261
249
273
261
216
237
231
297
270
261
243
240
252
258
243
195
222
252
270
273
288
219
243
252
261
270
255
198
240
201
249
234
279
198
276
222
249
267
255
222
276
222
234
222
219
270
276
270
246
246
249
246
243
207
237
204
237
198
231
237
258
270
222
234
231
219
210
201
267
234
228
210
261
249
222
252
