186
252
234
207
249
243
225
198
246
258
240
234
264
231
249
258
264
204
234
252
255
204
237
276
243
288
252
300
210
195
231
246
249
252
231
219
282
240
222
222
204
225
231
213
243
198
249
234
249
207
213
216
186
285
252
261
222
228
225
246
249
231
249
264
282
261
201
282
243
246
303
198
303
228
255
213
273
222
276
189
240
258
210
294
207
264
267
246
222
312
243
195
303
249
213
258
261
255
273
255
225
210
240
234
204
231
210
243
291
249
249
198
270
261
240
249
231
213
258
222
285
258
243
261
276
228
252
252
273
216
213
240
240
234
246
228
246
252
222
183
291
255
249
204
222
201
231
210
240
225
258
264
264
276
261
207
210
237
225
222
219
276
210
222
258
240
258
261
255
240
198
237
288
219
222
240
246
249
288
222
225
201
270
279
219
231
270
267
246
231
222
255
252
276
264
183
240
195
240
216
249
225
216
258
264
261
210
216
234
246
273
219
222
216
246
258
177
225
270
273
273
222
267
213
234
258
291
246
225
264
186
225
291
252
243
270
240
237
243
228
264
246
201
270
195
282
252
228
234
216
180
228
258
231
213
261
258
228
201
246
252
207
303
228
279
222
231
252
276
228
228
273
234
231
240
285
282
213
204
225
225
231
210
207
216
249
270
258
225
240
186
291
198
252
261
240
255
261
255
222
