198
255
225
228
294
267
207
225
246
261
222
252
240
231
201
237
249
222
276
246
279
204
240
216
189
234
243
231
222
246
225
216
225
210
246
276
216
201
255
240
210
291
222
282
246
303
222
234
231
222
243
270
273
258
201
210
228
270
207
249
294
261
291
246
267
231
252
240
234
234
246
255
246
216
282
294
237
240
258
243
225
216
219
255
261
204
228
258
237
282
282
276
252
246
258
213
240
234
231
231
201
264
234
255
279
246
246
240
252
246
225
279
276
222
237
249
228
291
285
192
231
240
195
219
258
225
207
285
234
273
270
228
216
246
201
252
270
234
270
219
198
261
318
231
210
249
240
240
252
210
234
267
201
240
222
231
264
240
288
234
234
264
234
189
240
270
267
231
237
222
252
270
255
195
270
216
243
258
204
201
195
213
213
258
237
252
210
288
246
258
246
234
255
285
231
213
207
183
246
255
192
306
258
228
225
213
225
255
315
195
219
234
237
192
252
270
273
243
180
243
228
225
261
207
201
219
246
243
258
240
279
246
159
219
216
228
261
264
267
246
186
237
210
249
273
255
243
210
249
273
285
207
267
219
225
237
231
258
267
318
216
270
261
252
216
234
198
249
255
279
228
216
204
261
234
237
219
225
240
189
249
195
264
243
273
237
204
240
216
240
252
255
225
231
213
240
264
258
243
198
