216
249
219
249
234
258
267
300
252
240
249
261
246
228
246
252
228
252
246
222
237
228
195
237
237
234
240
285
240
255
222
231
219
288
213
237
225
264
264
252
237
222
237
273
213
282
240
180
237
243
258
240
252
207
228
249
261
219
276
249
249
252
228
273
222
246
246
258
258
258
258
249
222
243
258
288
240
210
246
219
267
288
276
252
249
264
252
264
243
261
285
210
228
219
234
228
255
243
201
249
213
279
213
270
234
222
252
231
204
234
270
222
222
189
258
252
264
237
162
267
225
258
228
243
243
258
243
261
309
219
285
279
222
222
180
222
237
267
249
261
255
243
213
276
264
201
237
258
267
282
273
237
261
237
261
252
261
234
243
225
246
264
219
210
255
279
237
207
192
240
276
228
246
252
249
231
267
216
228
237
261
228
231
252
228
213
240
210
276
174
255
264
216
228
252
267
255
237
273
252
240
282
252
231
258
249
234
285
204
189
288
195
252
261
249
237
282
273
219
237
258
216
222
246
192
249
258
249
234
231
219
258
228
219
282
258
237
198
249
255
210
204
234
246
234
162
249
231
291
204
213
261
273
207
246
285
267
219
264
255
240
249
216
222
249
246
267
252
231
234
228
228
240
240
261
279
201
234
285
237
213
267
273
228
219
231
276
231
240
261
264
273
267
240
234
261
264
222
222
222
