291
276
207
264
225
228
204
249
204
246
213
264
240
252
252
279
273
243
264
243
258
225
261
216
240
258
228
285
237
225
285
201
273
291
225
240
273
231
294
198
276
228
168
279
243
222
261
225
222
231
267
249
228
249
210
222
222
249
273
264
255
252
237
255
261
258
213
204
261
243
225
258
225
267
195
249
249
282
285
255
270
267
219
246
228
237
213
207
246
282
255
231
225
264
228
222
237
252
234
204
276
243
261
234
297
252
234
216
255
198
255
207
225
234
243
219
252
228
231
228
177
237
276
234
276
252
246
189
294
249
249
234
219
276
228
273
198
276
288
255
225
258
255
261
243
204
258
231
222
231
225
222
225
273
204
240
234
204
210
240
228
267
246
222
282
225
237
204
276
222
276
219
279
237
246
210
279
225
252
201
225
246
231
222
222
237
261
231
231
231
210
222
249
288
240
213
234
216
234
216
249
285
234
192
231
231
213
264
234
225
279
240
234
240
225
219
279
222
252
237
243
222
237
189
237
261
276
204
264
267
261
198
219
219
240
207
201
198
258
177
210
237
225
330
228
231
252
213
234
270
243
240
261
252
216
243
210
261
252
240
279
204
201
285
240
261
204
222
255
198
195
267
234
240
285
237
270
282
228
276
219
222
225
252
237
234
255
270
273
252
225
267
189
261
261
234
249
246
297
300
