243
228
228
258
219
261
240
219
225
189
255
189
183
249
285
249
246
249
270
246
228
285
237
234
231
237
252
219
264
246
291
204
243
237
210
237
243
288
231
294
228
237
282
237
243
279
213
195
240
237
243
276
207
198
273
240
255
216
216
216
249
231
237
228
225
303
204
216
258
204
237
258
234
231
258
207
216
177
276
186
243
249
270
219
234
195
234
240
237
288
237
222
261
249
240
240
237
198
249
246
279
258
198
300
210
261
249
273
234
255
216
285
168
264
213
288
225
249
237
210
246
288
258
180
267
252
180
255
237
219
243
201
201
225
273
249
225
198
216
243
261
264
270
288
207
234
234
252
228
204
231
237
237
213
213
246
225
297
243
216
201
240
258
192
213
246
246
231
228
249
279
222
252
237
261
240
252
219
264
237
252
252
201
204
222
288
255
249
270
249
189
255
276
225
291
231
237
267
234
219
255
237
237
237
234
186
258
249
225
252
243
255
255
222
261
204
201
195
288
252
189
213
219
231
258
261
219
252
228
255
234
261
276
249
246
228
183
246
240
246
261
237
243
255
195
225
258
255
222
234
183
228
294
234
267
195
249
273
231
234
219
279
183
201
255
303
222
210
258
207
255
282
267
243
222
225
213
246
225
264
231
243
207
234
255
285
261
213
216
249
297
207
252
240
225
231
234
219
207
240
