243
231
267
258
246
237
219
237
246
246
270
213
186
204
267
216
228
252
255
294
285
288
240
219
201
240
246
222
204
225
201
171
204
252
195
240
228
246
261
264
201
228
216
246
261
243
225
216
234
225
237
228
243
258
228
240
252
180
222
219
201
267
231
249
225
201
186
198
240
255
243
243
246
222
252
234
222
231
231
207
210
207
228
225
255
216
240
225
237
240
243
186
276
216
261
192
237
294
219
210
243
240
258
255
213
264
264
261
198
234
228
225
228
225
249
243
270
237
234
249
216
237
252
228
276
210
249
255
288
243
234
258
240
228
231
234
255
258
201
207
234
261
207
315
228
240
225
210
189
273
258
210
282
267
258
243
180
201
237
252
261
231
240
252
228
309
219
192
219
234
264
258
225
246
234
264
240
255
231
234
243
258
237
228
249
234
228
225
240
255
225
210
243
243
282
237
225
240
210
243
219
255
216
255
249
210
180
231
276
210
237
210
234
267
219
273
267
252
228
204
204
264
300
225
219
273
276
279
228
261
207
198
243
243
231
249
225
282
219
249
222
252
228
243
210
198
288
228
198
249
258
243
264
219
228
210
255
252
246
243
258
273
228
231
249
246
309
219
219
201
312
249
264
234
228
270
249
204
228
237
264
246
201
201
315
270
249
249
186
219
210
219
231
249
240
240
207
216
213
225
