258
240
282
240
201
255
285
237
228
243
252
231
270
288
297
258
270
174
216
273
192
261
240
231
246
249
222
201
195
252
267
192
234
237
228
243
204
279
234
252
276
210
237
258
273
246
237
216
216
222
249
198
222
243
213
216
225
285
246
246
246
240
246
237
234
231
255
282
234
288
240
222
198
237
201
261
249
243
225
222
192
228
219
231
240
225
276
252
255
258
300
237
264
267
258
252
216
237
207
264
282
198
201
282
276
225
243
243
234
240
222
291
228
189
261
198
216
264
225
240
240
222
186
234
237
189
285
267
282
213
288
240
216
279
231
204
207
219
285
213
207
210
258
255
237
225
210
222
249
225
264
234
219
225
237
234
228
237
288
243
288
243
252
264
249
267
246
219
231
258
246
225
240
204
204
216
210
195
231
240
261
228
252
249
276
213
249
297
204
222
243
240
255
213
219
255
237
258
258
231
243
225
225
198
237
207
249
249
246
297
216
231
207
261
276
231
255
234
216
258
219
240
228
282
198
219
252
195
225
237
216
213
180
249
243
243
237
252
252
240
207
255
249
216
267
234
246
228
225
231
243
258
246
231
249
276
171
255
237
273
273
210
312
231
246
237
252
219
276
258
249
258
300
234
270
183
219
276
276
228
255
228
237
234
261
279
228
192
246
216
231
261
213
219
228
252
234
219
264
267
