189
225
198
225
246
240
249
270
255
273
249
246
249
267
201
219
219
249
228
258
279
303
216
306
261
204
231
201
273
222
249
240
222
234
210
249
309
249
204
267
240
258
243
231
258
285
228
204
189
267
252
240
216
207
219
249
222
234
234
204
225
195
240
288
240
228
243
264
234
258
243
228
249
240
261
243
222
228
246
225
300
219
258
231
222
237
249
207
201
267
225
207
252
210
234
258
246
309
201
315
222
228
249
243
222
258
225
258
240
243
258
261
240
228
258
219
225
306
201
222
258
198
237
270
222
231
228
207
252
279
228
237
249
234
207
252
258
204
264
261
291
249
207
255
222
240
225
240
243
195
300
219
234
252
234
213
237
279
264
231
252
246
243
213
234
264
183
282
237
312
291
240
222
216
228
195
252
246
186
258
225
261
231
264
225
222
246
228
237
222
258
261
246
210
282
261
231
222
219
246
201
276
228
240
213
231
255
165
237
246
216
201
210
267
210
186
243
216
231
204
192
210
282
246
204
255
216
261
243
234
219
231
219
225
231
258
207
237
261
225
222
252
258
222
216
261
267
282
255
225
222
189
216
240
234
312
276
216
228
207
249
291
243
246
240
240
240
207
222
243
246
246
252
270
207
243
240
210
216
237
225
258
228
270
222
210
255
237
246
267
234
225
222
231
273
213
231
219
207
291
