258
216
240
207
240
237
273
210
258
222
300
216
231
243
210
246
264
189
234
255
267
270
231
246
225
213
267
252
234
234
225
234
270
261
297
225
258
231
234
240
243
273
237
261
240
252
267
234
264
258
249
225
207
252
198
315
264
252
237
207
246
204
219
252
288
243
237
180
264
234
225
246
210
273
219
222
219
243
273
246
195
210
210
246
231
252
243
216
231
267
225
249
231
237
243
234
249
240
231
216
222
231
219
237
252
267
249
279
231
246
231
201
228
237
258
252
270
258
261
264
216
189
234
234
279
240
216
228
267
228
240
201
273
198
216
252
252
237
243
240
249
231
255
273
249
243
210
222
243
234
255
255
264
270
252
231
231
249
213
210
189
243
255
258
264
210
222
180
267
261
216
261
225
228
225
231
261
204
261
270
237
261
270
237
252
258
213
204
261
216
231
285
222
249
225
207
234
216
213
243
243
237
210
222
207
255
225
270
225
240
243
279
234
240
228
213
303
246
219
282
231
231
249
276
252
258
252
213
228
186
234
246
177
171
213
231
240
234
273
264
228
198
267
213
222
258
237
243
231
237
249
246
240
252
273
258
234
195
243
213
243
234
219
213
216
270
234
273
213
285
231
222
246
177
225
171
261
282
294
288
252
267
255
222
255
237
243
309
204
273
246
234
231
237
273
207
231
267
246
204
