255
216
192
186
225
282
243
228
243
258
243
225
225
237
210
240
222
231
213
228
258
255
243
264
213
228
249
222
213
261
198
276
237
219
249
249
255
213
240
213
195
231
243
255
270
216
243
267
210
228
216
216
288
294
264
228
228
255
309
192
207
252
183
228
216
285
243
240
219
186
291
201
267
216
222
246
297
201
300
222
237
270
246
267
207
243
243
264
267
204
291
255
225
231
270
261
237
237
237
210
249
243
237
264
279
207
222
255
264
261
243
234
264
243
252
219
225
255
252
243
270
225
279
261
222
252
234
252
255
222
210
210
255
285
264
225
225
240
210
225
249
219
267
180
225
189
291
255
249
213
258
264
303
228
246
252
240
213
243
219
249
213
228
201
255
252
213
204
258
243
264
183
231
300
261
237
249
216
261
252
252
276
210
201
222
255
216
213
225
282
267
225
192
210
225
231
222
252
267
201
264
267
252
225
276
198
216
246
219
237
216
234
258
249
243
237
252
198
237
198
249
237
252
234
246
252
243
222
288
192
306
222
282
234
240
219
252
228
228
225
216
300
240
231
219
270
240
237
234
201
315
273
282
264
222
300
246
261
303
258
258
213
252
213
240
240
225
237
234
264
258
276
204
279
222
231
258
261
216
192
264
267
234
198
273
249
204
222
252
261
264
228
246
279
192
228
222
231
258
267
