273
261
282
195
246
255
261
237
261
225
264
249
255
258
288
216
261
246
243
201
225
234
246
219
207
252
192
219
201
270
264
231
240
192
219
219
312
264
267
234
213
234
294
243
237
267
207
258
219
201
255
261
273
228
222
249
225
225
258
243
231
246
255
246
240
240
258
231
288
258
264
219
249
261
267
279
246
246
270
228
237
240
219
237
252
234
255
261
222
255
249
258
252
219
276
249
279
231
225
276
279
258
237
258
228
219
243
246
279
270
201
249
252
270
222
258
231
264
279
252
210
255
246
234
291
258
261
237
234
246
228
216
228
219
225
231
213
201
213
219
228
222
216
228
237
240
231
309
201
246
231
276
186
219
249
282
237
267
246
204
258
294
246
240
225
273
213
264
261
213
222
258
288
219
222
243
210
282
207
189
225
252
192
234
237
234
234
222
243
198
249
231
270
192
240
249
219
288
207
258
237
231
186
186
258
216
243
255
225
234
222
201
249
237
261
237
240
273
213
225
255
213
255
225
270
279
219
177
213
198
180
237
255
231
240
255
240
225
207
246
240
264
219
261
225
228
237
240
222
270
231
282
246
246
243
231
255
231
189
327
252
261
267
273
273
174
270
246
285
225
228
285
246
243
258
234
222
285
198
237
228
222
234
264
231
216
204
225
237
195
225
258
285
261
294
231
273
204
258
186
