258
258
216
291
204
276
246
258
222
258
279
222
261
243
237
243
237
207
219
255
228
201
273
192
303
252
291
231
231
252
267
267
288
231
285
237
258
258
216
264
237
216
261
273
261
225
258
249
255
243
246
279
255
213
201
267
231
255
213
228
252
231
306
261
246
240
246
234
279
267
240
258
225
267
234
258
273
234
228
303
255
183
210
234
204
189
258
213
273
231
264
216
216
279
270
231
255
255
228
267
210
222
234
243
228
210
249
222
255
213
198
267
219
252
213
237
252
267
264
180
270
213
237
234
228
219
237
234
276
237
264
258
234
270
252
243
231
267
270
228
243
213
231
228
252
240
231
204
234
252
231
231
252
207
258
267
234
219
225
237
237
243
192
207
264
249
294
264
237
261
204
177
231
201
273
207
237
261
240
231
219
234
237
246
252
300
231
210
249
246
300
255
261
273
201
222
219
195
219
231
282
222
279
258
213
279
204
252
270
204
246
225
252
243
279
321
267
186
198
258
237
219
213
234
237
240
249
198
261
213
273
222
231
255
270
243
237
240
267
258
255
213
228
237
252
261
234
255
201
207
228
201
243
234
231
204
204
228
249
204
240
237
234
237
231
195
258
237
246
240
216
234
234
279
240
240
213
222
231
243
240
234
279
234
261
270
210
234
282
225
246
222
210
216
267
237
276
258
225
246
