213
189
234
198
195
300
249
210
225
246
261
204
267
219
228
195
228
204
213
246
279
270
234
267
231
252
246
240
240
225
219
240
246
273
249
231
255
279
240
201
258
273
243
222
264
216
222
240
249
270
246
264
237
213
228
243
243
231
243
288
249
270
273
183
270
207
243
261
201
204
225
213
264
255
192
228
201
273
303
234
201
258
204
267
288
222
192
204
282
261
225
294
249
303
204
216
225
228
240
246
252
255
243
276
237
273
192
255
240
267
225
219
225
240
222
204
225
300
234
252
279
273
243
210
270
264
330
231
258
204
255
192
225
273
276
228
216
213
276
276
228
246
219
204
240
285
234
252
270
288
231
258
267
264
291
261
234
219
243
231
213
174
222
240
243
276
258
264
267
240
219
255
240
219
234
276
243
252
225
252
222
249
261
252
213
237
234
264
240
192
246
240
249
213
249
237
246
222
234
207
216
219
255
243
216
159
207
234
237
228
204
243
240
189
261
258
237
288
249
168
243
267
198
267
270
276
195
243
249
201
273
192
267
276
195
243
270
270
201
216
225
222
228
270
249
258
174
264
252
213
210
270
225
219
201
246
282
207
198
240
282
279
264
183
234
234
240
234
219
231
252
285
261
279
252
207
279
258
264
225
249
210
255
321
246
216
249
276
225
225
198
297
234
258
228
258
237
228
222
255
