210
252
210
207
246
237
213
246
231
285
204
264
240
243
228
228
258
273
240
261
246
204
252
180
225
234
237
177
306
297
267
240
192
270
228
246
261
234
270
228
228
258
213
243
234
225
288
252
219
216
195
225
231
213
198
174
237
243
231
189
273
225
240
246
240
261
225
234
225
231
222
270
285
288
273
264
231
243
228
240
216
225
225
234
234
246
282
273
234
225
186
240
246
222
198
234
273
237
243
240
249
198
249
270
246
303
210
276
240
261
225
219
294
279
291
258
249
225
258
216
231
228
210
261
240
288
231
234
264
252
225
285
228
210
234
201
219
195
219
276
201
261
210
228
228
246
258
228
273
246
210
243
225
237
237
249
192
267
225
216
243
219
225
225
213
297
300
249
231
216
228
219
249
216
291
252
231
231
234
252
225
249
237
261
210
201
264
234
222
252
216
234
234
285
270
237
201
219
222
213
225
234
237
225
312
222
183
252
198
174
270
261
216
201
249
204
234
234
225
255
240
270
273
276
267
249
198
201
243
210
267
228
297
261
180
264
246
234
213
276
255
261
246
243
252
249
273
234
234
225
222
249
246
228
210
252
234
249
273
234
243
240
258
261
264
273
192
237
213
213
231
288
219
267
234
210
273
252
249
282
252
213
228
249
240
228
237
228
270
231
207
222
192
249
219
258
288
237
267
222
