240
234
255
231
258
246
282
246
252
285
207
249
246
255
219
198
249
225
267
234
246
222
282
246
213
243
240
249
216
243
219
285
237
303
210
186
243
216
189
210
201
228
264
255
267
294
228
207
288
258
228
228
252
225
234
240
264
255
258
261
234
321
246
276
267
243
309
267
231
198
291
225
234
231
231
237
204
270
237
270
297
258
255
255
237
303
240
288
249
282
267
198
222
219
234
228
249
276
237
276
204
210
246
273
249
261
228
264
216
297
264
219
249
237
234
204
213
243
294
213
168
180
198
243
225
234
315
255
216
276
240
261
216
237
228
267
222
210
243
222
258
240
267
225
276
216
219
279
210
192
249
252
228
180
282
243
261
204
201
258
225
195
237
204
252
249
276
255
219
255
246
189
300
219
246
192
279
249
246
234
234
234
225
252
246
210
255
195
258
228
228
231
246
195
240
285
261
222
273
231
255
243
288
207
219
258
222
234
243
231
255
249
210
252
243
216
228
231
210
270
255
273
291
216
255
285
264
195
183
216
282
249
210
246
255
267
246
267
249
216
234
276
294
231
225
168
234
303
237
213
216
219
222
261
258
267
195
183
234
273
213
267
234
255
234
228
237
249
222
279
252
228
261
213
252
210
252
207
285
228
252
213
180
240
273
246
213
270
252
231
255
201
240
210
228
258
204
219
222
273
