282
261
234
246
210
201
249
189
198
174
252
186
273
228
246
210
246
249
207
273
255
183
228
270
225
255
225
258
222
258
228
228
162
237
261
258
258
234
252
222
261
237
225
261
270
216
267
201
237
276
261
243
225
240
297
243
237
174
240
219
210
243
264
255
201
234
228
276
240
270
228
186
246
225
213
219
204
267
246
222
246
222
210
231
252
237
276
246
270
237
255
240
228
240
225
222
240
261
273
255
258
213
231
246
249
288
195
201
282
258
234
237
243
204
249
258
264
243
243
231
210
213
279
234
183
234
231
261
216
258
228
276
255
273
240
282
231
243
276
207
231
231
213
225
237
216
213
237
219
252
237
252
255
258
228
231
222
222
222
240
237
207
207
243
249
198
261
276
237
258
243
264
276
246
210
252
198
234
252
273
225
258
249
249
282
261
246
297
273
240
252
282
288
228
216
243
276
225
222
228
285
237
222
264
240
219
261
201
213
216
255
222
219
246
261
189
222
213
240
282
246
234
252
252
246
240
231
222
222
213
279
279
210
243
288
210
222
216
249
285
222
246
222
240
225
222
234
201
234
183
255
195
210
249
264
267
255
210
240
240
240
321
222
222
261
252
216
198
249
210
219
243
210
261
312
240
276
234
288
261
222
267
231
252
261
345
216
204
267
237
198
246
240
231
192
177
261
201
258
234
