243
276
285
267
237
294
201
285
210
276
264
210
246
195
237
258
222
276
210
246
204
243
249
237
207
267
225
231
222
252
270
261
222
261
228
219
213
219
237
252
189
234
201
240
279
246
216
270
258
252
327
195
234
273
234
273
279
216
258
240
237
219
273
240
252
237
222
201
195
195
321
270
255
300
231
249
270
243
255
273
252
288
258
285
276
210
273
207
348
207
249
174
240
225
279
171
207
285
231
222
264
237
231
276
222
282
243
186
225
228
273
234
249
276
210
264
258
222
198
255
258
204
201
261
261
231
231
174
249
252
234
243
279
261
219
306
231
192
207
222
189
243
231
312
231
261
243
189
228
201
243
177
237
270
192
237
222
267
204
249
264
219
204
264
243
243
201
237
243
267
198
240
240
228
201
258
300
237
231
225
222
273
204
255
222
213
228
234
261
261
243
213
207
264
246
237
222
201
228
261
297
240
243
231
255
189
249
228
222
234
219
204
210
240
216
231
234
255
201
225
267
222
255
225
294
213
174
207
189
204
210
207
264
267
270
228
237
213
267
270
213
252
225
228
213
252
267
255
243
246
222
234
264
204
276
231
231
195
258
264
231
261
252
219
261
246
264
240
258
219
252
219
258
249
246
243
225
264
249
210
222
213
201
234
288
237
228
249
228
234
195
270
234
234
234
246
222
255
234
225
