180
216
225
261
252
222
210
189
237
237
282
252
234
294
243
255
231
240
267
252
255
258
246
285
231
234
258
204
210
294
246
231
198
204
255
210
231
222
237
303
258
273
297
249
228
222
210
258
240
246
216
252
228
249
216
216
291
219
216
264
225
294
222
225
246
240
240
234
219
204
219
234
249
249
237
243
234
255
246
231
198
312
276
231
249
249
240
258
264
270
249
207
270
168
177
225
219
276
195
231
240
162
210
267
270
234
264
285
222
237
276
219
288
279
237
240
180
177
270
252
216
267
261
243
225
210
270
234
246
246
267
234
198
228
285
294
252
264
279
213
213
195
219
210
228
270
237
261
264
249
228
252
252
285
249
270
252
219
246
195
282
261
261
231
282
276
210
264
237
306
303
246
261
210
249
222
219
261
252
252
261
243
216
270
297
228
231
243
240
276
168
231
219
303
273
249
231
252
231
225
249
270
249
288
231
213
225
198
207
222
234
228
231
243
252
237
249
261
264
243
228
243
201
243
237
228
234
249
174
243
210
300
264
225
273
249
243
264
264
252
219
249
225
261
180
267
240
243
192
240
243
252
216
204
246
258
270
285
237
267
234
276
213
192
216
285
249
231
207
237
258
207
258
258
255
225
312
249
234
240
249
246
231
204
249
213
264
270
243
225
225
264
258
237
258
246
240
222
237
243
