3375
3423
3315
3363
3489
3360
3324
3225
3273
3294
3399
3279
3348
3282
3189
3255
3498
3402
3195
3540
3213
3357
3429
3420
3354
3459
3159
3477
3231
3456
3294
3333
3396
3396
3483
3252
3444
3249
3405
3231
3573
3309
3351
3351
3312
3462
3393
3336
3330
3357
3300
3297
3405
3324
3186
3240
3585
3255
3453
3387
3483
3405
3279
3414
3240
3552
3306
3387
3444
3408
3258
3288
3318
3294
3423
3240
3258
3279
3462
3321
3288
3522
3360
3342
3426
3420
3546
3282
3528
3459
3303
3534
3189
3390
3126
3393
3372
3309
3348
3255
3564
3114
3219
3465
3474
3243
3351
3267
3300
3402
3429
3282
3486
3504
3228
3453
3312
3579
3267
3216
3489
3393
3600
3489
3447
3498
3318
3426
3249
3252
3453
3246
3474
3483
3399
3282
3333
3372
3387
3303
3444
3333
3270
3348
3192
3303
3312
3522
3519
3492
3270
3393
3468
3438
3417
3372
3387
3330
3279
3486
3483
3432
3387
3276
3165
3327
3507
3294
3435
3426
3438
3453
3357
3252
3432
3246
3300
3408
3420
3378
3318
3327
3471
3312
3441
3216
3255
3471
3336
3360
3390
3306
3222
3360
3351
3369
3204
3333
3261
3363
3216
3393
3450
3324
3468
3456
3435
3342
3504
3165
3432
3456
3507
3369
3315
3492
3267
3432
3198
3300
3405
3414
3384
3309
3399
3333
3279
3450
3219
3318
3252
3477
3459
3387
3663
3447
3504
3351
3312
3489
3192
3423
3348
3381
3459
3342
3366
3363
3219
3417
3369
3252
3390
3471
3447
3369
3411
3408
3387
3429
3339
3246
3519
3450
3378
3468
3270
3216
3378
3417
3273
3297
3390
3342
3429
3330
3303
3414
3222
3342
3483
3216
3315
3318
3351
3477
3309
3369
3261
3564
3495
3390
3567
3429
3243
3375
3399
3315
3504
3498
