213
219
225
180
198
231
246
258
219
258
210
192
261
243
258
222
225
228
204
228
240
300
216
249
252
246
288
201
255
249
216
237
231
243
249
291
249
255
228
231
249
255
231
252
225
243
285
177
231
225
273
234
249
237
186
255
255
255
273
204
282
267
240
246
240
258
267
162
219
306
213
216
258
237
279
237
234
258
228
270
300
288
282
228
261
249
237
249
213
261
237
231
234
180
195
243
222
228
240
231
216
195
288
243
222
270
219
237
234
234
234
255
264
270
261
252
300
264
303
264
297
258
225
231
234
288
189
231
279
246
303
231
237
207
237
264
255
234
234
231
228
273
246
273
243
258
249
252
165
252
183
234
255
252
216
219
282
231
243
222
234
213
231
285
234
237
213
243
207
231
246
180
246
246
252
228
216
279
294
201
246
228
189
231
249
279
222
276
237
243
237
255
261
177
234
237
243
234
222
264
228
222
270
267
234
216
225
273
246
288
204
243
276
177
192
231
210
210
303
225
198
243
225
264
216
270
216
222
216
249
258
192
219
267
237
219
297
237
231
231
243
204
201
198
270
219
261
282
303
222
183
249
300
261
219
234
231
252
249
264
258
243
267
228
228
246
243
261
261
234
222
210
201
252
282
219
201
261
240
192
249
219
255
267
246
300
210
255
216
270
285
207
237
294
204
231
231
192
219
228
