216
300
258
243
246
204
264
267
285
246
234
225
228
240
243
228
213
288
258
228
258
252
264
252
348
231
285
213
213
255
267
243
261
252
306
252
249
252
225
255
219
264
210
234
231
243
270
216
237
234
207
282
285
186
204
237
291
204
249
249
279
192
252
237
204
201
240
240
279
264
255
237
225
213
267
231
207
246
264
264
294
246
216
243
222
210
243
216
279
243
207
249
243
237
210
255
240
234
228
240
237
288
309
273
285
255
255
258
219
267
189
231
261
225
222
216
273
255
291
219
270
240
240
255
270
252
207
246
222
186
270
213
246
237
222
258
291
231
234
246
222
243
219
231
249
225
255
240
234
288
210
276
303
255
234
219
234
246
246
189
219
210
294
303
192
234
222
267
255
258
234
234
267
246
231
210
192
255
261
171
231
237
252
246
237
234
219
246
228
240
204
261
252
258
174
264
207
246
246
213
222
270
234
225
234
297
246
210
192
249
225
261
234
249
210
237
195
219
279
228
228
243
252
261
252
249
249
231
252
210
231
240
237
258
252
255
225
225
216
195
195
255
222
231
297
219
234
231
273
213
210
255
243
252
222
282
219
204
240
252
279
195
207
291
210
255
270
246
213
225
270
252
198
234
180
234
228
252
288
222
279
246
252
270
240
204
240
279
249
222
270
234
306
219
240
252
258
300
246
261
