216
216
237
231
258
222
267
192
234
222
279
267
300
198
216
198
288
267
195
255
171
282
270
264
249
264
249
198
282
210
204
267
246
240
240
255
231
243
273
252
219
192
288
204
222
294
270
213
219
186
282
231
225
240
237
213
264
216
243
243
222
252
285
204
240
255
213
222
270
243
192
216
204
267
246
231
210
216
231
249
285
258
270
270
201
243
231
225
258
207
264
249
225
264
210
246
258
225
252
222
246
249
237
210
171
288
267
273
264
267
276
216
207
246
267
252
219
273
282
264
249
198
294
228
273
246
225
246
258
261
246
285
204
204
219
213
243
231
297
252
222
231
225
249
237
246
246
240
219
237
273
228
219
165
222
213
210
285
225
222
237
240
294
222
273
198
222
240
279
249
195
240
300
246
234
237
234
198
279
213
228
222
231
219
270
288
255
252
186
180
279
225
264
270
240
237
204
234
261
270
186
228
204
243
231
264
201
225
231
201
219
222
207
270
225
252
207
273
216
219
237
219
213
225
216
240
309
270
246
270
234
237
219
303
225
204
231
249
213
192
195
225
279
252
258
246
225
234
192
297
198
300
279
207
237
276
177
210
273
192
210
267
231
216
282
228
273
234
222
198
222
252
270
207
234
192
222
231
303
285
192
270
219
222
192
288
240
255
195
219
285
255
234
228
240
258
174
237
246
192
