225
261
279
249
252
249
279
258
231
249
204
240
258
246
273
246
219
255
240
225
261
255
249
246
303
267
237
228
240
204
246
267
213
204
240
270
219
201
249
186
252
237
216
252
249
222
204
216
201
243
237
246
240
198
306
258
237
300
201
240
240
204
234
306
255
255
231
255
264
225
264
210
195
267
246
219
225
219
204
213
189
216
237
261
207
225
222
243
186
213
219
255
204
288
231
282
273
249
234
246
279
237
249
231
216
222
273
225
222
258
201
261
240
204
282
261
243
243
237
309
243
267
252
261
264
252
216
237
252
225
258
198
228
216
243
240
237
234
267
324
243
210
228
264
246
216
216
255
231
261
228
240
216
228
234
231
249
195
255
201
225
210
234
228
234
219
237
228
216
237
219
294
180
207
255
255
207
234
222
216
207
213
246
222
273
273
267
249
231
261
243
249
270
309
240
210
270
225
240
210
237
261
168
243
255
222
264
234
231
282
210
246
240
246
258
225
231
240
204
216
243
258
225
264
240
288
258
198
264
264
267
252
273
228
228
246
246
210
246
228
231
261
243
180
243
243
240
198
255
234
255
222
231
273
276
225
270
228
261
228
258
270
273
294
291
258
225
198
249
252
279
216
240
168
252
273
279
267
240
285
285
225
252
150
213
210
240
264
189
237
261
243
246
252
270
213
228
267
279
213
