264
204
237
231
228
246
243
237
234
213
246
273
246
231
234
213
291
249
207
243
261
222
219
207
252
270
246
243
261
219
231
219
261
249
207
234
246
267
231
237
252
246
240
252
258
234
225
231
222
216
261
264
261
183
240
249
243
243
219
270
225
234
255
243
222
279
213
249
240
222
222
249
267
267
222
276
204
261
255
243
219
219
264
204
246
240
213
234
255
234
282
204
246
231
213
231
237
267
219
198
234
213
294
267
228
192
243
264
273
276
252
267
240
249
213
255
213
252
258
201
219
246
276
264
300
219
261
243
204
252
237
216
213
192
249
306
246
204
195
267
222
255
243
225
225
165
225
216
219
219
207
249
246
270
213
192
291
213
342
237
216
201
258
237
258
273
240
225
249
237
216
225
249
243
276
279
225
222
252
168
258
210
258
213
252
255
243
237
267
195
258
258
240
252
228
228
210
303
249
273
210
228
240
216
240
186
261
225
201
207
231
216
222
243
210
228
222
216
276
240
210
249
243
225
213
234
258
252
261
237
258
309
228
243
258
246
285
246
225
258
219
222
240
246
243
234
234
231
216
240
228
201
255
240
207
207
213
201
198
210
240
246
210
249
201
204
237
228
258
261
252
249
231
222
219
237
225
264
261
207
225
273
267
261
246
180
231
303
240
240
264
276
255
276
216
273
213
228
219
249
