258
183
252
219
213
276
234
261
246
264
264
204
255
240
225
228
237
240
216
243
219
249
267
246
252
204
240
249
195
291
219
261
207
219
264
225
192
201
267
210
216
231
240
222
228
240
231
276
243
225
252
255
213
300
249
195
231
246
243
264
237
243
282
249
237
270
243
237
240
267
222
192
231
207
276
258
186
276
216
261
225
201
219
306
279
231
255
177
288
249
198
213
204
318
294
252
246
246
270
270
231
234
255
237
264
318
255
228
243
243
240
285
234
255
234
285
183
285
201
246
240
240
216
234
249
237
246
306
252
222
237
222
255
225
222
258
225
276
225
186
237
243
276
279
252
246
228
261
222
258
240
249
276
237
231
270
222
249
240
252
240
273
276
288
207
261
219
249
270
291
234
261
228
273
258
237
237
249
246
225
255
276
243
270
231
258
246
213
309
237
222
234
222
246
237
243
258
216
213
237
240
213
252
264
219
171
237
216
273
210
237
261
276
228
237
234
249
210
216
234
180
243
270
285
213
246
255
288
198
240
243
249
228
234
204
195
252
261
219
255
207
177
234
228
282
249
213
240
264
246
273
252
249
249
213
270
240
252
255
276
264
261
264
216
225
282
255
255
222
231
237
276
231
207
264
249
288
318
210
204
204
252
228
279
225
282
234
174
207
264
264
255
270
210
243
219
252
252
264
231
