279
264
198
276
276
195
273
270
267
243
222
246
237
285
240
252
261
246
216
240
207
240
249
240
243
210
246
237
228
240
192
216
234
249
288
282
210
276
258
264
249
258
240
264
213
291
252
228
207
255
252
228
249
207
240
228
264
258
258
246
243
258
222
267
243
246
243
258
282
207
228
246
249
231
219
291
222
267
225
207
279
264
294
231
267
210
249
249
213
204
210
249
270
252
243
282
264
234
216
219
222
291
267
252
270
222
288
225
204
225
255
240
237
207
198
231
195
222
255
237
189
249
249
198
234
261
219
234
285
255
228
216
234
252
288
225
258
210
246
243
258
219
261
264
285
213
231
255
270
240
192
249
213
216
264
282
261
267
228
204
234
243
249
249
279
243
231
258
186
258
246
237
180
264
225
213
270
213
201
216
231
246
252
312
309
276
225
198
240
240
210
237
225
210
255
234
195
276
216
195
201
222
237
213
237
225
219
228
237
240
204
213
273
240
279
249
219
213
228
243
240
249
246
243
291
225
279
225
204
204
222
246
213
309
222
228
234
264
204
231
198
219
276
237
222
213
243
243
192
177
276
201
240
252
255
237
300
234
249
279
192
225
252
261
234
267
222
219
213
297
216
192
279
294
258
222
246
270
213
201
237
246
216
264
234
273
246
213
240
222
210
213
222
252
270
237
258
234
222
243
