243
273
231
201
222
213
249
258
261
246
210
225
246
285
228
249
282
216
231
258
213
234
201
246
261
231
273
222
264
249
222
186
261
216
240
210
270
285
189
219
237
207
267
213
237
201
231
279
234
219
231
297
192
213
255
246
234
231
237
255
219
312
231
234
228
264
219
231
327
222
249
243
249
237
216
246
198
231
276
267
270
243
237
225
270
273
198
201
222
249
210
282
285
222
273
219
255
231
273
267
186
228
234
240
288
261
216
282
255
204
231
180
240
255
234
192
243
327
267
237
192
237
264
264
219
204
216
231
234
252
243
219
237
216
207
243
225
216
279
249
228
189
198
243
246
264
204
249
270
279
231
243
264
288
222
234
222
267
234
246
219
282
228
216
279
219
231
243
252
216
216
225
237
267
255
246
276
261
234
282
276
261
318
255
279
225
249
267
222
216
246
207
228
249
270
279
249
255
204
267
237
258
219
195
264
210
285
249
210
219
249
246
225
234
219
249
240
219
216
240
201
219
267
255
240
198
228
258
267
246
216
207
216
261
255
276
267
258
240
243
213
225
213
207
207
267
252
234
249
246
216
243
183
213
258
231
258
222
267
276
270
255
231
249
258
228
240
273
219
270
261
270
201
225
240
246
204
237
252
207
195
201
249
231
240
246
258
219
264
213
255
261
228
252
249
240
249
255
273
264
