234
213
264
243
255
186
228
234
225
222
219
231
216
273
282
249
210
240
249
201
303
249
243
222
261
201
291
225
231
189
222
243
222
273
249
240
234
240
228
234
237
207
207
213
276
240
240
219
270
243
216
210
237
240
225
231
213
231
219
276
201
210
306
255
264
240
243
240
246
249
252
201
216
258
216
288
261
243
168
252
213
258
240
231
222
249
261
234
231
231
258
219
225
252
213
261
222
240
243
276
258
249
222
243
246
219
198
237
204
249
225
243
225
207
237
261
273
219
195
210
279
249
240
219
267
237
237
168
201
258
240
234
246
240
255
195
261
270
210
228
219
210
231
234
246
294
213
198
225
210
243
243
249
213
264
294
231
270
195
252
207
207
231
258
192
198
249
258
219
213
231
234
258
276
249
213
219
237
255
240
243
207
273
279
264
225
198
297
216
237
246
246
222
240
252
267
237
291
216
216
219
246
204
222
207
234
252
252
285
279
282
237
309
288
210
252
261
201
231
285
237
204
234
249
249
240
291
255
261
213
213
261
246
267
252
201
258
267
216
258
225
198
285
240
267
219
282
231
222
246
261
303
222
237
246
186
246
249
282
237
228
243
252
270
234
228
255
225
216
219
288
228
264
261
243
261
252
249
195
249
237
198
219
225
246
258
243
222
258
225
219
237
270
300
261
240
264
231
225
225
