213
243
186
234
219
306
222
204
246
246
234
270
279
201
195
246
240
216
219
201
222
270
243
243
219
216
306
273
222
195
231
225
273
264
294
264
258
246
216
258
198
237
249
189
246
288
195
192
258
240
300
246
210
264
201
219
282
246
264
246
267
225
306
258
255
270
252
237
198
270
228
228
255
207
270
291
225
255
276
231
192
267
204
231
270
225
273
255
267
267
210
201
234
258
243
234
273
228
249
219
210
276
252
270
231
237
216
252
228
228
252
219
258
273
279
237
258
225
192
291
246
276
273
285
246
264
231
240
198
246
258
249
243
237
249
294
270
255
264
225
201
231
192
255
243
270
270
225
300
243
267
183
204
264
210
255
252
237
222
237
246
267
231
249
294
249
240
264
258
222
225
231
267
264
270
237
249
264
255
204
243
234
261
273
282
219
207
276
228
189
234
237
285
207
231
255
225
216
270
216
249
285
264
300
240
276
213
222
264
204
267
270
252
270
231
237
228
246
231
261
258
279
219
252
192
234
216
237
204
198
240
222
216
285
279
213
231
246
246
252
186
288
258
276
267
225
261
240
219
225
249
252
240
216
201
240
276
228
171
249
213
279
279
240
192
222
213
231
234
228
207
195
246
243
240
225
225
222
261
231
222
279
261
261
192
222
186
252
240
204
183
288
255
258
285
219
243
252
303
225
