222
228
231
285
198
240
264
228
243
228
267
210
225
222
222
234
231
246
231
228
237
240
207
204
267
264
192
291
255
219
246
261
234
213
258
228
219
312
213
294
207
240
276
270
201
210
216
237
240
252
231
282
219
201
267
219
198
216
258
243
264
303
222
243
255
267
222
222
186
225
183
225
201
258
231
222
231
228
213
252
207
264
222
240
195
285
228
225
216
204
213
243
231
255
267
270
264
198
279
288
261
201
234
270
243
258
234
234
243
267
258
258
261
261
252
234
270
234
213
228
312
243
195
210
234
228
237
237
204
216
258
207
252
225
240
282
279
252
234
303
225
234
225
252
201
264
216
219
222
258
276
240
234
225
273
240
246
297
237
222
222
249
237
264
237
246
195
264
273
294
258
315
213
261
216
189
231
231
234
243
270
210
231
294
204
276
264
213
249
240
258
207
201
222
243
183
234
267
261
237
255
258
261
225
237
261
216
270
243
240
216
222
258
252
225
276
237
222
252
222
261
222
267
228
204
237
273
234
201
210
249
195
222
213
243
297
321
237
219
249
243
261
300
201
243
192
288
258
246
279
279
219
243
261
243
225
303
246
243
309
204
261
279
237
246
249
264
195
222
270
243
237
240
252
249
252
231
186
246
234
264
186
228
216
225
264
195
234
249
264
285
291
237
240
279
219
231
237
210
237
