258
216
201
294
252
228
234
240
237
225
252
237
237
288
264
249
258
267
198
267
234
264
249
207
219
222
243
222
234
249
228
243
279
231
237
243
246
258
234
225
249
213
237
216
249
225
189
219
252
213
294
270
201
246
222
279
237
228
198
228
204
195
213
276
243
210
264
234
300
270
279
255
240
192
249
234
264
228
237
225
252
264
273
231
192
240
216
237
270
267
240
273
255
198
246
237
183
267
240
261
189
282
261
228
252
243
291
258
210
291
249
255
246
255
249
261
285
207
237
189
243
288
291
243
237
324
309
228
276
252
237
258
291
249
204
237
279
222
237
207
222
237
228
216
246
255
216
276
270
234
294
294
261
201
222
294
228
249
234
240
294
267
246
270
261
231
291
222
204
243
219
282
243
246
195
222
234
207
294
237
309
249
324
261
285
237
213
267
237
210
222
216
228
249
258
192
213
243
249
267
207
228
222
246
222
288
237
279
207
228
225
207
261
252
237
231
249
249
261
231
210
228
186
261
270
243
252
270
189
240
228
249
252
222
243
231
234
252
255
246
246
231
204
210
255
279
204
234
219
261
258
240
255
210
270
279
213
249
255
240
243
213
207
177
261
231
198
258
255
288
252
234
204
243
246
297
267
261
204
213
219
225
258
282
195
258
201
216
210
225
258
240
267
213
231
237
267
246
165
204
