231
228
237
219
237
222
240
243
225
300
225
285
213
282
252
291
240
288
213
291
213
195
270
273
246
294
273
225
249
255
276
216
291
189
252
234
285
243
237
246
306
261
204
261
243
255
237
228
192
219
237
240
228
258
300
252
279
222
174
258
222
246
222
210
255
261
183
237
255
228
258
225
273
234
246
210
237
258
261
261
240
216
243
222
258
285
249
255
267
261
249
249
273
321
267
222
225
279
264
213
261
225
249
198
210
204
264
234
240
231
249
231
237
267
258
204
234
249
234
267
255
261
198
279
240
171
213
255
222
246
231
252
246
240
282
228
222
267
204
243
222
204
231
228
246
216
216
228
213
261
252
279
180
219
237
231
219
222
273
267
219
189
198
237
282
237
237
213
219
240
192
267
270
249
222
303
246
279
273
234
231
210
237
192
192
225
231
246
267
240
228
291
213
267
258
261
279
252
237
225
246
231
237
195
267
243
237
216
246
198
192
258
267
255
234
318
237
240
240
237
195
210
225
270
231
204
216
246
255
216
219
240
252
180
267
285
225
234
225
207
288
231
240
258
231
195
237
210
279
273
267
288
228
210
219
258
243
174
231
219
249
228
276
240
216
246
246
243
231
231
225
219
234
267
282
189
243
273
249
234
225
267
228
234
222
234
258
219
237
255
294
228
246
234
237
264
186
252
252
270
