249
186
243
237
270
216
258
270
240
240
216
207
204
255
213
228
219
207
258
246
231
219
228
234
267
216
225
231
237
243
258
252
249
267
246
240
234
234
237
237
207
180
207
276
228
249
201
213
234
213
255
261
228
294
225
282
279
255
246
246
228
282
273
234
306
201
243
228
180
210
210
261
249
243
195
228
264
192
237
231
252
258
261
264
231
246
231
297
219
261
258
279
243
273
258
249
240
300
237
252
228
246
222
231
222
234
255
177
258
213
243
234
261
210
240
234
207
249
300
285
213
213
246
237
297
255
216
276
231
315
291
231
231
276
243
186
216
219
237
252
222
222
249
264
237
225
240
261
237
225
219
237
237
270
231
228
222
240
267
210
228
180
279
249
225
225
213
198
279
213
198
192
219
198
288
246
246
270
273
219
258
210
261
225
267
228
240
264
258
246
255
234
222
249
252
180
240
225
264
261
249
261
183
273
222
252
225
264
279
174
264
189
252
225
246
246
243
240
261
255
288
285
225
261
210
216
276
249
249
282
237
222
207
285
312
231
270
216
237
216
276
213
228
261
240
279
255
201
243
234
246
210
264
252
255
225
282
180
240
261
243
282
264
255
228
219
255
237
270
285
270
177
240
186
291
186
249
213
282
243
264
219
258
228
270
219
219
234
261
222
198
228
264
249
264
291
219
291
234
246
