219
240
249
225
216
231
234
252
273
249
213
228
207
231
225
249
306
231
270
186
246
246
231
246
246
267
222
198
240
237
237
240
285
279
246
276
237
228
198
225
285
279
186
240
294
228
243
213
234
237
237
189
264
267
240
225
216
231
207
219
279
264
201
252
291
231
252
264
255
219
201
330
213
231
231
216
261
180
210
288
198
288
276
201
213
288
258
240
252
240
210
219
210
243
249
294
201
258
258
219
207
270
255
213
216
210
207
261
297
291
240
207
219
264
246
243
297
243
216
222
216
273
267
228
219
195
222
216
255
231
252
228
255
225
198
288
243
231
213
252
216
270
222
246
228
216
225
264
243
261
255
264
243
267
213
237
231
234
273
252
234
249
258
240
252
225
195
249
246
237
306
219
216
294
192
231
273
288
234
282
261
204
219
246
249
282
252
291
189
279
216
195
246
237
216
252
237
183
276
216
303
174
234
216
246
246
198
222
255
216
213
228
258
225
264
228
267
252
183
222
252
207
216
216
222
234
189
216
255
204
204
252
276
231
210
255
267
252
240
243
231
261
228
240
222
249
228
243
243
237
258
300
234
240
231
228
216
237
252
222
222
255
249
237
225
246
240
291
240
255
234
249
204
312
261
219
243
267
288
240
201
228
210
294
192
243
228
282
246
222
273
285
225
213
219
195
270
222
306
231
