270
207
267
249
261
237
261
240
249
204
246
276
309
315
246
222
240
315
207
264
267
219
306
237
210
204
252
222
258
246
258
216
195
282
243
246
210
276
258
255
216
258
225
237
246
270
234
225
237
228
216
234
264
273
243
288
303
276
210
270
210
291
228
231
204
225
261
261
255
249
225
252
252
204
222
285
228
213
246
276
216
249
249
264
291
255
198
249
207
249
225
246
219
225
240
204
240
192
297
228
237
216
243
267
207
213
201
207
240
231
228
183
252
231
216
237
270
264
309
258
231
219
267
228
255
210
225
231
234
258
264
231
291
282
222
249
231
246
267
255
180
237
267
216
267
231
234
210
261
273
303
234
273
240
252
234
201
261
255
252
246
225
249
285
297
213
258
207
216
213
201
210
240
285
207
192
279
225
237
198
207
294
276
231
219
267
264
216
255
285
264
270
222
174
237
210
279
243
249
225
234
231
249
246
219
237
258
252
237
258
192
225
222
252
240
255
204
228
225
222
228
297
210
213
216
234
258
192
252
228
222
168
255
237
246
234
252
270
219
216
213
228
228
261
213
192
270
228
255
228
294
192
225
252
186
255
258
231
213
264
216
258
240
252
222
231
273
222
201
222
270
273
192
222
231
252
240
216
234
240
222
237
222
216
234
228
255
246
231
225
276
246
174
303
258
240
261
222
246
252
