222
246
240
240
201
258
258
246
261
240
225
249
270
240
267
273
243
222
246
234
243
261
273
258
240
216
246
243
192
264
252
231
264
219
222
183
273
198
213
270
309
279
252
249
219
216
258
243
264
225
207
231
261
213
240
216
225
249
246
282
201
270
207
273
258
195
249
219
240
234
186
183
243
252
279
264
285
252
258
225
261
225
246
255
225
240
231
249
225
264
258
258
243
192
243
246
213
207
228
231
225
207
210
180
261
255
216
204
300
225
267
237
252
207
240
198
240
207
285
222
264
201
240
222
258
234
333
267
246
276
207
252
219
225
213
249
237
219
231
255
252
219
228
195
210
237
246
228
225
276
243
225
261
213
219
282
243
198
249
228
249
252
225
198
258
279
225
276
270
216
240
243
255
210
285
216
237
231
258
204
279
258
279
213
189
237
237
249
228
237
207
237
207
231
264
246
216
231
249
237
303
270
222
246
249
276
204
228
222
264
249
234
237
240
228
300
222
240
249
243
243
219
243
264
183
243
201
249
231
225
240
258
243
237
234
186
252
255
186
255
231
249
177
201
237
249
270
225
225
264
249
243
189
255
243
234
216
246
252
219
246
207
246
288
282
273
243
249
258
174
246
267
210
285
264
231
240
270
228
198
243
303
258
231
273
249
267
255
219
237
243
219
255
234
207
222
195
267
231
279
