219
207
216
258
216
183
276
237
264
231
264
261
237
258
267
225
255
189
264
222
234
234
267
258
276
231
267
228
219
243
204
234
240
228
294
267
216
240
234
282
210
243
219
273
234
207
246
243
264
270
270
222
270
225
261
234
237
243
222
246
246
240
228
243
207
231
246
252
240
234
219
216
237
207
258
225
252
195
267
276
219
216
261
228
252
240
264
282
246
237
198
156
207
219
225
261
285
237
252
255
285
258
225
255
261
189
237
189
267
279
264
207
234
279
279
282
264
240
231
213
276
198
201
258
243
195
249
225
252
216
282
231
240
207
198
228
258
246
258
201
243
276
219
240
180
267
240
240
183
279
231
258
204
216
267
267
234
261
234
222
258
225
219
276
255
210
258
219
270
294
249
225
252
261
264
255
219
225
219
282
195
195
258
246
234
234
225
219
204
318
225
189
213
204
201
300
210
216
243
216
222
249
240
249
249
213
219
270
240
234
213
249
234
174
225
222
252
216
210
243
237
234
213
270
240
189
261
225
258
267
234
207
219
273
255
225
213
237
213
270
267
264
210
261
255
255
231
222
240
243
231
219
219
204
225
225
225
240
285
249
243
240
219
270
276
270
228
243
279
279
234
234
213
192
210
249
249
231
222
252
321
252
228
267
234
231
222
234
270
207
267
204
270
186
270
246
294
255
243
264
