264
195
219
216
282
207
231
219
252
234
252
252
240
291
279
246
309
228
282
201
246
237
252
228
213
228
222
222
288
234
228
207
285
276
270
261
270
228
252
252
219
216
216
213
234
300
261
216
228
237
216
240
273
258
282
279
219
180
219
246
261
240
216
285
231
234
252
228
285
219
204
246
243
222
192
225
264
228
267
204
234
231
243
243
186
261
231
177
219
246
243
249
285
222
213
261
243
216
240
261
222
258
231
249
234
252
267
234
228
255
228
237
243
267
249
243
276
297
291
246
249
201
225
231
177
234
237
234
264
252
201
258
243
252
237
264
189
207
279
192
210
243
222
234
300
240
240
201
228
255
258
237
222
252
252
189
261
180
198
252
213
270
243
225
303
243
252
216
201
207
204
204
261
222
222
225
204
243
198
234
228
234
216
273
246
240
234
252
225
279
252
264
240
246
225
213
234
246
219
279
261
261
228
228
252
201
207
219
264
255
222
219
252
303
228
207
258
222
237
225
276
204
225
213
222
216
204
243
267
234
273
267
237
243
258
240
216
276
240
231
222
231
222
333
201
243
240
249
252
273
285
240
231
243
237
249
249
237
267
246
198
240
183
261
258
228
225
294
264
195
255
282
189
237
234
186
222
246
228
279
234
231
225
198
276
162
279
249
258
282
267
258
246
222
246
225
261
306
246
243
