207
231
237
309
204
225
285
228
222
240
228
255
276
249
258
183
210
276
231
240
237
222
258
261
273
243
231
249
249
168
240
210
225
234
267
219
228
213
273
258
252
225
222
204
246
228
213
261
249
231
234
297
243
222
225
210
225
216
240
228
213
285
246
222
246
234
267
222
228
267
210
237
267
267
237
252
204
270
228
210
258
234
249
237
243
234
264
207
216
216
249
270
288
255
267
252
234
237
234
255
237
309
201
231
207
258
234
207
213
270
249
327
252
261
255
219
222
252
249
240
258
192
258
228
255
252
264
282
258
270
240
240
243
225
207
255
270
273
198
231
246
240
201
207
240
225
288
207
219
240
234
231
237
234
237
198
246
252
279
198
237
225
231
279
270
207
243
249
240
252
252
258
273
255
249
222
267
219
216
261
258
240
258
267
231
225
258
243
192
225
261
255
252
207
231
219
252
291
216
270
237
243
222
243
243
234
198
249
249
243
204
201
198
225
285
246
231
237
252
255
249
273
231
225
237
219
228
234
264
249
270
249
255
219
270
231
222
249
249
255
288
207
174
222
237
237
276
213
249
246
270
231
219
255
303
273
243
234
225
273
195
243
261
234
246
270
267
216
243
222
264
249
234
201
249
201
198
219
240
300
195
210
255
264
252
291
228
258
216
258
228
225
204
285
222
264
222
267
237
261
