231
219
273
270
189
270
255
258
228
285
204
210
237
222
249
228
219
195
219
249
261
207
237
219
234
222
267
252
225
219
219
237
204
291
297
213
273
231
255
282
282
267
231
231
219
213
234
222
219
267
258
255
291
267
243
249
252
231
249
282
243
252
243
198
297
225
276
258
255
261
282
252
258
318
234
282
282
186
231
186
225
210
186
273
240
234
225
267
219
228
237
231
255
282
210
234
255
255
222
282
246
201
228
231
204
288
189
234
228
174
225
267
219
210
225
231
207
282
210
261
282
228
264
255
276
234
243
234
267
210
240
279
246
213
291
252
261
282
222
258
240
222
219
213
231
240
246
243
267
228
243
225
240
246
225
240
222
249
192
282
273
189
219
213
234
234
213
246
297
234
240
279
213
234
234
204
210
291
222
225
213
222
252
249
225
222
189
276
225
276
216
243
201
234
273
273
237
234
228
228
246
225
204
216
264
240
285
216
177
231
210
255
231
237
222
291
231
234
267
228
258
285
237
258
318
228
246
225
240
201
252
228
222
240
279
261
201
264
255
270
225
201
222
186
246
237
240
240
210
213
234
210
255
252
270
246
249
234
225
279
225
252
222
279
237
234
282
237
225
240
243
249
219
246
186
237
225
264
198
249
225
180
261
264
249
240
255
255
231
237
273
243
243
276
228
222
210
216
252
237
