222
252
243
255
252
225
219
207
219
276
246
210
186
204
249
234
195
183
186
249
225
243
219
240
225
255
237
261
228
234
240
291
207
264
261
204
219
195
264
246
246
252
174
204
261
288
249
225
228
243
294
261
258
267
252
231
243
243
243
258
216
258
213
222
222
195
282
228
243
237
207
183
231
237
246
210
225
288
210
246
261
255
270
258
243
255
222
240
249
261
243
267
249
291
273
210
213
246
186
222
225
249
225
249
297
252
240
261
234
237
237
228
183
234
210
240
213
234
216
177
240
237
309
225
273
219
225
210
207
225
267
273
237
225
225
288
216
225
204
246
252
237
258
219
255
258
213
261
243
225
252
273
252
234
276
258
225
225
267
195
246
213
213
237
258
240
228
213
231
171
249
225
240
219
219
291
258
294
264
231
276
288
228
246
285
255
255
255
240
279
306
222
228
189
195
207
234
237
267
234
240
219
255
204
234
255
273
228
225
240
210
240
261
255
273
258
249
216
264
222
228
267
204
264
207
237
261
240
207
210
207
294
204
192
231
207
237
210
228
222
255
219
213
255
228
249
207
201
261
231
237
276
246
270
180
249
228
222
207
228
228
240
240
240
255
243
252
201
168
267
210
261
246
261
231
216
273
234
207
207
192
249
210
300
300
240
258
204
189
243
255
219
228
240
228
246
222
246
216
222
