276
240
309
192
243
225
246
207
276
267
276
240
246
246
237
186
204
213
237
261
237
228
213
228
192
228
249
228
213
249
267
258
198
255
237
234
249
240
267
255
288
249
243
225
246
246
243
246
249
246
207
258
288
240
243
264
270
279
219
234
261
216
261
255
240
288
192
234
255
192
213
258
285
225
249
213
201
255
261
276
216
243
228
315
279
246
276
216
240
249
264
273
219
231
195
225
252
237
228
228
207
276
216
294
216
246
213
252
234
231
273
204
246
222
243
240
225
270
222
270
216
267
198
183
246
207
240
285
261
234
222
237
219
195
252
225
198
279
216
240
288
234
228
225
231
231
234
216
228
222
234
243
255
291
228
234
234
237
231
228
243
246
225
249
294
249
207
270
231
234
225
243
261
261
228
219
252
273
273
276
276
273
240
258
231
282
282
225
204
249
240
213
249
234
228
231
234
201
291
213
273
270
282
231
249
249
201
243
177
258
285
270
210
258
246
246
291
279
204
240
204
318
222
252
228
255
240
189
228
213
186
243
228
240
219
180
282
261
168
240
270
252
225
240
213
228
222
207
273
213
306
249
246
207
264
273
255
204
273
282
243
252
210
243
222
246
273
216
213
186
255
267
273
273
267
234
255
285
267
249
243
282
267
246
261
252
207
246
246
234
252
222
249
213
162
273
249
210
264
222
