216
270
255
261
234
234
222
264
264
255
267
270
273
255
228
195
255
234
243
210
201
282
228
255
231
279
234
201
252
255
231
252
186
267
246
222
228
213
228
228
231
249
183
246
258
264
228
228
246
240
234
216
213
195
231
255
201
318
219
279
216
228
240
291
231
183
258
222
252
255
255
240
279
243
273
276
213
276
225
246
219
249
207
183
210
231
252
252
207
222
228
258
237
270
252
186
258
243
231
234
231
216
207
261
258
270
255
246
207
243
225
249
237
312
216
246
192
234
276
294
207
165
282
219
228
243
249
216
192
237
222
228
219
222
228
246
213
243
222
243
210
228
267
237
273
210
228
234
219
300
189
264
237
183
255
231
213
258
225
273
285
237
255
342
258
240
240
294
207
231
192
252
255
291
234
225
270
240
282
258
231
237
273
219
225
267
183
210
237
219
210
246
255
219
243
216
270
228
267
246
231
258
249
246
216
228
255
267
207
261
201
219
210
219
219
228
210
249
279
246
258
225
201
246
264
207
240
270
198
261
240
243
246
249
258
210
228
183
198
222
246
243
249
264
240
216
198
240
258
219
222
255
261
225
240
207
204
204
270
291
231
228
222
234
270
264
228
264
237
240
204
231
219
204
258
237
216
282
255
222
264
216
225
264
255
249
222
216
276
237
249
258
288
204
195
198
243
201
252
315
