216
267
300
219
228
261
312
228
243
243
216
249
183
234
234
225
255
267
210
270
201
231
222
231
306
216
261
237
237
240
267
228
285
246
264
198
198
240
216
300
285
261
234
243
246
252
231
255
261
210
207
243
219
228
255
195
270
231
282
231
174
249
246
231
222
282
288
246
246
234
219
231
225
243
228
213
222
249
285
258
222
261
201
246
216
255
285
183
195
288
243
237
282
234
237
213
183
228
255
204
246
210
231
264
258
261
225
231
240
228
231
240
243
282
216
252
243
243
240
243
237
228
240
249
246
252
273
222
285
207
234
237
255
237
258
183
258
240
222
249
255
228
291
228
252
228
252
219
243
249
231
225
264
231
252
240
186
222
252
318
225
219
249
231
231
210
273
222
228
249
255
231
219
276
255
261
252
285
273
264
279
258
231
192
270
210
198
237
243
204
219
231
201
204
255
198
234
258
273
195
303
264
228
213
240
204
234
213
285
255
225
234
222
294
246
243
213
228
270
219
234
264
267
207
264
270
309
279
234
276
237
222
213
264
240
243
216
189
237
237
255
213
222
243
225
237
240
234
204
204
261
249
243
270
210
273
228
216
246
243
276
243
294
261
294
219
204
228
204
276
228
285
243
267
264
306
258
249
228
225
213
237
243
243
213
216
231
255
258
252
231
237
258
225
228
225
174
237
213
282
