258
252
219
267
255
183
228
258
273
294
273
252
225
261
216
243
228
237
240
288
243
270
222
225
240
270
273
234
201
252
282
216
246
240
252
231
213
273
162
237
195
252
237
180
219
249
243
282
237
291
222
231
240
267
252
252
216
246
267
222
225
225
216
228
255
225
183
222
180
309
279
237
207
237
309
270
261
255
231
216
267
237
207
201
225
213
213
309
231
195
219
204
198
282
198
267
210
240
246
249
261
234
204
252
285
231
210
183
255
234
264
219
246
186
267
282
201
264
270
249
270
219
210
270
222
192
234
255
240
249
261
321
252
237
225
219
255
270
270
258
225
270
258
291
267
204
255
234
243
252
210
237
255
237
228
195
228
225
219
216
201
258
252
231
276
234
240
246
219
273
198
231
252
234
216
291
216
243
234
222
267
255
249
243
252
177
255
195
246
198
279
201
192
219
225
246
231
288
246
258
306
264
261
213
255
258
273
225
258
174
243
225
198
237
234
243
231
225
240
270
282
273
201
234
228
273
234
249
231
288
222
255
201
231
231
273
276
201
306
237
186
207
216
306
219
240
219
246
237
204
210
228
264
228
207
213
231
249
219
249
222
240
228
303
264
249
228
240
246
270
222
276
240
246
243
216
237
264
225
267
186
171
204
279
240
231
222
222
264
282
255
243
243
249
270
240
186
246
237
210
