261
216
258
270
252
228
210
213
207
231
222
246
261
207
252
222
222
246
198
228
219
285
231
219
222
225
255
195
312
228
240
252
213
225
267
201
255
264
249
183
201
243
231
243
270
216
195
231
228
216
219
285
273
276
219
186
285
249
192
273
231
264
270
243
246
231
219
258
225
225
219
213
255
282
249
222
261
222
228
237
231
294
264
237
234
258
270
279
213
237
279
243
243
195
276
210
243
234
249
207
249
270
210
246
228
291
255
243
270
210
282
201
264
249
213
222
246
258
216
234
219
216
243
216
276
237
213
231
255
207
249
258
222
216
204
273
246
192
201
195
231
243
204
237
243
249
213
258
234
279
237
195
276
273
213
315
246
294
261
246
249
243
255
213
237
231
258
264
270
249
225
231
237
228
225
246
225
225
267
246
270
222
237
219
237
273
207
201
258
252
261
243
240
198
207
240
264
252
276
246
189
234
240
231
264
249
279
204
216
273
240
255
276
264
258
213
231
273
246
216
288
231
267
291
243
237
216
216
255
276
231
237
234
234
231
240
213
261
249
201
276
240
195
216
285
246
312
201
234
234
195
246
243
243
267
228
291
264
255
261
225
183
192
213
255
258
195
216
213
213
231
201
231
252
219
240
240
231
243
261
276
222
243
267
240
255
237
279
237
213
228
225
234
273
234
228
228
267
234
201
