258
195
228
243
267
189
261
234
231
177
231
255
216
240
222
279
249
291
240
207
210
222
207
228
231
249
225
243
237
231
276
234
234
219
261
228
234
219
258
219
258
180
225
237
264
270
228
195
216
234
246
198
243
282
222
201
255
234
264
216
198
246
264
246
219
216
261
252
243
228
276
237
225
276
249
243
240
267
237
228
240
297
261
216
177
174
249
228
237
279
204
261
255
252
207
252
252
264
216
237
207
261
231
231
255
267
231
228
198
222
201
153
216
174
195
252
225
195
237
285
258
249
246
216
255
222
249
234
270
231
216
267
219
219
279
240
207
225
195
189
252
264
270
225
237
204
222
267
267
219
243
225
240
234
225
252
231
231
261
264
186
264
216
297
237
243
252
240
246
249
249
228
180
303
258
270
258
300
279
258
225
198
198
222
240
273
234
234
264
234
243
279
252
219
303
237
243
234
213
225
270
237
240
228
300
201
255
237
216
240
240
249
288
219
231
258
267
267
261
267
213
204
246
219
216
213
276
261
222
225
252
246
201
210
258
246
246
243
273
219
294
240
207
216
240
324
252
246
249
264
243
240
267
225
213
216
204
240
252
273
246
276
240
234
231
237
267
234
300
216
252
246
270
234
300
195
228
273
222
279
237
234
261
288
216
264
201
261
216
258
216
240
174
249
273
240
213
264
210
258
