240
252
243
300
219
210
249
204
249
246
252
231
264
216
231
225
246
222
285
225
240
264
210
222
162
231
243
219
258
255
207
285
258
228
231
252
288
246
231
228
261
198
258
249
231
249
240
246
231
255
225
231
219
219
180
207
219
261
210
204
192
219
240
285
228
210
219
186
204
234
240
222
237
210
261
249
267
222
255
240
231
252
273
225
231
228
249
228
273
252
285
297
204
279
261
237
240
291
225
231
273
252
261
204
207
213
246
168
288
270
237
219
255
249
222
225
201
246
258
258
249
243
234
210
213
276
198
252
243
177
252
267
204
288
222
267
243
249
261
255
201
198
252
252
279
222
228
273
237
255
237
282
267
249
210
198
267
240
204
195
285
207
261
180
255
237
252
249
270
231
210
216
306
246
258
213
213
246
207
240
189
222
261
246
267
249
294
255
183
195
243
225
225
225
270
219
183
228
216
225
282
273
285
231
261
255
189
207
267
246
234
234
192
252
189
219
246
255
243
246
222
255
240
228
237
234
273
228
222
204
231
240
240
255
252
246
207
210
267
225
198
258
231
267
192
213
252
228
276
195
222
258
234
258
270
291
246
252
270
216
243
207
261
240
222
240
252
291
210
282
234
231
255
258
291
210
240
261
231
243
282
249
282
249
240
288
273
180
213
243
225
231
222
216
240
243
225
213
204
189
