213
270
225
252
246
282
240
243
249
264
237
213
255
294
237
168
276
255
246
174
234
228
309
285
201
252
234
267
246
207
255
264
201
216
240
240
246
189
261
219
249
273
246
294
213
210
249
255
291
246
264
261
219
225
237
276
279
273
243
249
243
300
207
231
222
276
264
252
216
237
225
198
240
252
261
285
222
234
210
258
219
237
258
252
261
294
291
222
237
279
207
237
225
210
282
261
270
258
267
240
219
249
207
231
183
240
222
246
228
198
204
237
249
261
234
198
252
228
213
246
204
237
207
249
315
252
279
282
312
240
180
222
258
300
249
300
234
237
237
234
249
210
267
237
216
288
210
264
216
243
228
270
228
255
231
216
219
231
231
198
183
288
198
225
261
219
195
228
264
219
225
243
261
252
264
240
228
270
192
255
261
234
264
240
243
201
237
261
213
204
216
252
249
213
201
210
252
234
243
192
255
222
243
219
291
246
246
219
222
225
249
288
279
276
201
222
237
222
264
228
246
225
231
222
264
246
270
216
252
285
234
171
228
231
225
213
240
243
261
261
249
246
288
222
204
222
234
219
213
183
282
198
264
246
267
210
216
222
252
288
201
246
228
225
234
228
216
222
303
219
261
210
195
243
222
252
273
267
210
252
273
261
252
192
276
198
204
273
210
306
213
261
258
258
237
210
204
213
222
282
