711
690
750
759
783
753
834
738
708
639
675
699
744
705
657
639
768
675
711
714
768
720
738
744
768
777
672
768
780
753
699
693
792
723
666
687
717
663
630
765
660
687
732
759
741
678
768
654
747
774
759
690
699
774
702
669
813
543
657
666
753
738
669
720
729
717
795
756
678
735
753
732
765
780
846
726
720
702
672
777
726
741
675
669
759
690
726
750
669
738
762
717
642
735
690
660
807
726
744
663
780
684
684
708
663
699
708
801
702
762
747
771
732
702
723
765
645
648
651
714
693
783
744
657
741
726
750
768
717
717
663
621
684
741
645
777
756
756
765
798
687
735
747
759
753
738
696
744
711
711
735
756
699
753
729
744
750
768
681
714
714
741
681
774
708
786
675
762
723
765
750
729
666
714
675
762
615
747
696
729
801
720
723
735
774
648
804
699
729
657
723
735
621
732
714
777
705
750
756
738
732
756
783
771
711
783
717
807
777
732
759
681
738
696
726
699
681
771
837
672
738
663
786
726
696
750
720
768
735
825
789
771
684
657
768
717
651
798
702
711
816
717
786
627
720
801
684
693
696
642
678
747
729
714
687
666
663
663
714
687
702
723
744
771
702
654
864
708
681
738
705
705
735
714
693
717
720
759
663
735
705
678
735
642
765
759
687
747
708
681
768
738
675
681
690
657
735
738
729
723
