252
213
234
249
243
324
273
291
219
207
267
240
243
228
267
294
267
228
240
264
255
240
288
219
204
213
282
174
222
201
258
240
261
252
243
264
243
243
240
237
210
264
255
189
231
228
183
273
234
297
225
243
258
249
222
258
243
249
252
222
246
201
249
240
246
225
279
210
267
270
228
255
228
246
231
246
210
222
237
222
267
198
270
282
228
264
207
240
237
240
228
279
222
249
216
234
246
231
240
282
231
231
228
222
309
237
243
231
222
261
237
294
267
219
252
276
219
219
252
240
285
258
327
258
270
246
300
219
240
237
270
291
225
222
267
234
246
228
249
186
183
258
210
273
261
255
234
261
228
213
228
258
204
279
207
231
186
252
204
267
240
228
219
228
213
264
219
216
186
240
240
252
219
252
228
246
207
225
234
255
204
237
246
219
222
246
243
234
228
282
258
225
246
222
195
255
255
258
213
249
231
228
219
255
222
210
222
246
240
258
252
315
294
210
240
225
267
252
204
243
213
216
315
291
225
255
294
207
255
246
216
270
225
231
225
249
186
189
231
237
237
213
204
231
234
231
246
291
282
231
249
210
261
243
264
219
234
297
195
276
264
264
201
243
225
219
273
213
240
231
258
270
231
297
228
264
276
240
267
246
225
228
255
222
306
267
240
261
219
228
216
189
249
252
225
279
231
183
246
306
