222
249
216
201
276
240
219
222
240
225
213
246
261
246
294
246
261
222
249
237
222
210
261
246
267
246
270
261
249
204
276
264
252
216
246
267
228
237
255
231
237
189
243
234
294
246
291
246
216
201
282
267
204
249
258
261
258
240
231
210
249
258
201
252
243
267
219
288
243
246
222
240
252
261
243
216
189
198
276
207
246
270
234
252
240
222
279
243
189
219
258
270
225
216
228
240
243
246
261
201
231
228
219
234
300
216
282
213
246
264
237
264
228
300
234
240
246
228
237
237
231
273
282
252
219
234
291
255
279
210
192
219
222
198
213
216
252
207
282
270
264
246
246
240
183
270
231
252
240
270
231
237
270
225
162
255
270
231
201
231
216
201
246
228
237
240
228
270
309
261
276
222
276
270
240
237
228
225
216
243
234
234
270
213
231
219
258
264
267
249
222
234
276
285
243
225
222
267
246
228
252
258
237
249
255
234
243
273
213
183
231
261
216
231
237
264
246
279
213
219
234
249
300
240
288
249
273
228
264
222
201
243
252
186
198
237
216
198
237
249
246
243
249
252
309
234
312
243
207
198
264
267
267
207
258
228
198
255
267
246
258
252
252
222
192
258
234
243
237
231
240
222
228
240
231
207
237
249
252
249
204
213
228
231
219
285
264
213
228
177
297
204
267
180
207
222
228
234
219
186
