306
231
306
240
210
198
264
225
267
258
216
267
189
246
258
228
210
198
261
285
258
255
207
279
183
228
231
219
252
216
234
195
243
291
312
222
216
234
261
279
255
198
243
285
258
279
252
246
258
288
267
240
261
246
276
246
252
210
219
261
276
222
219
249
252
264
261
243
225
255
240
231
273
207
237
231
261
249
213
243
201
195
240
252
243
243
204
255
213
249
240
288
261
282
243
201
237
261
246
270
246
294
213
219
240
222
201
267
255
237
297
246
198
285
210
231
219
228
189
240
270
228
255
222
255
246
249
225
270
231
219
207
210
258
213
216
294
261
267
237
219
249
222
249
240
255
258
219
240
252
225
240
213
219
207
186
186
246
285
201
258
180
234
231
261
225
228
213
237
195
258
270
228
252
249
264
234
243
234
234
225
273
252
258
189
246
246
273
258
228
264
216
267
276
249
246
219
198
231
249
240
213
273
261
222
234
246
240
246
240
225
219
198
240
219
210
267
204
201
255
222
246
231
264
234
261
279
207
282
192
246
231
237
270
279
231
186
219
255
234
234
216
267
234
249
237
186
225
225
210
228
252
243
267
207
225
252
204
252
252
216
201
285
267
225
204
222
249
210
252
258
234
246
240
246
192
231
270
249
225
237
228
189
213
228
216
252
243
273
204
231
228
249
285
219
249
279
264
276
270
