234
168
276
213
243
264
222
225
294
228
246
210
288
189
240
273
246
195
282
222
276
279
240
219
213
258
267
207
252
228
264
207
234
216
252
219
240
204
249
243
255
246
270
237
210
249
249
219
219
231
219
237
258
261
228
249
240
261
249
237
267
204
213
237
279
264
213
222
246
312
201
216
279
240
198
246
234
282
180
282
237
243
186
228
177
240
213
225
225
279
243
264
270
213
204
309
252
234
246
234
222
216
237
249
183
246
222
225
219
264
231
258
255
219
228
213
282
252
222
225
270
243
228
294
261
246
246
207
228
225
267
240
282
240
237
234
216
252
264
255
252
276
198
231
255
183
234
231
270
255
246
228
231
237
243
204
270
249
243
264
204
258
234
231
252
249
258
240
267
261
198
249
219
240
243
240
210
216
252
213
180
273
234
246
231
231
261
237
231
297
270
246
258
228
237
204
243
237
225
276
222
246
270
237
240
243
237
225
258
237
249
219
252
213
264
213
231
237
219
261
210
237
261
255
213
282
198
288
243
237
276
246
249
279
204
252
213
264
180
219
300
246
249
255
219
252
216
237
222
249
246
255
225
225
279
243
231
258
240
300
237
267
216
279
210
243
231
279
249
252
231
249
267
234
213
249
207
240
216
318
273
282
240
216
243
258
240
252
255
207
261
246
201
240
228
258
240
264
204
213
