216
252
276
267
246
285
210
222
288
174
177
288
192
213
243
237
216
252
258
201
234
243
237
213
276
270
231
231
243
216
252
258
249
279
207
279
267
249
234
237
228
234
216
153
252
189
219
249
234
213
255
240
252
237
261
261
204
189
264
231
234
207
261
231
237
240
249
207
228
225
255
243
219
318
201
228
201
270
261
225
312
249
285
204
267
225
261
270
198
201
240
240
285
237
237
186
261
228
177
225
243
270
261
219
222
222
261
219
252
243
231
285
249
243
249
189
246
222
234
219
222
279
222
201
285
210
258
237
279
258
225
243
192
192
288
237
234
213
240
255
249
237
201
231
264
258
243
225
249
243
249
201
255
237
234
231
228
228
195
255
249
228
222
168
225
219
240
189
225
288
294
270
234
207
249
228
276
240
228
285
213
210
267
276
240
249
252
252
240
279
171
216
210
264
240
246
291
234
231
252
216
180
249
273
234
231
249
282
255
237
252
243
225
213
222
264
249
240
210
270
237
237
261
234
216
261
237
192
255
216
270
216
276
225
210
255
216
261
255
267
240
267
297
282
237
237
270
180
267
240
207
252
201
213
246
216
210
285
237
300
258
240
210
258
231
210
201
219
306
213
240
231
201
276
324
240
234
243
234
207
243
291
210
219
210
261
225
243
264
255
222
249
216
225
192
186
231
276
198
216
