234
210
210
246
228
276
240
243
222
252
228
240
246
261
225
237
222
246
222
255
207
270
249
276
249
264
258
267
276
204
234
270
255
306
270
282
210
249
204
282
270
246
282
231
246
255
282
231
243
240
255
255
243
252
261
249
216
243
213
276
249
207
231
270
228
285
237
213
147
258
240
255
210
282
228
276
207
240
216
246
234
240
216
249
261
264
246
309
243
258
258
294
279
222
222
210
282
282
228
219
231
225
258
276
237
240
237
240
210
222
216
228
237
231
231
261
261
267
225
243
240
219
240
252
252
219
237
261
234
252
243
240
267
246
195
222
309
237
198
234
237
228
234
210
231
225
252
222
276
210
270
285
252
237
267
285
213
264
261
237
249
189
234
192
216
258
240
243
252
207
213
249
297
213
222
198
294
225
225
237
261
240
297
216
240
252
270
231
237
225
204
294
237
243
249
195
267
255
249
300
255
225
192
249
264
252
237
240
249
267
228
222
240
246
201
243
228
255
261
237
204
210
324
249
189
258
249
204
267
249
264
228
240
189
189
213
243
279
231
246
213
270
234
249
228
240
267
252
267
240
216
237
243
264
252
237
264
228
267
231
237
276
234
219
174
222
237
234
276
249
243
228
237
276
267
234
267
240
255
264
258
231
297
237
225
264
285
285
192
282
240
183
198
270
219
270
231
210
267
228
