243
243
186
273
261
225
210
222
273
279
240
258
222
225
198
264
201
267
207
204
222
198
279
228
222
237
222
246
216
234
213
216
222
219
282
219
225
216
231
249
300
261
246
246
249
222
279
201
210
231
243
186
243
195
222
249
228
234
216
195
249
240
300
204
198
240
228
255
270
207
216
267
246
306
255
231
222
228
264
243
246
237
294
264
219
258
237
219
237
240
264
198
219
261
222
195
267
204
213
219
207
201
285
234
258
213
225
300
219
258
237
255
255
228
237
240
234
255
261
237
234
219
222
171
246
276
276
258
237
237
231
270
246
225
249
228
249
225
279
288
189
267
261
219
222
249
288
306
228
240
213
276
255
246
237
264
240
252
261
231
237
264
243
234
228
279
273
225
276
246
228
225
204
264
246
261
198
204
264
240
261
225
291
231
258
252
231
207
216
231
201
234
252
240
222
312
222
231
294
246
192
246
207
285
228
270
222
213
231
225
249
222
213
210
264
252
234
246
198
225
231
291
267
234
207
216
234
243
291
255
252
201
225
270
255
210
240
225
267
204
219
207
216
228
210
219
225
264
237
231
198
249
252
216
255
252
201
264
231
258
207
312
252
192
264
249
216
219
252
294
261
267
246
267
222
219
240
261
252
201
273
273
255
219
255
291
240
249
237
237
246
237
234
276
237
198
237
249
213
252
