240
243
234
228
240
207
240
282
291
240
222
249
228
240
228
240
270
243
240
252
240
231
219
189
228
213
240
243
246
243
237
216
285
204
222
228
213
243
213
225
237
264
237
231
198
291
279
225
234
258
231
240
219
186
273
234
282
228
243
276
288
201
264
270
261
189
243
258
165
264
249
222
210
237
231
216
249
252
228
300
237
246
300
186
213
186
246
198
249
240
249
240
300
222
222
237
225
264
225
231
189
234
252
207
210
222
210
222
264
222
219
252
249
201
219
222
258
240
234
312
198
201
204
252
237
243
210
270
195
258
237
225
186
183
234
231
261
231
219
294
234
234
219
264
249
261
222
252
246
231
237
222
246
255
213
216
249
237
225
243
246
234
207
237
255
249
243
318
186
228
285
219
282
255
222
192
231
198
249
246
264
237
258
234
228
258
243
234
198
210
276
243
252
228
294
228
231
255
246
201
225
258
279
189
246
237
255
222
261
189
270
249
225
261
261
240
252
264
213
240
225
228
213
228
234
207
198
243
267
279
222
234
228
237
264
270
261
204
252
234
204
231
195
210
216
258
231
225
258
216
249
228
201
303
246
252
207
231
267
270
255
231
237
237
228
219
261
216
276
288
300
210
291
204
225
219
222
249
198
258
243
258
207
234
231
279
204
267
213
186
216
267
246
255
195
237
201
240
183
249
