231
228
261
222
207
234
237
234
240
228
237
243
294
189
204
192
270
219
231
243
204
255
249
252
210
231
267
234
261
267
237
246
231
273
255
261
249
246
315
237
222
258
267
285
222
225
276
240
207
207
264
225
237
234
249
231
216
246
201
249
261
282
267
255
198
273
222
231
222
297
273
240
207
276
201
249
216
243
231
252
246
273
261
222
216
243
234
225
231
219
246
231
255
198
237
252
225
282
276
216
219
279
234
228
222
234
231
231
225
174
288
210
225
210
264
255
225
249
225
225
210
222
255
204
207
207
243
276
231
249
240
273
252
246
234
201
228
264
291
234
243
255
231
261
246
249
267
225
264
282
216
204
240
297
261
276
219
222
246
249
315
228
234
267
243
285
222
207
207
222
237
231
213
219
279
273
228
246
237
246
264
201
222
237
231
321
219
243
258
201
234
213
219
291
228
213
192
249
228
219
231
204
231
210
258
225
291
243
267
258
231
261
222
276
225
195
264
228
195
198
237
213
225
237
207
258
228
228
228
240
258
231
243
255
231
228
243
270
309
201
249
282
228
255
231
240
201
225
201
228
264
240
267
213
189
204
270
249
210
282
252
255
228
246
225
216
234
228
252
192
231
216
258
309
228
249
225
249
234
246
210
264
237
249
258
213
225
261
219
219
231
222
285
282
219
252
264
270
207
237
