291
273
225
216
177
198
216
201
213
201
195
255
237
246
240
294
279
255
276
216
228
252
333
231
267
234
270
249
279
234
210
270
252
228
216
219
231
225
225
273
240
201
186
252
210
231
198
213
243
270
219
273
240
249
189
252
270
240
306
195
249
207
249
219
246
204
264
246
240
255
258
249
258
240
267
195
207
285
243
246
306
237
264
276
228
249
228
267
222
261
207
234
231
192
222
222
264
279
258
255
189
267
195
261
300
222
249
252
273
186
237
249
216
297
255
258
267
300
246
267
186
255
234
225
240
246
210
225
219
210
282
276
291
279
255
249
258
216
252
261
252
201
303
234
279
252
219
264
210
300
264
237
222
240
228
216
237
234
234
273
222
252
258
216
234
246
180
285
312
252
225
186
228
243
243
201
267
270
276
240
267
195
258
192
255
243
243
237
231
231
261
201
291
225
261
267
276
228
198
252
186
243
228
219
273
300
264
249
237
228
249
255
261
240
195
228
219
294
195
219
276
222
207
222
225
243
276
255
276
252
219
246
243
291
255
270
228
258
222
228
273
207
252
261
231
225
237
240
231
231
249
198
261
243
222
273
249
249
246
240
258
228
198
267
201
198
249
216
210
210
279
195
258
243
225
240
183
243
243
240
243
204
231
249
240
252
234
225
300
243
240
282
216
225
249
243
246
261
216
234
