198
255
252
246
222
222
246
288
228
234
273
237
237
213
291
234
279
201
282
216
237
234
264
258
198
222
243
204
249
237
249
204
282
240
258
240
279
240
225
222
276
159
294
204
231
216
231
228
294
213
207
258
249
210
207
291
231
213
186
270
249
186
183
267
195
210
264
252
222
219
279
225
246
195
216
264
231
249
243
240
195
261
222
246
213
267
276
279
270
237
222
252
213
249
276
279
237
225
234
282
261
258
234
228
210
228
219
246
186
231
240
213
240
261
294
264
252
210
228
237
261
246
213
210
243
213
300
243
276
267
261
201
237
192
234
258
237
303
264
237
204
249
237
252
291
264
258
261
252
240
243
246
330
213
243
288
222
210
204
246
204
279
222
279
219
261
327
237
291
255
210
252
237
195
291
231
231
189
207
219
198
231
240
234
183
249
273
246
240
204
270
258
240
258
237
243
243
261
207
270
294
231
228
246
267
213
255
201
264
243
219
237
219
261
255
174
201
243
219
213
237
255
261
240
258
204
273
321
255
249
249
252
255
234
258
222
231
180
237
246
198
240
219
231
231
249
237
204
249
204
237
252
270
243
222
255
246
222
237
204
213
222
198
282
255
225
219
234
234
282
192
237
240
252
252
279
234
276
216
201
237
297
222
225
273
255
219
249
207
294
222
261
252
189
279
240
204
186
225
249
