219
207
315
303
204
237
180
243
222
222
258
210
231
276
225
258
249
237
252
264
261
285
225
297
243
237
240
219
249
189
258
252
246
282
219
198
249
246
240
249
222
198
243
222
231
201
237
252
225
252
201
288
246
240
261
243
207
216
237
225
252
258
162
264
249
225
270
237
213
249
264
225
243
249
270
294
273
234
267
207
228
261
234
258
246
240
249
273
264
261
183
270
288
198
234
264
213
270
207
219
279
237
249
273
249
258
270
255
207
273
318
270
213
210
213
195
204
240
267
219
201
243
180
228
198
168
213
255
222
174
255
243
219
243
252
189
300
267
258
195
216
303
258
201
246
243
276
237
195
255
267
249
306
273
258
177
219
222
243
270
243
225
228
234
225
258
261
222
216
219
237
240
204
261
249
285
207
267
231
261
219
231
261
237
291
258
207
249
231
297
246
291
183
252
216
213
264
261
240
231
219
213
258
222
267
252
258
252
279
237
249
252
309
228
276
234
249
225
234
234
246
252
249
225
207
270
231
282
261
243
234
225
216
276
261
237
216
237
222
237
219
213
252
264
255
273
219
228
243
246
270
300
267
183
219
279
318
264
192
213
219
246
315
252
246
243
270
189
267
240
252
207
276
255
231
258
237
240
267
279
240
291
222
276
234
255
225
207
213
252
258
234
273
237
240
240
198
255
213
201
