321
255
240
240
243
246
288
249
273
237
294
273
219
243
210
264
258
237
231
234
213
222
255
279
234
222
237
216
231
249
228
213
252
258
228
234
282
300
249
258
216
207
255
249
252
270
264
270
273
222
219
183
183
207
243
249
210
267
213
252
276
213
252
258
252
216
270
210
222
252
192
219
240
228
270
213
231
264
231
234
231
249
237
198
231
285
219
261
252
249
294
285
216
267
207
255
222
270
249
240
255
228
219
267
216
225
222
240
246
240
252
246
276
303
192
237
285
258
207
246
264
258
255
291
291
240
210
249
222
258
243
246
213
225
189
237
267
270
234
327
216
276
252
237
246
228
231
201
285
222
234
246
297
264
195
252
273
246
207
294
261
261
198
255
240
246
201
240
225
231
306
273
234
258
237
252
219
276
213
216
237
213
270
207
234
258
231
177
186
210
231
285
210
183
246
189
213
273
222
225
222
270
246
189
237
258
240
234
237
219
243
237
195
216
264
216
243
255
234
252
216
234
240
267
309
291
207
219
252
249
228
222
222
246
228
183
234
264
303
288
222
225
303
258
189
225
282
297
216
255
255
228
222
240
279
231
243
237
246
210
261
204
189
213
222
216
261
216
228
291
237
261
243
270
279
204
267
249
243
240
222
231
231
234
213
264
249
225
240
225
243
216
216
321
219
228
204
219
243
282
