231
201
249
243
234
225
237
228
240
228
231
240
234
237
216
228
255
246
213
201
267
279
267
282
237
267
252
225
267
276
216
243
228
315
279
207
261
255
198
204
189
264
201
249
243
237
240
249
198
237
228
288
300
240
231
216
198
195
252
258
213
243
213
264
240
240
243
237
243
273
252
267
243
240
207
240
234
252
225
267
228
228
240
264
258
246
249
249
291
282
234
246
231
273
240
267
222
228
237
210
219
249
216
255
246
228
234
231
246
240
225
273
216
240
231
207
270
246
234
213
285
198
219
258
237
261
222
300
249
210
267
243
243
222
195
255
213
246
246
258
225
246
243
183
252
216
237
276
213
219
213
213
270
288
237
228
228
258
255
216
216
255
237
288
231
216
225
228
255
222
207
228
222
234
210
252
291
231
267
240
234
237
252
198
177
249
261
237
285
258
192
243
267
258
237
231
234
258
243
234
252
210
219
246
219
189
222
255
240
255
216
237
231
210
231
225
219
240
243
240
204
210
216
198
282
258
267
243
204
207
258
273
216
231
261
234
201
258
255
255
225
264
210
273
240
219
246
246
213
228
204
198
225
228
258
240
243
276
213
249
261
273
207
276
210
240
222
219
246
222
201
279
228
210
219
246
279
255
264
240
237
186
261
216
249
267
201
213
261
264
297
201
222
252
246
240
231
237
219
234
