291
210
231
249
246
264
243
246
279
246
255
222
225
264
225
231
261
240
225
252
234
240
204
264
249
270
267
249
234
201
237
273
207
249
225
246
228
255
258
279
213
252
219
231
252
249
210
222
249
273
282
225
267
234
264
279
222
231
258
282
243
243
255
225
243
273
252
237
201
255
240
291
195
246
204
228
222
231
255
276
255
219
243
195
240
267
219
285
219
198
264
243
222
219
228
237
243
261
267
267
219
240
210
249
243
285
204
255
249
249
222
222
216
249
288
255
276
264
249
225
240
249
213
252
258
243
243
243
240
213
261
219
204
240
258
219
264
201
213
207
219
246
243
210
249
249
225
219
210
216
240
201
219
219
258
252
219
285
216
225
282
279
267
357
246
294
207
276
270
249
249
210
261
261
291
210
195
231
201
240
243
231
261
246
213
261
237
258
258
237
270
243
276
303
222
180
237
228
222
234
219
225
270
210
225
273
243
198
246
222
255
255
252
258
258
243
204
234
204
198
261
258
261
270
243
222
282
219
222
282
240
240
231
231
279
249
231
192
246
207
273
225
225
255
150
258
258
222
294
204
216
222
255
264
252
219
225
231
261
222
255
210
219
231
267
201
225
258
285
186
246
210
234
249
303
258
276
234
246
198
249
225
216
225
282
240
207
240
240
228
198
255
237
216
213
204
213
258
234
243
