204
264
288
225
273
279
228
228
231
255
222
216
267
234
291
246
219
213
246
252
240
171
207
264
186
195
258
201
231
276
252
192
282
255
219
210
252
246
240
204
240
297
267
261
246
243
270
222
270
297
237
222
249
222
213
234
213
189
207
252
258
219
201
261
261
261
249
183
258
255
255
249
243
300
216
243
246
237
198
207
213
240
240
273
249
252
258
240
261
285
252
213
225
264
261
267
240
225
276
195
231
216
279
282
234
234
219
177
213
222
261
267
219
234
258
267
234
168
282
261
216
255
240
273
210
234
195
231
219
270
309
222
252
249
243
240
177
219
249
219
249
246
198
264
261
267
219
285
216
264
261
207
222
264
198
222
264
249
243
267
222
255
234
309
252
210
255
207
246
246
270
234
210
228
264
255
267
231
213
249
249
237
210
237
255
216
252
249
255
264
297
228
210
210
213
216
225
219
303
222
252
213
222
282
252
255
249
264
234
261
255
204
231
246
246
264
225
192
237
198
255
267
228
225
285
258
207
210
279
222
285
249
252
210
228
246
237
210
204
219
228
285
210
237
243
240
267
243
267
201
267
258
261
243
249
213
210
180
210
201
240
204
228
282
258
273
288
222
237
264
246
228
249
237
237
240
225
180
201
210
258
228
231
201
171
237
279
195
315
216
231
246
252
234
291
198
255
240
231
219
