246
297
240
216
204
246
228
210
261
225
249
243
282
276
207
249
216
261
243
207
189
261
252
222
249
264
237
288
267
246
255
210
252
231
258
243
225
270
270
243
210
258
222
261
240
210
216
216
198
219
192
285
216
240
219
267
264
207
150
225
246
267
258
231
246
231
237
264
204
243
234
219
246
216
213
231
255
216
189
282
234
201
222
258
243
216
273
267
216
231
219
231
267
231
234
216
246
243
216
234
261
186
213
174
300
249
195
213
252
231
306
222
264
276
237
261
231
231
234
231
234
243
234
243
225
189
219
243
255
282
237
246
213
204
264
222
261
240
270
276
225
249
201
246
234
225
252
258
225
273
237
222
240
264
240
195
246
201
267
225
288
204
222
246
201
276
258
288
216
225
207
240
207
198
261
267
243
216
210
228
225
276
216
255
183
246
294
231
264
225
240
246
264
216
261
225
213
249
222
255
288
261
207
285
273
294
231
264
258
318
231
225
222
219
246
237
234
192
231
207
207
231
231
270
243
252
234
276
249
222
213
270
219
273
243
237
183
225
231
180
249
213
249
225
219
258
216
270
303
231
219
267
219
207
216
228
213
216
222
219
243
234
288
249
225
213
276
252
237
246
234
285
258
261
249
264
234
213
246
249
279
255
249
228
300
234
204
225
255
276
198
219
228
240
213
255
255
249
219
231
