267
282
222
258
279
261
228
240
207
222
243
177
234
255
294
225
258
192
225
246
234
231
267
216
216
228
300
249
201
255
252
237
204
264
240
246
207
282
234
210
246
267
246
216
264
252
240
240
249
270
258
252
237
243
216
258
291
246
252
258
204
219
279
225
282
210
264
207
219
273
243
222
243
216
189
234
231
249
291
207
252
210
282
270
297
246
285
252
282
261
207
249
231
273
222
246
216
294
255
213
234
264
231
213
183
222
264
258
183
207
255
225
204
210
279
291
243
225
240
282
222
261
231
195
255
237
198
261
228
243
234
258
234
234
234
195
195
225
303
288
258
195
282
228
243
219
225
231
219
216
216
207
231
231
225
267
186
207
231
267
291
210
231
231
261
228
216
213
279
249
246
231
231
216
243
237
249
216
231
192
219
210
231
168
252
249
252
282
195
261
243
276
234
264
231
249
192
246
231
213
252
237
246
222
237
234
291
264
273
255
297
234
237
246
255
267
267
267
234
225
204
246
192
219
228
183
237
204
231
225
264
243
258
204
246
246
240
207
273
243
234
234
246
219
234
237
225
267
264
216
210
210
270
222
255
177
237
240
213
282
273
225
213
261
243
243
204
246
243
234
237
267
264
231
204
237
237
243
204
222
279
258
216
252
276
255
237
228
264
276
237
276
243
312
234
228
207
285
222
273
