219
303
222
237
273
207
216
252
192
249
219
225
237
282
216
210
225
228
222
225
270
213
252
273
231
198
255
237
222
255
273
213
228
243
231
279
240
288
210
246
198
243
249
261
213
255
285
195
249
252
180
246
231
222
276
225
216
234
273
219
243
207
255
246
243
219
219
231
291
249
240
207
255
228
249
228
261
228
282
252
216
216
264
219
273
246
213
252
267
246
249
192
210
216
282
276
195
267
237
267
276
264
252
213
243
237
279
219
234
249
216
225
213
237
285
267
234
252
285
219
210
246
243
186
234
264
219
177
228
198
246
291
228
291
279
216
222
270
288
228
255
243
258
243
276
258
252
234
261
264
264
219
258
264
219
174
285
213
225
246
246
237
216
261
264
243
252
261
204
285
234
231
258
243
243
282
219
219
243
204
279
255
252
240
231
267
246
219
249
261
231
234
279
207
201
228
240
267
216
240
225
228
252
243
216
237
285
231
228
276
258
291
189
243
243
240
219
183
279
249
255
207
216
228
258
213
294
246
234
252
231
243
204
270
303
246
231
249
201
267
210
243
240
228
270
225
210
243
219
264
315
252
237
303
186
270
279
195
219
243
231
231
249
246
243
222
273
207
267
222
261
246
231
249
240
303
258
228
267
219
282
228
255
237
183
234
180
231
210
276
231
228
240
201
264
261
285
291
279
228
