213
210
258
285
246
279
255
258
225
255
246
258
216
222
240
267
261
279
198
246
231
249
261
219
255
234
204
246
216
234
237
270
228
246
243
228
249
228
240
270
219
237
228
264
234
249
231
231
261
255
261
231
237
240
240
261
240
252
222
252
237
225
276
216
234
267
225
192
267
210
249
252
234
240
237
255
222
249
246
252
216
243
210
228
222
228
225
222
246
246
231
294
225
213
288
267
231
222
240
252
276
243
264
255
249
243
246
288
177
279
213
183
303
186
285
243
237
234
234
228
297
189
219
225
225
216
276
240
219
219
303
270
267
201
261
240
219
234
267
255
228
213
261
267
240
249
198
231
249
231
282
234
258
207
225
240
219
267
261
249
207
270
216
264
225
240
267
255
258
288
249
222
204
237
222
222
258
264
249
270
270
255
291
213
303
249
198
225
267
240
225
222
291
210
240
243
204
234
255
246
252
255
261
219
237
270
231
210
210
210
246
174
237
234
255
249
180
252
243
207
240
276
201
219
288
264
225
264
213
243
255
255
258
240
264
243
207
276
291
240
222
276
237
249
225
243
216
201
249
219
276
222
237
228
243
213
210
279
222
273
273
207
198
249
267
201
189
231
249
225
237
195
282
276
279
231
249
213
213
249
210
216
195
258
297
237
270
192
231
237
198
222
237
243
249
240
294
264
237
225
