219
237
273
252
231
189
264
228
246
243
273
225
264
240
252
198
225
219
249
267
246
222
237
288
237
222
294
261
249
249
231
231
180
231
288
249
279
234
240
219
276
219
207
276
246
159
222
243
252
276
201
273
255
309
225
243
222
246
246
273
228
207
204
186
234
192
228
228
234
258
255
249
219
240
222
222
255
252
243
222
210
264
273
279
207
258
261
252
264
231
216
198
258
228
252
255
231
258
186
201
183
264
198
183
189
204
225
237
237
219
264
228
228
252
249
213
279
219
225
237
252
225
273
225
225
291
243
213
240
309
240
246
243
270
210
228
213
282
258
222
228
216
213
249
258
240
213
261
273
249
201
276
252
261
246
198
243
237
270
231
273
201
267
282
243
207
261
252
249
303
270
264
231
267
243
240
225
249
276
255
279
249
237
258
216
210
261
246
261
216
204
255
204
255
225
303
252
246
216
231
213
225
264
264
246
225
303
261
240
249
234
216
198
231
252
255
273
219
225
243
222
213
273
234
204
282
231
258
252
219
192
231
282
279
240
237
246
249
228
237
249
225
219
282
204
240
255
204
255
240
246
273
228
303
246
255
228
303
213
273
267
237
276
243
180
267
207
237
213
222
270
210
231
252
246
246
258
201
255
207
219
243
234
204
258
192
237
237
276
273
288
216
228
219
261
231
249
237
198
246
