225
225
246
240
255
234
270
210
267
216
246
246
234
264
270
198
234
240
234
255
249
264
219
243
249
258
276
273
282
270
225
237
240
213
228
225
285
234
219
258
216
228
237
264
240
228
219
204
240
264
240
240
201
231
264
213
243
210
231
261
264
249
273
261
315
246
222
237
228
312
270
198
270
219
246
192
297
207
222
240
246
255
240
213
180
225
282
231
246
195
255
213
207
210
207
216
258
174
183
240
258
267
252
231
189
207
243
219
189
219
261
207
291
303
267
267
210
228
264
237
174
252
240
207
186
270
291
231
240
231
228
255
252
237
273
273
219
285
225
234
282
198
249
222
243
210
252
231
261
243
279
270
264
216
246
249
258
276
207
246
228
234
246
255
270
231
261
216
180
285
237
297
222
198
198
222
252
225
252
252
249
234
225
234
279
255
258
240
249
198
276
249
207
258
231
222
243
231
270
243
240
198
243
222
243
225
216
237
225
279
255
237
201
270
204
270
282
219
165
270
255
240
285
189
270
249
279
234
216
303
285
255
258
231
243
219
195
255
204
192
294
255
213
252
249
222
213
240
219
249
228
207
240
252
249
222
252
237
234
276
231
216
240
264
237
273
249
222
255
243
231
207
240
255
255
261
291
234
279
228
273
294
255
270
300
225
174
234
234
255
249
243
273
201
261
213
264
204
243
219
