240
195
213
234
243
270
189
237
255
273
231
255
216
249
294
258
234
252
249
216
279
180
222
204
171
249
222
267
264
219
210
240
225
243
222
246
282
258
216
195
228
210
198
219
285
222
228
243
267
186
276
249
225
264
207
225
201
207
240
276
213
279
234
180
240
201
234
240
192
210
240
249
216
258
255
246
261
246
216
264
213
276
198
267
249
237
237
246
267
273
189
303
258
261
264
225
249
252
258
228
219
255
234
228
183
240
252
246
222
234
276
246
237
222
213
255
240
228
243
240
264
300
189
249
258
246
201
252
246
282
222
222
258
228
201
270
210
237
264
255
246
279
213
210
258
273
216
246
267
243
225
309
201
240
189
243
264
189
213
252
261
261
267
270
231
228
252
213
240
294
207
249
210
207
267
231
252
222
273
213
249
234
249
231
225
249
219
264
216
273
207
273
219
243
234
210
228
237
240
282
204
258
255
195
249
219
243
237
252
207
231
228
267
234
279
288
282
258
240
261
255
297
243
240
255
255
237
264
228
234
228
243
258
237
219
261
192
288
255
252
234
228
234
201
213
240
258
252
237
288
267
240
228
240
246
216
267
252
294
285
258
207
222
213
276
225
219
216
222
255
255
210
282
216
279
255
228
255
255
231
243
198
219
246
282
219
222
198
234
315
207
240
297
288
216
240
270
192
225
267
