237
222
222
228
180
243
213
300
297
231
300
228
291
258
225
270
261
243
249
222
222
264
225
252
264
234
213
198
219
270
285
273
219
174
291
267
231
228
213
240
279
234
243
240
213
300
234
234
267
267
234
231
249
261
246
273
234
252
231
267
222
255
252
285
261
276
261
201
204
219
198
234
249
258
270
210
237
243
261
243
255
252
261
246
228
261
234
237
231
204
270
225
258
222
216
174
213
228
213
264
267
228
213
288
249
234
219
264
165
243
237
219
255
225
249
255
285
231
255
261
243
270
252
231
267
207
243
246
249
231
219
249
210
204
240
234
201
234
228
231
288
246
276
264
231
225
231
186
228
213
225
249
228
240
261
219
219
207
201
264
243
240
258
270
237
246
300
303
225
225
267
303
273
219
249
273
273
267
195
234
267
270
258
234
222
219
225
240
210
261
207
225
237
222
201
243
231
243
219
231
249
237
252
276
213
216
219
213
222
201
237
291
201
258
228
261
261
246
183
279
288
288
213
255
216
234
219
222
294
255
213
216
228
225
234
267
279
255
276
303
237
252
255
192
213
240
216
252
270
288
219
207
213
234
246
222
255
285
198
228
255
231
240
177
264
240
219
225
255
204
300
207
216
252
249
249
234
237
225
222
255
228
195
231
252
279
234
180
321
285
273
237
237
291
228
216
276
264
210
273
