183
156
249
225
261
240
234
279
255
273
228
240
258
252
228
228
282
291
264
201
252
264
213
255
252
288
282
180
279
243
282
243
219
219
243
267
231
246
273
255
225
204
249
231
267
231
264
213
273
273
234
264
222
219
249
288
279
195
213
264
255
255
216
261
240
234
279
234
216
198
204
234
261
219
234
306
183
216
255
282
222
225
306
264
246
207
240
225
276
270
285
231
192
258
246
255
210
264
264
252
216
252
234
246
228
219
216
222
207
285
228
231
201
243
225
294
273
219
243
216
261
219
186
255
255
282
273
228
306
306
216
249
258
249
249
231
252
249
276
204
237
228
228
210
234
249
261
279
252
213
252
273
240
234
240
270
204
258
243
237
219
258
216
258
216
234
219
210
267
213
231
213
207
240
210
264
222
276
282
240
249
201
240
261
243
243
279
246
288
198
222
276
249
237
213
297
246
228
231
231
219
210
243
225
219
228
252
243
234
243
237
270
270
261
228
261
234
243
228
213
252
192
192
261
231
225
219
267
204
237
222
222
279
288
255
231
231
216
231
219
237
231
222
207
264
219
240
282
243
243
213
231
219
255
231
213
165
243
273
207
216
234
228
264
213
252
231
237
231
264
204
276
228
261
282
225
237
231
207
264
204
213
297
228
231
201
231
249
249
249
270
243
234
201
258
249
321
204
240
261
