222
282
210
213
150
189
279
285
201
258
249
249
201
252
246
249
261
219
219
231
255
258
231
252
246
246
291
297
231
267
276
213
237
249
243
249
219
246
252
255
246
228
258
273
225
258
258
246
222
240
225
243
243
246
216
216
252
249
237
240
288
189
225
213
240
267
219
252
195
228
234
249
264
255
267
240
234
219
264
219
249
222
243
243
222
228
213
225
225
243
252
246
222
225
237
234
237
219
237
252
249
237
267
192
255
255
243
249
189
252
255
192
204
237
270
240
237
198
216
243
222
213
192
255
240
264
225
186
255
258
279
294
207
237
228
228
234
252
249
234
192
237
204
195
237
216
222
240
267
204
285
237
249
234
210
231
261
237
249
246
270
240
243
246
249
192
249
261
225
189
210
258
252
225
243
273
219
216
276
216
210
234
255
237
234
240
210
255
264
243
234
228
249
231
258
219
246
228
264
249
225
252
237
225
252
222
198
216
201
198
240
195
282
273
213
216
249
261
246
255
243
225
240
264
243
216
297
267
210
252
189
285
234
255
234
249
237
213
249
219
276
237
267
225
243
282
252
261
279
234
249
228
300
258
249
288
186
273
228
243
222
237
240
201
237
219
234
249
231
246
279
213
216
213
231
267
222
231
240
279
252
192
183
237
264
276
267
252
210
291
234
279
321
198
267
216
216
207
306
252
