243
228
231
213
225
216
309
204
243
252
237
240
228
246
240
210
240
252
228
204
222
204
219
249
225
267
213
231
207
225
234
198
231
255
234
285
258
204
219
189
195
219
243
198
261
219
222
261
234
273
270
261
222
222
189
207
195
270
222
234
246
267
237
270
267
240
246
204
231
237
222
213
225
246
264
228
237
231
255
252
228
267
213
210
210
282
234
183
237
276
249
207
285
204
270
201
273
249
276
228
249
258
171
264
246
255
228
210
279
207
213
228
240
267
297
240
219
225
264
285
174
234
210
219
240
246
249
252
249
246
252
237
204
243
267
258
225
255
249
270
210
186
234
279
228
303
237
246
240
201
222
210
240
231
240
183
225
249
246
228
237
261
231
252
267
255
252
255
240
231
237
216
192
246
261
240
228
210
267
213
279
255
261
252
237
261
222
297
249
204
231
225
171
234
258
225
240
276
207
258
246
243
261
213
243
210
228
189
222
249
222
243
258
222
282
252
249
189
228
219
225
261
237
219
252
204
270
228
249
288
237
240
195
243
183
210
279
240
243
201
264
219
255
279
213
288
189
264
267
234
225
240
249
294
264
255
252
261
261
264
243
201
234
240
243
216
240
285
204
234
234
210
255
255
240
210
231
207
210
243
222
255
237
231
252
222
282
246
222
249
228
258
243
228
222
195
258
270
249
213
