237
261
231
237
261
177
222
210
264
234
213
201
210
261
210
183
255
261
243
240
225
186
204
237
216
279
258
273
186
231
267
198
300
210
258
228
246
222
255
243
249
258
216
213
246
225
225
264
216
255
282
252
216
219
252
237
240
234
213
222
219
276
240
291
249
195
225
219
264
237
225
276
189
264
201
231
264
234
225
264
231
234
231
255
270
297
231
222
240
237
219
225
249
219
234
216
258
243
210
219
234
228
273
225
231
243
225
225
261
291
288
222
243
219
222
231
222
273
234
207
213
225
222
219
240
225
189
237
288
228
249
267
267
204
288
270
222
300
222
228
201
252
252
240
270
249
240
225
216
204
222
207
225
207
243
246
237
261
207
198
282
237
165
276
249
267
234
249
297
243
243
183
180
216
210
273
273
285
297
237
255
255
213
273
234
225
213
207
249
222
207
243
273
243
273
189
240
288
240
219
258
270
228
225
249
240
216
213
240
261
255
234
213
225
222
249
264
243
243
186
294
261
210
270
204
192
258
270
198
252
231
255
255
228
240
213
237
252
243
249
261
237
219
213
261
219
207
210
249
234
216
225
231
240
216
183
273
255
294
255
273
288
234
219
246
282
249
183
333
246
192
249
243
237
207
285
225
267
249
258
180
225
258
240
222
321
258
234
258
249
225
246
204
240
234
306
243
261
213
228
