276
267
249
243
213
252
213
252
219
225
255
201
237
258
222
297
255
246
264
243
234
231
222
255
225
234
276
258
273
324
255
213
270
240
207
255
225
231
267
273
216
261
234
255
231
252
258
231
165
264
249
204
177
231
273
225
234
207
246
222
246
213
219
216
246
252
189
249
309
243
282
291
249
195
216
183
243
210
231
270
192
237
234
240
279
285
243
219
231
231
258
246
222
204
249
285
279
258
225
255
252
258
216
258
264
198
210
222
258
267
219
264
264
210
252
246
213
243
213
258
282
276
228
243
204
249
228
285
204
180
273
258
237
216
252
231
207
246
213
276
261
228
219
255
270
231
255
258
285
240
219
198
261
201
246
249
240
240
213
234
270
237
213
228
204
198
216
276
228
201
279
237
249
228
258
240
231
219
225
267
267
252
231
240
267
252
171
228
249
237
243
213
231
270
216
264
222
258
246
213
225
234
216
198
240
285
204
234
267
252
222
237
282
246
258
225
243
201
207
270
207
237
246
240
264
228
219
246
219
234
252
279
261
258
207
270
273
285
192
213
261
210
231
249
246
270
216
270
180
255
264
255
303
279
201
213
204
243
225
219
183
249
309
267
261
213
189
258
234
219
243
273
246
258
261
258
246
258
264
279
300
246
249
204
258
213
219
240
255
261
300
243
258
234
216
231
255
225
261
249
