510
465
465
480
516
558
492
465
402
510
459
564
519
462
474
558
504
555
462
501
522
459
486
462
429
462
495
480
489
489
489
459
414
474
480
417
456
582
474
408
465
528
558
435
507
414
549
537
480
498
432
498
534
495
489
561
441
444
501
534
585
375
519
492
444
429
468
498
510
498
432
549
459
468
432
525
498
444
498
501
450
483
561
447
438
477
411
420
474
417
486
489
456
420
498
432
510
474
522
447
462
486
486
465
489
498
498
423
537
459
507
438
519
471
438
444
474
462
465
516
525
456
366
459
432
519
468
498
504
471
495
420
444
492
432
459
462
513
543
507
477
489
489
462
489
522
471
528
492
474
417
492
465
510
420
507
471
453
462
462
492
423
438
447
429
519
471
468
408
504
459
480
477
474
450
408
498
540
462
489
483
471
468
408
423
447
462
522
483
474
441
480
519
468
519
513
453
438
495
444
492
516
483
513
423
537
486
426
459
471
525
453
489
483
480
504
489
486
423
420
438
501
501
447
531
489
459
423
534
462
528
465
441
492
495
462
498
561
501
438
465
468
489
510
447
432
429
474
462
501
474
513
495
495
489
540
459
435
423
570
525
504
537
546
558
462
495
543
420
432
489
531
486
426
495
450
516
432
570
444
513
516
480
471
414
426
474
405
513
462
459
480
465
456
498
486
429
393
501
465
