234
240
219
252
237
273
228
249
279
237
288
264
282
204
231
255
225
240
240
222
231
204
189
258
249
252
222
273
216
255
225
225
240
255
243
273
315
222
219
234
213
222
261
237
219
267
246
243
228
261
225
234
186
267
243
267
249
228
201
228
237
216
231
237
258
267
276
216
243
255
219
162
222
285
234
183
225
228
207
231
219
264
228
267
243
234
258
309
192
231
237
270
228
270
201
237
237
228
198
231
207
249
258
198
210
234
249
258
183
225
237
246
291
264
213
246
231
267
237
270
279
273
207
243
207
231
231
264
231
252
258
219
234
198
228
252
219
258
228
279
270
246
231
249
255
219
219
198
222
264
219
246
219
312
222
237
267
213
288
237
222
243
246
225
261
276
237
204
252
267
228
249
228
198
261
249
246
246
279
201
225
255
204
252
216
252
282
228
207
189
210
219
222
246
195
228
258
243
246
267
198
279
237
222
240
255
261
219
240
294
252
219
228
180
180
276
237
273
216
270
258
240
237
201
258
279
267
219
249
252
246
252
273
240
198
243
177
249
231
210
195
243
288
219
222
252
222
240
252
180
228
213
219
204
261
249
228
210
216
243
228
228
228
222
246
237
228
252
243
216
252
237
204
213
279
237
261
255
312
240
246
264
207
222
324
258
252
252
264
228
237
231
243
255
228
147
201
336
219
225
