201
207
243
216
228
192
207
213
282
246
219
288
252
237
255
267
204
219
234
213
243
246
285
255
231
198
306
240
270
204
258
264
270
231
243
255
261
318
246
246
189
246
237
276
195
261
282
270
264
300
225
219
240
186
222
243
276
204
240
243
234
246
231
210
264
234
225
207
195
252
228
201
273
258
234
252
213
276
207
249
222
228
258
225
231
225
249
237
243
222
255
264
270
240
264
228
222
282
240
243
246
243
228
288
240
243
231
216
246
234
264
228
228
294
240
255
246
231
267
240
225
246
282
267
270
237
264
264
234
261
246
288
237
264
276
204
240
288
252
261
240
237
300
222
246
282
210
255
201
282
225
222
195
243
255
246
264
261
279
237
243
282
216
270
231
273
201
249
258
225
249
207
243
216
285
243
237
297
228
201
234
240
198
225
195
186
261
222
291
231
240
210
204
249
234
237
258
264
264
231
264
222
249
210
252
207
237
264
222
213
276
246
237
252
258
216
288
264
225
243
240
213
207
243
213
255
222
255
294
225
240
210
252
204
255
252
285
267
267
216
243
225
225
246
219
288
216
264
249
318
270
246
234
255
279
258
228
246
267
204
261
177
237
255
216
225
231
210
222
306
249
228
273
246
225
267
240
198
213
210
252
306
297
207
276
231
255
216
279
192
243
237
279
246
267
246
243
258
219
198
