198
270
243
237
288
210
237
213
279
288
228
231
210
225
246
216
228
237
189
270
252
207
207
249
243
210
255
234
225
219
219
264
234
243
246
264
222
192
249
225
228
180
219
249
270
252
225
243
201
267
285
291
219
216
177
204
240
204
252
258
225
249
213
252
207
237
246
294
204
285
246
273
264
180
243
270
240
213
261
216
258
258
219
225
255
297
291
243
222
216
282
240
228
207
219
237
162
186
222
252
246
252
255
243
243
204
255
252
258
198
225
255
234
219
255
252
303
210
207
240
240
252
285
204
288
264
273
237
222
258
246
243
249
246
240
228
225
270
219
273
240
258
258
210
222
237
231
207
192
261
186
210
216
252
249
285
213
207
249
270
231
240
243
216
210
267
234
219
228
240
249
243
240
195
225
249
192
231
222
204
213
249
225
249
276
219
231
249
267
192
216
300
225
189
210
249
246
267
255
237
219
312
225
237
234
267
231
246
246
198
219
237
270
222
252
288
243
243
279
219
255
237
207
276
192
255
267
225
240
261
285
276
282
258
228
246
213
243
210
270
252
264
264
243
243
240
288
228
222
255
285
237
243
222
225
270
252
210
207
261
258
255
216
210
249
225
279
231
249
219
267
198
252
306
198
210
237
231
189
222
234
201
243
267
249
216
204
252
252
189
267
207
243
219
204
222
237
201
270
231
