264
252
207
240
237
225
213
204
252
261
246
204
192
237
264
231
240
243
252
237
201
264
285
252
258
261
255
237
258
237
255
228
315
300
258
240
228
213
237
291
210
246
234
240
294
315
219
228
255
243
249
231
333
222
189
240
204
294
210
219
228
174
243
264
252
222
267
267
216
249
237
237
258
237
228
252
255
243
243
219
270
303
246
222
243
237
258
255
213
273
225
261
216
267
303
210
261
204
225
279
213
267
240
273
246
291
240
273
264
195
207
234
201
252
216
276
300
282
243
282
237
231
258
249
234
234
243
273
180
231
237
243
234
252
228
291
258
207
234
258
207
291
255
252
249
237
246
237
243
234
186
276
282
219
249
204
270
198
219
261
204
249
246
273
318
267
255
234
264
228
237
204
255
216
291
255
264
216
216
258
228
279
285
240
228
222
168
243
264
288
222
171
240
285
249
264
270
237
210
216
213
201
222
267
198
252
207
189
252
207
252
219
282
213
270
252
270
276
255
189
273
294
213
285
225
270
225
225
246
243
276
273
240
207
243
276
267
228
204
258
216
288
180
225
246
249
219
279
258
207
246
222
249
249
258
183
273
264
210
267
222
207
240
252
279
225
219
243
204
264
258
291
243
219
258
201
216
240
288
219
249
180
237
234
255
192
261
228
198
261
282
291
198
225
237
237
264
225
234
294
