225
246
225
279
216
261
258
285
252
252
210
201
267
228
222
288
180
282
288
246
240
258
267
282
225
231
192
231
183
270
183
240
180
174
207
219
246
219
222
225
216
264
168
219
261
225
240
243
216
219
300
231
258
261
264
204
249
219
252
282
243
282
258
216
276
225
189
207
228
252
237
285
198
222
255
264
234
216
291
246
219
264
213
249
207
219
261
219
216
270
228
216
258
210
267
222
249
210
234
237
270
213
279
222
204
216
246
216
207
219
222
273
225
285
225
234
207
234
222
288
276
225
252
261
240
231
240
207
261
273
246
222
243
228
222
231
210
240
180
219
237
258
273
216
225
240
255
261
231
210
198
258
264
267
249
255
285
261
252
210
222
198
258
243
279
192
222
216
288
222
225
258
225
234
213
210
267
237
261
249
189
222
249
168
210
192
285
240
285
201
210
255
288
213
258
216
207
216
243
225
291
225
210
282
228
213
246
270
291
252
237
228
243
207
234
258
240
252
246
225
216
267
225
243
201
225
225
216
237
255
243
264
285
219
252
303
276
219
249
219
192
264
273
279
279
207
243
216
252
258
237
273
231
165
216
285
273
261
291
234
273
240
213
273
216
273
255
264
225
261
225
204
225
240
201
198
267
225
219
231
201
249
255
240
273
267
216
273
258
228
261
264
252
231
240
255
255
264
252
204
