309
198
252
207
222
219
222
216
213
246
234
225
246
228
249
291
234
216
246
249
255
231
267
213
228
225
231
264
216
225
243
228
225
249
183
201
228
261
267
282
246
192
228
279
261
246
258
243
243
189
237
321
294
258
270
222
330
231
189
252
261
237
246
213
234
264
207
201
210
243
243
270
195
219
246
225
246
246
249
246
300
264
267
264
246
255
234
222
210
180
204
225
279
252
189
225
210
234
231
279
237
267
231
276
228
258
246
222
198
267
273
273
294
213
264
249
234
264
225
276
246
246
231
249
222
252
252
243
258
222
243
231
321
252
192
234
225
252
234
261
240
207
222
276
282
228
222
276
228
252
213
240
294
219
291
204
279
237
267
276
246
303
213
285
261
219
210
252
237
192
240
198
210
243
246
255
282
294
213
240
237
225
246
285
237
207
249
219
234
210
252
210
243
234
237
282
267
216
255
270
231
270
264
231
246
213
255
240
270
264
231
270
252
210
246
228
222
222
222
240
225
258
237
249
240
252
252
225
216
204
246
243
243
255
237
237
237
246
249
201
210
240
240
291
222
210
270
225
228
270
255
255
198
246
228
234
228
234
216
276
237
216
294
204
234
231
249
228
216
228
303
228
237
228
210
216
270
255
288
282
264
234
228
225
240
267
270
201
240
252
246
189
258
222
282
252
210
294
228
219
