225
237
252
255
216
255
210
261
231
237
240
228
243
243
237
252
237
282
264
273
258
249
237
231
216
192
255
237
243
234
204
240
276
303
273
198
261
234
204
228
237
270
210
255
252
219
252
267
264
273
204
240
255
240
195
249
264
252
261
279
294
219
243
210
231
243
234
228
264
252
228
246
252
246
282
237
276
192
258
264
228
222
237
207
219
291
258
258
228
261
210
255
249
273
255
240
222
252
201
249
291
291
258
306
255
189
273
189
237
297
234
261
207
213
255
330
255
234
282
249
210
240
294
228
216
270
255
210
261
234
300
210
237
222
216
246
198
204
294
213
249
225
195
216
243
237
222
216
252
231
249
228
282
261
243
258
201
228
195
267
219
285
201
246
306
219
246
192
222
225
273
216
252
252
246
249
249
240
228
228
267
264
252
195
237
237
207
258
267
252
258
222
216
285
228
255
255
255
249
225
252
219
204
282
234
246
243
201
228
228
225
228
228
252
231
246
243
288
192
285
225
252
237
246
267
234
249
237
225
207
252
189
294
276
198
273
261
222
240
270
273
222
198
216
165
195
231
216
252
237
207
273
279
249
192
297
258
234
234
225
246
234
240
234
228
237
228
267
300
213
231
315
234
207
222
234
237
258
210
246
231
237
210
237
228
258
243
243
210
219
273
237
174
225
267
258
213
249
210
219
