255
231
246
183
249
243
240
213
228
276
219
234
225
249
261
228
240
231
207
222
228
270
255
249
264
210
213
225
243
228
222
195
258
270
228
228
279
210
255
261
279
213
264
231
213
261
192
285
246
240
243
246
279
216
249
228
189
246
228
276
276
204
240
225
258
234
213
216
198
195
249
219
240
198
240
273
216
195
222
219
252
228
267
255
213
213
225
204
240
264
222
234
210
225
207
243
231
216
225
255
225
252
279
300
216
270
261
240
303
249
231
225
240
243
237
270
240
321
222
282
237
228
216
225
234
264
276
204
243
207
240
240
252
228
231
219
234
243
243
276
240
252
267
210
243
279
252
255
240
288
240
231
246
237
279
246
195
249
264
264
252
237
228
240
234
174
240
228
264
195
267
204
261
240
228
246
219
219
270
240
225
249
303
264
231
207
195
261
228
192
267
207
216
249
249
273
276
252
288
180
198
252
255
225
198
243
225
228
234
261
237
243
210
240
213
246
237
264
210
240
246
243
291
207
234
234
258
240
228
255
291
255
183
222
201
243
261
234
162
207
300
240
249
273
231
252
240
231
261
234
282
267
276
207
222
279
249
249
225
264
252
252
204
192
252
252
246
231
234
225
234
228
291
228
216
240
252
180
210
255
255
219
183
243
231
237
267
270
246
234
195
231
261
237
228
183
237
219
255
255
