267
228
279
258
294
186
297
231
261
237
252
258
255
249
207
207
255
270
228
210
207
237
234
222
243
210
195
213
228
276
255
204
228
258
234
240
267
201
228
300
216
228
228
240
222
225
273
234
234
279
237
213
276
294
270
255
252
207
264
282
210
255
180
243
234
234
267
273
261
204
240
228
297
195
252
234
255
270
252
237
246
231
258
222
243
222
216
222
246
240
249
249
276
237
231
231
240
291
234
231
273
255
273
285
252
231
234
267
231
255
264
237
237
324
237
189
255
240
279
240
243
288
273
231
234
261
246
204
240
222
222
228
267
255
228
243
246
207
228
294
189
258
273
219
243
234
213
237
216
270
279
198
231
216
231
261
174
216
213
246
243
258
222
255
231
252
231
264
225
204
213
228
207
174
243
261
258
204
252
201
237
210
228
255
180
285
213
207
234
243
279
228
207
243
249
201
306
255
237
258
276
210
225
270
219
261
222
225
222
255
243
330
186
204
255
252
225
255
264
255
252
246
246
228
210
228
270
180
237
234
291
234
267
249
234
252
249
207
234
231
237
198
258
249
189
246
213
276
231
222
213
255
270
249
264
231
282
207
234
237
255
252
225
270
201
270
228
249
249
252
225
237
297
210
249
216
261
174
243
279
201
270
297
222
222
213
234
261
237
222
279
258
258
231
282
243
267
222
267
252
