489
531
402
486
492
492
468
489
522
480
480
432
513
477
474
525
444
414
486
498
516
468
516
507
492
477
438
435
501
426
429
435
465
510
453
486
465
441
480
540
459
492
531
525
459
492
507
567
540
507
453
444
525
420
459
447
453
540
369
438
477
474
477
480
489
420
447
537
501
504
495
504
534
450
468
450
444
456
498
516
462
474
441
540
426
390
513
489
462
483
501
408
432
471
462
456
366
438
453
486
534
441
444
411
522
486
465
549
450
549
417
420
468
519
456
546
441
474
432
450
441
504
450
426
453
498
471
468
510
477
549
474
519
519
447
429
465
504
456
489
468
486
513
468
423
471
426
522
489
444
495
474
480
453
537
513
504
453
438
483
483
477
546
405
486
510
483
432
543
486
483
489
510
429
555
483
513
483
519
429
447
474
459
546
468
462
585
540
435
498
507
462
522
450
450
504
510
456
474
498
456
507
432
462
453
456
489
522
486
480
426
504
471
477
453
513
534
483
519
486
537
435
477
489
477
456
384
495
495
450
435
546
504
435
504
492
450
537
528
483
525
519
525
420
483
504
498
411
468
510
552
459
504
528
465
495
471
573
462
522
456
480
432
543
420
489
486
471
465
510
522
459
366
453
507
444
468
432
447
432
483
480
507
528
537
504
477
477
531
507
483
456
483
411
444
444
501
447
405
435
