540
408
492
435
474
432
432
516
558
492
408
504
444
579
507
483
510
459
495
480
456
531
549
519
465
465
486
489
513
513
444
483
528
426
393
483
534
492
414
468
513
507
468
474
435
462
483
516
510
429
465
459
441
408
450
387
477
495
501
465
519
441
522
459
531
429
537
492
402
489
480
456
453
519
477
483
480
501
519
546
528
504
477
441
429
519
525
450
501
465
447
453
417
504
435
501
447
447
459
471
471
510
459
432
441
534
498
504
519
525
483
501
537
528
513
450
471
429
495
537
501
507
507
444
402
465
438
438
468
489
474
525
474
486
393
450
516
528
510
393
447
501
471
492
465
405
426
447
504
480
450
465
468
507
501
453
525
543
465
588
453
534
459
480
468
498
534
474
498
534
480
492
468
531
483
456
432
522
495
522
447
492
483
519
501
504
456
435
474
483
495
462
486
450
453
477
537
498
507
498
477
486
498
462
441
531
498
408
441
504
414
522
525
477
486
495
504
504
519
477
486
501
477
456
558
444
516
558
459
480
447
516
525
471
507
408
474
486
474
480
555
459
501
483
453
426
474
420
450
510
492
507
420
480
447
462
483
546
528
459
438
498
498
534
492
483
540
483
465
498
435
492
480
459
453
453
462
381
447
504
522
501
468
507
486
468
483
468
438
486
447
495
480
477
483
519
471
501
525
465
