225
225
234
225
204
267
282
321
237
234
231
222
228
264
216
219
240
252
222
186
210
222
291
219
255
258
255
222
252
237
252
192
231
201
282
249
210
285
300
261
252
222
210
225
246
255
234
243
258
192
246
225
246
210
243
258
264
282
210
201
216
321
243
234
222
270
267
222
192
240
264
228
234
279
228
264
216
237
255
273
222
174
249
240
261
216
222
231
246
237
288
201
237
231
279
228
201
216
276
225
231
231
270
276
234
201
237
213
198
243
267
276
243
201
288
207
231
255
213
240
255
228
258
198
198
246
228
243
219
225
231
207
282
255
216
228
174
234
195
279
201
240
180
252
168
234
255
237
201
246
246
240
225
243
198
264
210
240
225
258
222
204
210
276
240
210
207
240
213
264
237
240
261
234
237
306
204
198
270
261
246
246
210
276
243
249
213
246
231
234
210
267
261
216
237
246
240
249
219
279
228
207
258
261
201
252
240
237
255
282
252
213
243
273
252
228
201
267
189
228
213
276
240
234
273
249
243
246
201
213
219
249
243
228
240
228
255
291
237
210
237
222
309
261
201
237
237
231
222
249
219
264
231
210
207
234
213
192
279
252
291
243
261
213
279
198
252
252
252
222
222
234
276
276
249
255
237
297
264
234
225
258
267
225
303
210
246
246
243
237
270
258
273
249
267
252
210
204
225
240
