1983
1824
2037
1887
1791
1941
1902
1794
1788
1923
2004
1755
2187
1866
2016
2025
1803
1920
1923
1899
1941
1815
2019
1863
1974
1866
1992
1929
1998
1911
1896
1896
1992
1974
1785
1698
1998
1911
2100
2064
1887
1839
1995
2124
1830
1938
1986
1875
1944
2145
1950
2022
1971
1956
1959
1929
2079
1998
1881
1797
1899
1971
1833
1929
1920
1977
1968
1767
1794
1857
1977
1908
1863
1974
1854
1989
1953
1839
1926
2043
1944
1794
1995
1971
1848
1992
1953
1893
1971
1830
1842
1848
2079
2001
1932
1977
1890
1965
1968
1779
1908
1950
1947
2016
1869
1911
2031
1758
2079
1923
1938
1992
1986
1926
1920
1929
1983
1938
1938
2016
1833
2037
1989
1848
1854
1803
1968
1938
1863
1833
1899
1821
1929
1926
1893
1980
1830
1962
1935
2016
1902
1884
1914
2055
2028
2025
1971
1938
1980
1884
1854
1824
2058
1815
2022
1944
1926
1911
1839
2082
1905
1977
1887
2121
1830
1917
1851
1902
1944
1926
1872
1908
1875
2040
1914
1869
2001
1989
1878
1866
1881
2034
1914
2016
1962
2013
2007
1818
1863
1815
1905
1692
1779
1767
1875
1896
1758
1881
1965
1971
2043
1938
1977
1860
1875
1887
1929
2007
1956
1971
1947
1971
1905
1797
1875
1911
1980
1857
1821
1935
1968
1968
1908
1971
1800
1869
2025
1812
1899
1965
2013
1893
1851
1899
1851
1893
1851
1923
1977
1866
1842
1965
1836
2004
2019
1758
1929
1893
1893
1926
1887
1998
1764
1776
1953
1947
1872
1974
1968
1926
1860
1932
1983
1845
2031
1881
1908
2010
1971
1896
1899
2046
1977
1944
1971
1914
1977
1830
1971
1893
2055
1833
1824
1797
1899
2127
1974
1836
1974
1962
1857
1836
1845
1887
1938
1914
1836
1914
1977
1932
