210
228
228
237
216
270
204
255
219
210
213
240
198
258
261
201
231
198
246
228
252
204
234
237
213
252
231
240
276
249
177
195
279
219
234
228
243
216
240
228
216
270
231
228
207
297
258
234
219
258
219
252
288
249
249
231
249
243
240
216
261
204
249
231
189
240
216
234
234
237
264
222
285
285
225
192
273
225
249
273
240
234
255
213
258
216
267
258
210
216
228
252
234
243
186
255
234
198
273
228
276
225
222
228
240
288
237
210
201
234
261
219
243
276
246
219
282
258
282
231
243
270
231
246
270
222
252
195
237
231
249
231
216
273
237
222
249
285
270
267
222
249
237
210
255
237
213
264
261
264
234
216
255
270
261
246
183
255
255
246
231
207
207
267
210
225
228
225
279
270
201
234
216
243
255
255
264
288
216
183
237
252
228
240
249
267
216
231
234
264
234
234
240
213
213
249
243
213
231
240
210
189
240
225
261
261
225
198
240
231
237
225
222
213
204
231
234
252
228
237
216
276
231
255
198
219
207
276
201
234
213
291
240
246
279
264
252
210
231
231
174
231
237
297
282
255
243
285
267
243
231
210
273
252
219
249
255
222
234
222
243
273
258
270
264
234
222
255
231
225
267
273
339
207
261
231
237
255
276
240
252
219
267
192
255
243
249
246
231
228
222
246
240
222
246
201
222
282
228
228
