414
498
510
456
438
516
429
465
366
483
456
447
501
534
444
483
525
564
495
450
486
426
450
507
510
459
477
495
456
531
495
477
459
447
519
531
540
486
444
546
501
447
474
447
435
441
516
510
462
501
528
402
426
411
468
441
477
429
483
477
489
498
468
483
462
495
468
522
495
549
501
573
462
498
498
531
546
426
513
507
465
471
513
522
498
435
516
477
450
432
486
588
534
489
453
483
471
462
501
492
492
507
492
426
438
486
540
468
510
447
540
465
429
504
486
483
495
516
516
531
477
531
468
510
540
549
417
444
486
441
468
393
456
486
504
498
552
477
435
483
510
504
477
438
525
453
486
381
438
510
525
456
546
483
423
453
567
558
495
441
444
441
456
504
477
477
504
465
534
480
480
498
477
471
477
531
456
447
396
471
522
426
435
555
489
489
510
432
390
468
603
441
474
465
486
441
474
522
456
468
513
552
408
525
516
426
537
444
465
492
492
504
456
411
453
447
501
411
486
522
546
504
480
486
468
468
447
519
462
441
471
474
525
480
531
489
450
525
447
456
441
432
465
516
477
450
480
537
540
447
465
480
441
435
495
444
486
483
462
441
507
507
471
456
462
462
495
492
510
504
495
474
468
453
552
465
510
480
468
474
504
519
507
447
423
522
405
462
465
465
429
438
489
444
426
549
456
444
489
534
