234
222
240
252
237
249
246
270
204
258
237
207
231
231
234
219
291
273
207
264
228
291
222
243
243
303
255
183
288
213
216
231
276
258
207
246
252
183
213
249
237
291
264
255
237
225
258
207
240
213
237
264
240
210
261
261
216
231
243
267
216
306
207
237
270
222
276
243
246
186
216
225
216
267
234
210
210
240
261
249
264
246
303
207
210
279
264
231
228
240
219
270
237
255
252
258
246
210
258
204
213
276
252
225
285
267
297
219
237
219
258
210
243
267
219
240
240
255
279
201
204
183
249
213
264
189
207
213
249
237
273
234
231
234
225
192
210
282
213
255
243
276
246
225
252
270
264
240
276
234
243
228
252
234
243
228
264
222
303
240
228
207
243
216
255
261
201
237
186
237
285
234
240
222
213
261
270
222
282
219
249
249
207
237
261
261
219
231
243
186
234
195
219
216
195
246
195
273
210
300
210
249
243
183
234
237
258
231
189
240
252
228
225
207
210
168
276
261
219
189
252
198
261
228
255
249
183
237
279
237
234
264
210
276
300
246
225
216
246
216
267
264
216
246
189
204
216
264
222
237
234
213
264
243
225
234
267
243
273
243
255
237
237
228
192
213
228
258
210
231
195
243
237
273
252
222
258
234
192
216
228
231
273
234
276
237
264
255
207
225
243
237
240
219
216
183
273
273
249
252
