252
312
255
270
279
267
204
207
237
201
246
222
270
222
249
222
258
228
261
252
216
243
222
285
243
291
189
228
270
261
228
237
231
270
216
252
267
222
279
246
282
261
270
219
252
285
231
288
234
246
207
252
204
207
183
270
207
204
195
249
264
219
204
252
213
228
225
213
216
279
234
261
216
189
285
210
261
195
234
201
219
183
297
207
252
255
237
234
231
216
180
198
282
234
267
279
264
243
270
240
276
279
234
231
216
285
216
234
252
237
288
219
252
225
222
207
240
261
258
264
276
249
243
234
210
234
210
252
285
297
231
237
243
303
213
189
273
261
255
279
276
234
234
243
252
282
216
210
243
300
243
228
261
216
279
240
228
228
240
267
234
222
225
219
186
225
234
225
228
258
270
258
270
249
210
282
201
273
198
270
213
279
279
237
267
195
240
297
231
225
228
219
312
198
219
276
249
219
231
192
216
231
246
231
180
237
237
246
243
237
237
234
264
249
249
243
240
237
249
255
261
207
273
273
231
267
168
249
285
267
276
258
243
270
213
249
240
246
285
216
300
261
216
234
228
219
261
243
279
177
219
309
177
222
231
246
243
192
219
216
246
261
237
189
213
279
270
252
231
261
216
267
201
252
273
240
261
204
237
228
270
264
252
249
261
228
186
243
237
225
270
225
228
219
249
234
258
246
246
243
