264
243
234
207
219
270
192
279
264
192
216
222
264
237
186
222
243
225
246
270
252
222
261
255
213
243
252
216
225
273
258
264
252
222
288
231
192
234
240
264
249
291
255
261
279
273
216
195
237
222
234
246
249
261
255
240
195
243
216
249
213
258
249
231
249
234
222
222
264
228
243
237
270
165
288
237
228
246
177
240
210
240
270
243
219
219
204
258
270
249
252
216
246
237
228
225
234
225
303
249
249
204
243
237
192
255
246
273
180
234
213
246
228
237
270
261
234
177
189
240
222
273
234
279
222
240
267
231
225
243
291
210
240
234
315
234
225
258
213
252
255
231
273
174
222
225
270
264
252
231
228
225
234
276
276
276
207
225
252
243
276
222
192
249
249
219
222
240
267
219
228
279
258
240
219
258
216
243
339
228
291
234
267
237
240
261
210
180
234
210
234
210
252
249
285
234
246
222
249
183
246
243
267
249
231
228
225
261
243
249
195
201
273
210
282
249
273
216
255
258
237
198
228
228
219
249
246
249
288
243
207
267
261
243
228
261
231
219
252
234
210
255
246
225
219
243
213
249
261
255
216
246
252
237
219
246
225
261
261
252
228
282
234
285
228
276
207
204
219
216
267
264
183
255
264
255
273
237
255
252
240
219
285
264
228
240
237
219
231
252
204
267
201
282
204
237
246
255
213
213
