261
252
237
201
255
234
231
234
246
222
189
234
258
273
261
231
294
225
207
231
282
204
222
207
279
201
228
273
231
264
183
264
276
189
222
234
252
243
243
282
282
276
273
255
204
282
267
222
255
225
261
240
231
276
252
234
258
237
300
258
249
231
231
240
228
216
234
246
219
237
234
276
252
270
237
231
192
243
258
234
246
228
234
318
228
279
201
219
204
237
243
225
225
252
270
228
324
213
231
255
291
204
228
255
213
183
237
234
204
216
219
306
207
294
216
261
273
264
192
225
228
267
207
201
240
273
231
258
231
228
237
237
207
207
234
255
273
252
261
219
228
237
213
246
276
237
261
225
255
228
231
237
252
285
240
246
249
213
210
216
246
270
252
183
261
252
198
195
255
249
219
213
267
195
282
255
282
204
225
231
219
237
270
252
279
222
249
246
225
282
300
276
267
225
252
285
243
309
267
225
228
192
219
207
321
252
312
252
258
240
264
240
252
255
225
231
237
228
258
228
264
258
234
264
204
297
237
276
237
201
279
183
243
252
264
285
261
258
264
204
240
228
237
231
291
261
246
243
207
225
231
222
246
249
270
252
276
246
261
267
273
234
246
258
279
228
228
258
216
240
216
225
270
222
192
261
249
201
270
261
258
231
252
165
204
195
210
198
204
237
270
249
216
237
255
231
240
255
288
222
