255
255
219
273
234
186
219
204
228
252
264
216
231
237
258
228
207
216
225
285
195
231
222
228
225
222
207
246
249
249
294
246
267
267
252
201
222
213
198
258
294
261
264
213
237
240
294
270
246
255
243
246
270
252
225
234
234
240
198
270
210
285
264
222
213
297
249
234
186
246
210
237
258
264
231
225
252
270
243
267
225
213
249
258
219
246
243
198
264
240
201
168
186
243
207
237
276
186
282
240
246
225
219
228
174
267
303
201
264
249
252
210
240
240
174
264
276
255
237
207
216
252
240
228
249
240
285
234
267
225
252
234
243
222
228
213
255
258
264
252
261
231
282
264
213
249
243
228
225
228
237
228
249
237
234
267
219
240
234
216
231
279
300
231
225
240
264
207
246
270
225
288
240
267
228
255
219
231
246
231
273
210
213
249
237
258
237
258
261
240
240
225
234
216
213
252
234
204
240
231
279
279
198
207
321
273
240
252
252
207
210
234
177
234
198
234
219
225
228
270
258
276
282
228
249
204
198
198
264
192
243
219
228
240
210
249
279
267
243
267
255
222
183
252
222
219
222
285
264
273
219
213
267
255
240
279
258
222
216
270
183
231
231
279
261
204
273
228
219
249
192
267
219
162
183
219
243
204
276
201
222
258
249
183
258
237
249
231
192
204
225
249
261
255
201
246
204
219
219
237
