258
234
255
279
243
258
198
252
216
255
255
219
258
189
219
258
252
204
240
216
270
219
237
282
216
192
291
228
246
219
228
261
243
219
210
261
255
216
201
258
228
204
198
252
213
219
216
216
279
228
240
252
228
240
195
264
249
297
324
237
231
297
279
276
231
252
243
315
210
237
252
243
255
222
252
252
243
282
237
213
192
234
216
213
273
213
258
261
225
210
234
177
240
273
246
237
273
213
219
276
216
189
234
231
240
258
252
267
267
213
267
252
258
246
210
237
252
225
195
258
201
264
252
249
228
213
213
213
222
195
207
231
237
258
228
222
234
231
216
264
228
213
234
258
255
240
240
201
273
267
207
249
249
237
222
237
267
228
240
246
252
213
231
231
264
240
315
255
264
249
258
249
267
270
255
225
258
228
234
225
228
213
234
264
234
234
243
234
222
252
252
207
222
216
231
225
261
231
237
228
237
249
234
234
258
234
240
240
228
270
270
204
252
240
264
207
255
261
231
219
246
237
234
231
246
279
207
246
186
255
261
231
273
198
258
243
264
294
234
300
228
192
273
252
189
231
249
294
249
246
216
285
267
246
231
267
234
210
234
282
231
288
219
276
270
231
219
249
285
249
201
261
243
267
279
240
270
279
243
273
237
252
255
225
210
261
264
249
303
240
255
219
261
234
240
255
204
255
264
204
