231
237
276
288
249
261
270
243
213
222
231
231
258
213
294
270
249
210
255
270
228
261
252
258
270
213
276
264
249
288
177
222
258
303
204
243
285
249
267
261
222
249
258
237
222
216
246
309
273
198
249
288
219
234
234
204
234
267
225
240
174
267
228
225
222
219
222
237
258
249
288
234
249
219
285
273
258
261
258
234
237
234
276
231
252
231
240
231
207
270
237
273
258
207
264
219
231
219
186
204
240
240
219
222
252
249
246
216
231
201
246
243
222
237
231
234
225
207
264
198
234
222
306
210
300
258
234
228
264
222
150
249
201
219
234
219
255
237
189
285
228
261
261
240
207
282
228
225
270
246
234
216
258
240
312
192
213
258
210
225
294
204
252
261
264
228
231
225
219
216
243
255
243
216
318
240
225
276
231
243
249
204
294
264
219
267
177
246
225
273
258
177
186
252
255
204
273
258
186
210
204
219
246
294
273
207
258
285
252
240
252
258
267
252
213
291
243
294
267
249
222
279
309
240
234
255
261
270
225
237
300
258
222
297
249
234
276
267
258
243
294
225
207
231
210
240
207
267
309
255
189
237
219
255
237
252
270
225
231
189
234
234
222
270
243
264
228
267
222
237
261
258
204
219
297
291
249
231
243
216
249
231
234
216
258
189
234
219
270
222
198
249
228
192
237
255
246
243
243
204
