213
279
249
240
246
207
276
222
270
201
258
261
180
210
201
261
276
228
246
207
255
198
261
228
261
213
264
228
243
288
237
231
234
255
204
255
252
228
261
228
276
246
240
264
297
219
216
219
207
228
243
249
228
276
264
240
216
246
237
294
276
234
231
201
225
243
288
273
246
231
225
213
267
183
231
225
294
183
267
291
180
246
249
243
255
270
291
273
252
252
249
261
294
246
219
237
231
261
219
252
192
252
282
252
222
255
228
237
270
252
204
243
291
219
231
210
270
252
216
234
225
237
231
243
270
210
189
273
174
210
216
231
228
297
207
225
276
207
306
207
261
192
225
264
270
246
240
189
288
222
210
228
210
240
279
228
258
267
219
237
237
333
252
255
252
243
219
234
240
225
201
189
261
234
219
222
237
195
219
237
261
180
252
237
237
228
279
294
198
213
237
291
258
237
261
204
249
240
240
261
192
234
219
273
231
216
198
237
198
258
261
255
222
273
240
255
258
201
279
195
279
201
195
195
267
234
243
234
240
252
240
276
261
231
228
297
222
255
231
204
198
249
258
192
282
213
255
267
216
243
231
246
234
258
222
207
216
219
246
219
288
240
228
237
195
279
225
288
300
249
192
219
258
288
258
210
246
243
243
204
252
186
270
219
201
219
249
228
246
252
231
195
267
225
243
279
222
243
213
237
