237
240
276
192
204
252
240
210
261
270
291
213
252
240
252
246
225
282
231
249
246
249
291
201
216
261
231
294
225
246
186
231
195
264
258
264
234
282
300
249
231
219
198
255
267
252
213
198
207
234
261
192
237
216
231
252
207
219
243
246
225
255
210
234
246
228
231
291
258
225
252
183
213
258
186
255
216
189
210
264
249
261
246
279
267
216
264
207
201
204
246
198
237
213
273
231
246
243
264
213
192
204
231
210
261
195
249
249
261
237
255
210
267
261
255
237
195
264
201
249
258
255
324
228
216
231
201
237
219
231
222
276
264
276
243
210
222
258
138
222
231
258
285
210
246
231
252
285
288
276
258
225
225
258
207
237
231
270
264
252
255
192
240
252
276
237
249
219
240
234
255
261
321
240
210
285
255
246
243
240
246
255
234
252
264
261
219
261
234
255
258
186
249
213
198
240
192
279
228
255
219
231
255
264
177
264
243
219
255
189
216
258
240
243
225
213
216
246
219
225
249
195
252
234
297
228
273
249
246
297
210
216
270
237
264
255
258
258
216
207
249
225
270
192
258
267
207
279
303
201
261
291
258
258
255
240
195
279
297
249
252
243
231
282
255
267
234
246
228
267
228
201
270
201
267
294
222
264
201
243
225
207
231
213
258
279
246
273
261
183
246
207
195
234
222
252
231
210
252
237
