435
465
420
510
450
522
426
513
456
495
450
519
543
423
543
534
417
477
450
486
522
474
474
477
534
441
489
492
426
480
447
465
522
414
471
516
489
522
492
417
498
471
492
426
543
483
462
483
468
447
462
471
564
462
528
402
459
594
411
438
429
492
480
450
459
429
480
486
450
471
480
423
477
471
480
564
483
525
525
468
465
438
423
510
513
447
555
492
456
504
399
474
417
459
486
510
450
543
450
450
468
459
471
474
426
510
465
477
471
462
471
558
459
495
507
471
534
462
426
513
465
420
501
444
396
471
501
504
549
510
456
423
498
402
486
564
453
513
522
462
474
426
513
459
474
504
435
489
453
507
495
432
495
480
468
489
507
507
435
438
495
504
450
504
438
561
468
471
501
444
486
480
438
477
447
444
459
462
483
471
441
498
462
543
501
492
531
453
399
438
435
444
441
516
504
543
528
456
471
486
438
438
522
438
555
450
519
432
456
468
513
438
459
531
456
489
504
495
447
525
429
471
465
489
465
414
450
525
495
486
498
480
507
489
426
453
408
432
423
537
480
549
459
450
441
453
453
444
486
435
489
474
420
471
474
510
528
429
462
468
459
489
432
513
453
516
492
525
492
498
429
474
504
471
549
513
534
450
456
462
435
489
468
492
477
474
543
528
522
486
513
516
459
486
486
495
504
567
516
444
