255
243
252
249
261
213
213
225
234
237
252
210
228
240
237
201
225
207
207
279
264
288
222
204
264
207
192
213
207
207
258
258
213
189
273
219
270
216
228
180
270
255
267
294
219
288
264
207
228
246
234
264
261
261
240
234
204
222
249
243
234
246
261
222
279
210
216
207
237
279
207
258
195
258
237
261
291
258
252
231
213
249
192
228
243
234
204
339
273
216
240
189
189
243
258
195
228
264
225
243
243
234
252
285
210
231
237
246
231
207
207
267
255
252
240
195
237
285
252
237
177
261
201
234
243
258
204
267
282
210
228
228
246
246
276
180
261
219
210
234
207
240
216
204
279
219
249
222
240
225
231
237
249
252
279
282
225
210
222
249
210
240
225
225
219
186
204
210
252
213
255
261
243
237
303
255
219
249
303
267
237
243
252
186
267
240
210
228
216
273
219
204
234
243
294
243
177
231
252
240
243
261
276
222
249
261
231
261
246
219
213
210
231
306
246
210
246
234
240
246
204
198
225
234
216
255
210
219
222
240
252
216
267
243
246
267
231
246
243
201
243
276
237
264
231
219
222
252
258
270
255
240
204
246
174
231
231
219
285
237
207
213
222
231
267
192
213
285
228
198
234
255
309
255
249
267
249
234
246
249
252
249
246
246
225
282
204
234
234
237
183
222
231
261
234
231
255
213
279
231
