252
198
207
237
255
279
249
267
198
246
240
201
246
246
231
252
240
243
246
219
285
228
267
216
225
210
240
228
258
255
213
207
261
204
237
216
213
228
228
243
255
288
222
300
270
222
228
252
246
276
225
267
204
261
258
246
261
246
258
267
243
213
237
282
252
300
264
273
270
210
222
249
177
240
306
249
231
228
258
207
198
261
222
219
219
258
216
213
264
282
204
240
210
258
198
225
258
270
219
249
252
258
213
234
267
213
204
264
291
324
222
231
249
309
255
228
258
228
264
261
219
273
225
219
273
231
198
222
204
246
285
252
189
225
246
243
249
219
255
207
228
234
246
246
234
231
249
297
255
237
210
249
234
237
186
240
243
225
213
312
243
213
273
231
249
252
219
198
252
204
246
222
234
213
255
219
219
237
246
264
234
234
231
216
270
210
231
225
270
255
216
213
258
216
249
219
210
255
240
255
210
174
264
222
255
264
225
225
282
210
201
255
237
201
243
261
297
264
267
225
252
195
252
234
246
264
246
249
255
222
252
219
243
270
249
276
273
243
252
243
234
237
240
219
231
228
234
255
246
243
237
282
216
243
288
243
246
267
264
198
261
252
246
261
282
243
216
243
261
219
270
210
270
267
222
243
255
234
237
261
255
213
210
249
246
276
258
222
216
255
237
273
228
228
258
207
174
264
252
201
