255
273
258
264
210
201
237
225
267
231
231
288
231
198
225
231
210
204
240
210
222
210
270
237
237
279
234
216
213
276
228
246
213
258
222
234
195
213
255
240
198
213
309
279
222
246
231
177
303
228
231
195
192
201
222
252
243
255
261
249
201
240
195
237
246
195
294
216
216
237
222
249
249
222
249
285
228
198
231
240
264
264
270
261
225
207
264
231
270
228
255
279
219
240
234
213
240
237
264
318
279
300
252
270
231
225
255
243
258
237
219
231
225
261
231
267
249
219
219
249
252
243
279
249
273
246
201
201
279
249
246
249
228
228
240
216
210
201
225
231
192
264
285
219
201
240
246
222
294
273
237
261
228
225
252
258
246
240
234
306
252
228
243
243
210
228
237
216
267
249
219
258
261
249
228
258
183
210
216
312
219
207
279
261
219
231
249
258
234
237
216
255
240
267
243
237
210
231
264
207
216
276
225
252
222
255
249
237
252
219
228
213
225
267
207
252
246
222
261
210
213
234
195
210
210
246
252
237
294
237
234
222
237
267
255
246
264
261
216
297
252
267
255
246
204
261
261
228
300
255
255
288
243
249
261
240
249
258
252
249
234
234
207
246
270
207
243
285
213
210
252
237
276
222
252
192
240
303
219
231
228
240
234
258
195
252
276
237
237
243
222
225
198
210
213
261
255
198
180
237
