228
207
198
219
228
279
192
228
252
255
285
252
255
207
222
237
234
282
288
255
219
267
258
222
288
216
222
222
240
267
198
228
216
225
219
288
186
282
249
240
231
261
237
240
219
237
213
282
249
261
204
261
258
240
240
234
243
237
267
258
216
270
201
264
204
231
234
198
291
243
228
249
207
261
243
237
252
273
216
252
252
261
210
231
237
204
255
294
246
219
270
216
246
249
279
258
213
216
216
228
213
189
240
234
255
276
270
234
240
225
204
246
246
216
228
291
279
192
276
240
207
249
231
207
255
213
204
288
288
294
213
240
210
264
216
258
306
282
240
285
210
252
285
276
240
258
273
243
312
279
291
219
225
246
180
204
270
231
243
198
201
246
261
222
213
231
249
246
225
189
249
246
276
228
225
198
237
234
210
249
168
246
243
264
273
216
240
267
219
222
273
249
252
240
231
270
258
246
234
216
273
243
270
273
249
261
261
267
237
267
204
279
276
261
228
231
216
216
198
240
237
258
252
312
264
225
213
264
219
267
237
225
252
237
174
183
222
276
273
291
231
249
210
231
198
228
276
249
210
228
258
276
237
219
231
231
291
264
270
210
213
231
276
204
237
228
246
210
267
213
201
267
201
270
306
228
210
231
261
231
276
252
234
231
216
213
297
228
276
234
273
264
249
216
246
240
288
273
246
273
