282
252
309
192
252
204
228
240
213
234
219
219
255
234
222
246
264
267
231
312
198
243
207
261
249
228
222
243
228
207
240
222
225
237
249
267
216
261
207
282
225
225
219
228
255
249
255
234
186
207
165
273
228
273
234
219
219
231
240
246
240
222
255
192
243
237
252
222
267
225
252
237
207
246
228
243
234
291
231
186
228
222
216
246
261
252
267
237
222
225
246
246
228
297
240
267
249
237
210
189
198
234
216
183
261
318
273
216
213
186
225
231
219
198
240
252
228
204
216
231
267
234
204
216
237
210
219
231
252
264
228
228
282
252
201
264
237
213
207
255
210
276
225
264
252
228
255
225
240
240
231
216
252
246
216
198
210
228
243
261
261
225
231
240
249
252
207
249
231
207
243
261
273
240
258
255
252
270
204
219
240
273
240
282
225
213
237
231
222
255
270
228
240
207
249
192
243
246
222
273
249
249
264
234
234
243
249
177
240
273
240
225
225
267
192
189
258
276
222
246
210
255
252
255
246
231
267
183
171
219
234
246
288
234
207
219
201
252
261
204
267
231
246
210
255
168
249
252
228
210
183
216
225
246
249
297
276
228
237
225
261
243
279
255
237
219
234
213
270
240
225
258
210
225
264
246
222
246
237
273
249
210
210
234
210
219
237
249
222
237
279
246
255
207
243
222
207
222
234
231
