213
255
228
219
258
261
243
219
189
198
264
237
222
201
258
255
198
222
219
231
264
228
234
303
294
222
243
228
216
222
207
216
207
219
270
228
231
222
240
252
225
249
237
276
255
264
237
222
246
243
255
231
258
300
249
246
237
264
246
213
264
297
219
240
222
240
225
186
243
216
249
234
219
216
261
276
276
204
261
213
195
255
237
216
255
237
255
237
252
267
273
231
258
213
216
252
216
252
216
273
219
246
273
267
213
258
291
231
279
258
276
255
246
240
228
222
222
252
234
198
195
234
294
219
279
228
243
246
249
222
222
222
225
249
219
210
252
240
234
201
261
234
195
249
252
228
267
252
261
240
198
222
255
279
285
270
240
234
198
231
222
258
228
243
243
210
222
285
282
201
228
246
201
273
213
246
231
243
279
282
249
171
255
279
177
207
276
240
282
249
231
234
231
261
231
207
210
258
270
219
228
249
249
270
222
282
252
240
270
234
267
261
216
237
249
171
252
207
243
210
204
240
249
216
252
246
243
234
261
243
270
264
231
240
261
159
213
252
219
207
270
234
222
228
261
231
282
252
222
216
279
258
273
246
258
219
177
261
225
219
252
267
264
186
273
228
234
240
228
279
237
252
225
204
258
285
291
216
228
264
210
189
276
261
231
225
243
207
225
222
198
222
261
225
222
231
282
210
207
261
