207
261
201
240
246
228
219
240
240
243
231
186
198
219
243
198
267
246
285
276
291
225
228
255
240
273
255
282
219
273
249
264
243
216
255
228
300
210
225
222
231
240
246
279
261
225
255
216
291
240
252
237
294
255
219
240
210
255
246
216
204
243
240
195
240
243
255
222
258
267
270
174
195
219
258
279
249
249
258
198
231
264
219
246
285
246
279
207
207
222
201
222
210
225
174
240
180
240
252
213
246
246
198
279
222
222
246
246
231
243
225
216
228
249
234
273
234
213
273
240
219
201
225
246
216
276
240
243
201
219
261
219
210
234
276
300
267
222
267
225
231
270
195
249
228
198
228
213
249
243
243
261
261
261
207
231
195
258
252
273
273
216
213
225
279
237
204
249
279
261
204
252
270
219
291
195
291
249
216
231
201
225
213
249
294
213
276
213
273
198
249
207
219
261
243
270
267
249
231
258
273
204
246
240
252
231
234
213
240
246
273
213
204
222
261
237
243
249
201
210
252
225
246
222
300
198
246
222
192
186
225
291
255
246
240
222
213
252
291
279
213
198
255
228
237
249
249
219
249
255
264
231
261
267
222
234
243
240
237
231
285
264
237
210
243
225
288
219
204
249
207
282
237
180
252
234
204
240
207
240
234
222
234
216
273
255
237
282
234
243
225
249
237
279
234
240
225
210
213
273
