258
231
225
261
279
192
201
219
279
270
264
237
219
222
222
207
219
246
234
207
267
243
234
195
264
204
264
243
267
234
240
219
252
276
231
195
273
252
282
231
252
210
225
228
207
207
204
264
240
258
237
258
207
216
237
243
252
231
207
234
261
222
240
237
270
213
252
267
273
222
234
222
246
186
309
282
216
240
273
261
219
240
276
222
264
243
273
216
237
249
255
258
213
297
222
243
276
231
228
234
294
216
171
234
183
258
255
237
270
282
246
261
243
207
234
195
258
288
219
237
204
204
234
234
285
231
261
216
228
216
180
282
189
255
246
225
198
285
216
303
228
225
195
198
207
246
327
186
219
264
306
261
219
270
243
240
240
249
234
198
207
219
213
234
216
291
237
228
216
273
246
237
264
258
177
195
228
225
213
216
222
210
246
234
210
210
264
198
216
249
279
246
237
219
231
231
246
270
231
192
195
258
240
246
264
246
249
267
219
219
243
243
234
186
264
237
258
240
231
264
249
213
255
225
228
240
225
192
240
267
225
264
297
213
225
222
201
225
267
198
258
222
204
240
201
252
288
237
210
252
249
225
249
219
210
252
252
201
285
225
216
273
249
291
258
255
237
237
201
288
261
219
219
195
246
210
234
264
279
258
216
267
249
213
246
258
222
231
270
264
255
234
252
228
222
201
210
207
225
216
