264
201
219
216
189
246
201
249
237
252
285
222
282
291
234
249
240
183
249
258
228
222
246
231
252
255
276
207
306
255
276
267
249
255
255
231
228
234
171
252
255
195
264
249
237
258
276
234
246
225
225
252
264
282
291
210
273
243
228
192
237
261
225
222
294
237
255
255
207
204
198
222
213
246
243
258
207
213
213
267
261
225
249
279
231
207
231
255
243
282
213
219
258
276
240
216
240
249
219
255
216
258
234
258
261
186
294
261
228
228
285
177
252
240
252
246
213
198
216
213
267
207
252
297
234
228
267
273
207
225
219
285
255
249
228
258
219
312
255
195
252
276
216
219
231
237
240
285
252
258
243
234
237
225
228
234
246
273
219
243
273
243
291
246
249
252
243
249
219
258
261
192
237
312
222
225
267
291
231
189
261
195
189
198
228
243
204
231
291
216
195
237
219
255
249
252
288
303
213
183
255
240
249
231
177
240
210
222
243
243
192
198
213
201
261
300
309
258
246
312
237
195
249
297
252
189
303
198
252
258
243
255
288
192
261
225
231
237
228
255
273
213
201
225
234
252
207
207
279
252
207
243
243
228
249
246
237
228
258
258
291
258
252
237
231
276
231
240
189
222
216
276
255
207
210
228
213
294
234
294
258
195
237
225
249
279
231
228
225
219
207
234
270
243
252
234
258
267
237
192
