225
210
300
228
279
180
231
252
273
252
240
222
210
237
228
222
216
234
237
258
252
252
237
219
249
252
243
240
225
252
252
231
282
219
285
258
252
252
249
288
264
267
243
234
270
246
222
270
246
270
198
216
201
255
315
228
225
261
252
291
213
276
264
252
225
210
219
225
270
291
216
273
282
204
216
270
192
249
270
237
267
255
270
246
231
276
252
228
270
246
255
252
231
276
237
204
225
264
228
210
222
207
210
243
255
237
249
243
252
210
204
285
258
264
240
216
213
279
309
222
291
261
222
213
276
183
222
207
240
246
264
243
234
240
201
237
219
222
261
192
222
216
243
216
240
246
270
249
204
222
228
276
267
210
237
249
198
237
270
207
273
198
270
243
246
225
216
228
210
225
225
228
237
246
180
228
261
201
225
279
219
249
294
228
231
219
231
216
225
240
261
231
285
273
195
204
258
258
210
273
180
264
276
216
270
240
258
264
225
288
261
273
264
234
210
240
243
249
231
261
198
195
237
240
267
207
282
189
207
258
249
240
198
228
216
219
255
291
222
234
246
282
231
219
210
228
267
246
228
222
234
273
291
228
249
204
228
294
252
234
201
255
210
237
201
243
282
225
243
240
267
303
249
261
276
228
270
225
207
231
237
249
276
213
252
270
186
261
270
210
201
234
252
270
282
267
270
267
201
204
