552
438
438
387
534
510
525
546
471
507
489
453
489
459
513
423
444
492
528
453
426
459
426
495
513
540
441
516
453
519
480
510
429
507
459
462
447
540
486
543
495
555
459
435
540
495
480
546
432
459
486
483
525
522
465
441
528
468
528
567
486
471
534
474
465
483
459
513
528
525
420
480
540
516
516
453
501
510
480
468
513
465
543
468
597
423
492
510
489
495
540
489
498
498
432
459
483
480
540
459
465
480
480
432
435
453
462
516
510
534
459
549
459
417
501
465
522
471
555
519
483
480
462
495
432
552
519
540
486
411
465
468
540
510
486
486
480
405
525
453
396
477
423
570
552
489
447
555
501
510
414
525
459
414
522
453
438
471
483
534
459
507
492
483
507
426
531
534
420
444
501
462
489
495
486
402
465
474
498
468
417
459
510
531
441
579
516
522
435
405
510
489
489
510
480
513
486
489
525
423
435
432
468
498
459
492
492
537
504
516
507
534
540
498
471
465
462
480
399
465
471
558
549
441
408
507
510
528
513
486
447
441
519
480
453
363
498
480
399
468
531
468
438
441
411
474
456
450
495
489
435
501
453
540
435
504
447
522
477
462
558
492
468
504
528
396
522
480
516
462
510
507
561
453
486
567
405
477
534
510
411
429
543
486
462
477
453
444
453
531
426
501
477
426
531
537
453
435
447
498
