267
237
231
264
255
216
225
222
210
246
255
213
231
243
276
288
222
273
255
222
246
240
267
264
279
249
189
261
261
231
252
252
249
258
228
207
240
264
225
252
237
240
207
207
207
237
234
261
243
240
279
234
237
243
264
216
267
249
279
231
219
270
258
216
231
255
225
246
240
231
207
228
264
222
246
255
249
198
228
183
270
228
237
267
249
267
213
294
234
255
210
207
231
207
216
270
216
264
234
198
270
258
234
195
267
246
222
225
300
198
249
258
204
261
255
243
210
249
246
225
261
255
297
228
213
282
243
237
261
276
240
219
243
291
267
231
264
237
309
249
294
249
252
261
231
243
243
330
255
258
228
279
216
264
210
240
237
234
264
231
321
225
249
228
222
267
210
252
228
243
249
255
258
207
216
198
213
213
243
210
225
228
288
240
237
285
285
177
276
228
234
243
285
201
255
228
261
234
282
228
189
243
222
204
225
255
252
156
231
231
252
216
294
291
255
258
195
264
228
189
216
300
213
219
270
270
261
252
258
225
231
297
291
228
231
261
264
267
264
267
216
288
249
252
213
279
231
228
270
294
222
303
249
291
252
198
273
267
285
264
252
285
222
225
231
240
210
207
252
246
207
258
237
276
249
192
219
219
216
252
246
222
234
246
183
252
261
267
234
210
291
216
237
285
237
225
246
222
231
225
