237
249
258
264
234
255
240
264
222
270
222
210
255
222
240
249
261
252
231
237
255
279
252
186
216
213
201
210
216
213
228
291
210
264
216
210
228
189
237
252
267
201
255
234
237
255
207
192
219
204
279
231
279
240
285
201
240
252
252
240
186
237
216
267
285
213
222
288
201
192
234
210
225
258
234
234
240
252
267
261
234
228
246
228
246
246
219
279
240
255
258
288
276
282
234
249
276
267
282
297
189
252
273
261
216
270
243
243
210
219
186
240
225
243
231
243
264
246
204
219
255
216
258
273
231
210
261
303
249
216
249
225
234
282
201
267
231
168
228
225
258
273
228
276
246
258
231
222
186
267
210
273
243
261
237
261
240
237
258
243
222
222
219
282
210
204
276
273
225
216
231
246
255
234
225
210
267
234
255
207
231
258
225
201
231
243
264
258
237
267
255
255
219
210
234
231
240
225
237
261
234
216
234
252
240
279
264
213
267
219
246
216
222
249
210
288
186
213
252
216
180
240
243
219
261
225
240
282
258
258
216
228
231
225
276
246
261
252
318
219
234
210
258
213
309
231
249
273
237
210
228
231
255
243
273
204
252
261
237
273
267
207
231
186
258
240
231
261
264
228
222
195
261
210
255
234
234
267
228
237
249
246
264
207
231
276
213
231
216
267
249
258
243
198
213
213
264
267
207
204
