255
195
276
228
213
240
228
252
210
252
216
273
234
255
252
243
210
234
252
198
267
252
222
288
234
240
276
204
243
201
195
243
243
222
258
228
276
240
249
222
246
324
261
231
258
234
288
240
234
246
195
297
249
186
234
246
216
261
249
246
222
243
246
189
210
225
225
288
246
246
294
279
234
204
231
261
273
279
198
270
246
204
306
282
219
270
168
240
228
225
204
237
210
249
264
240
237
243
261
192
213
213
252
309
177
234
234
273
258
201
279
252
204
249
252
240
234
237
249
246
294
273
225
198
249
186
309
228
282
267
261
219
225
279
216
267
231
285
240
243
213
198
222
261
213
285
207
285
276
234
213
243
213
249
273
273
249
282
243
222
279
279
222
192
219
243
279
219
195
213
312
216
243
285
279
240
222
240
243
237
204
273
264
246
201
228
264
237
237
246
231
201
246
261
273
210
216
189
228
237
201
177
258
207
210
258
255
237
231
237
222
270
264
288
219
207
219
225
222
264
234
228
225
279
246
252
210
216
228
213
249
243
213
249
261
201
237
240
246
234
222
222
231
219
228
180
186
207
264
291
219
264
300
240
198
234
240
231
207
213
255
258
243
285
270
216
261
243
216
201
213
225
276
225
231
297
270
288
267
198
240
252
204
240
264
219
207
240
219
216
264
243
237
270
237
216
234
261
198
216
