237
261
219
294
255
252
234
195
189
258
255
252
255
219
267
270
222
231
237
267
285
222
285
273
261
225
210
234
309
228
285
234
252
273
279
198
249
267
249
243
270
276
198
258
258
267
261
258
267
255
219
216
246
210
270
249
240
294
201
231
252
258
231
273
228
219
216
249
246
222
249
234
309
231
231
225
186
234
219
213
192
213
222
165
216
213
201
189
210
252
252
243
246
261
231
231
309
255
195
222
267
216
303
258
225
237
255
258
243
282
252
213
273
246
246
246
282
201
201
243
261
228
249
273
213
237
228
258
222
240
240
291
288
240
219
228
207
255
252
186
222
258
195
228
219
210
204
243
228
219
234
285
240
267
246
273
225
240
228
234
243
252
279
276
198
225
219
231
219
276
267
252
198
276
264
228
210
321
246
216
243
270
225
195
249
261
273
222
273
249
264
234
174
198
243
213
264
249
261
204
234
222
213
243
231
201
237
258
225
207
276
273
231
294
231
255
288
219
261
249
204
255
261
261
255
210
225
198
207
246
258
303
261
258
216
237
249
237
240
195
240
234
249
264
204
216
252
276
240
276
219
192
276
255
267
231
258
222
231
255
270
225
216
237
243
255
255
198
207
231
252
231
237
243
234
246
228
234
246
243
228
201
255
267
234
249
267
219
210
291
231
255
237
243
279
216
252
240
213
237
