495
456
465
528
468
498
492
510
480
483
492
435
492
489
516
468
498
561
477
396
411
432
543
465
483
423
480
477
423
438
450
462
489
498
456
498
444
465
459
420
453
453
432
501
486
471
465
459
459
483
504
477
495
504
594
525
477
441
459
468
429
528
429
525
474
540
447
435
408
483
519
495
429
450
498
525
480
498
489
486
435
468
522
531
483
450
414
426
408
474
525
459
510
513
468
492
489
450
471
462
465
447
471
399
456
435
504
414
408
438
477
471
441
531
435
459
462
495
423
504
498
495
438
456
546
534
513
474
489
489
459
516
471
504
561
408
471
504
495
438
504
480
483
465
474
561
468
516
450
465
489
474
444
525
456
456
408
426
450
432
474
570
432
453
501
516
438
498
501
459
480
468
513
504
477
435
483
558
444
480
480
453
489
489
450
525
414
531
453
432
534
495
483
405
513
468
414
498
498
534
399
417
474
519
492
495
492
465
453
570
432
495
465
417
459
465
468
504
576
522
444
483
411
447
516
468
480
456
453
567
537
546
549
459
483
507
477
438
522
564
477
435
432
525
543
468
462
438
441
495
492
474
489
450
462
495
507
456
459
489
474
510
459
516
414
462
447
426
432
450
504
498
501
429
468
483
531
528
513
459
513
456
510
435
459
432
453
492
510
459
456
510
477
462
447
429
519
471
420
531
