231
258
255
201
261
285
252
261
270
228
243
228
231
177
276
246
225
216
270
240
222
207
222
192
240
213
210
261
216
231
297
252
249
228
243
207
207
249
237
246
237
246
237
249
246
219
243
252
204
195
267
225
210
216
219
267
258
225
246
213
234
174
249
207
240
219
282
216
237
237
219
285
261
213
195
264
189
204
246
219
210
303
261
249
264
249
249
207
252
219
267
246
237
273
213
249
237
255
213
240
285
240
261
192
252
219
240
282
216
198
252
282
264
303
234
198
237
261
234
276
291
237
252
228
276
213
207
231
207
222
237
273
228
237
222
210
243
264
237
237
252
210
237
222
207
270
219
318
186
234
222
267
252
300
237
258
258
264
255
234
219
225
282
249
261
216
159
249
255
255
228
282
228
225
252
228
255
174
240
174
207
264
267
204
249
225
234
183
237
261
210
273
246
216
222
264
228
243
249
246
207
273
216
234
183
252
270
216
216
219
222
261
264
252
222
249
198
216
225
198
174
234
204
234
228
312
258
264
249
243
267
264
213
243
207
219
222
243
240
231
231
225
210
189
258
279
261
222
258
240
267
258
264
222
225
264
264
228
246
264
297
207
291
252
261
261
231
261
267
198
195
267
291
198
225
267
228
210
234
225
273
276
228
198
234
192
216
255
267
246
246
225
306
243
225
279
225
255
195
273
