234
225
264
210
204
195
255
240
246
240
255
219
261
198
303
225
252
234
255
237
234
267
249
276
270
240
198
288
255
291
243
243
249
240
201
279
216
219
261
237
273
288
213
234
201
222
216
261
225
231
207
258
258
219
264
234
231
237
231
213
237
228
222
270
249
234
237
252
219
228
195
201
252
186
267
225
273
231
294
240
228
225
234
255
297
222
285
225
222
225
222
261
255
240
240
219
270
219
195
204
210
234
237
249
243
261
255
249
222
252
246
171
276
168
249
228
228
267
273
234
219
231
219
201
267
249
252
258
249
201
261
264
255
204
216
207
231
261
249
240
234
282
222
270
234
294
213
225
222
246
246
279
225
234
255
171
324
210
225
213
246
201
273
216
255
231
216
237
258
231
231
192
258
243
231
249
240
243
237
300
207
249
285
225
264
294
237
282
207
249
183
174
246
243
276
246
222
234
201
213
219
273
228
234
222
225
189
210
234
231
198
219
234
243
255
243
291
210
249
234
258
249
270
225
252
279
252
285
231
228
255
213
225
240
204
225
192
267
237
261
243
207
213
216
249
249
252
243
210
216
186
288
159
237
294
267
288
237
225
258
255
243
213
243
219
243
273
189
255
249
267
225
291
261
264
273
273
234
267
246
186
207
252
204
270
261
228
204
222
222
255
258
237
210
168
258
273
249
207
249
