228
252
204
213
204
264
294
210
228
240
231
192
231
258
282
195
234
246
261
219
279
213
246
225
291
195
252
255
213
243
228
249
234
225
270
279
273
273
234
198
240
240
225
228
324
264
228
243
213
240
192
282
183
258
240
246
246
186
276
258
234
219
240
225
237
270
216
264
237
213
261
258
246
243
237
279
216
207
264
231
267
249
222
228
231
231
216
216
192
219
267
246
234
240
234
231
267
210
249
276
234
216
234
261
273
282
246
258
204
252
261
312
264
252
243
243
243
234
270
267
270
210
261
246
261
237
261
231
255
243
213
222
264
288
207
234
240
210
213
219
237
279
225
222
231
276
207
264
279
231
255
270
243
231
237
291
240
222
204
219
222
255
216
204
219
228
192
237
237
243
237
195
228
228
240
198
210
261
228
279
258
258
291
252
231
243
273
216
237
240
258
213
231
273
258
225
198
243
267
210
231
267
282
225
216
243
264
249
249
225
237
216
240
225
255
288
222
243
264
234
267
207
237
249
234
258
270
300
267
240
258
246
240
285
285
213
219
288
246
240
207
252
237
234
261
303
243
204
243
222
246
300
249
243
255
279
207
216
252
210
240
225
168
228
198
249
285
249
264
240
231
246
237
252
240
282
270
243
234
204
237
153
285
225
252
192
216
246
282
252
276
282
237
216
261
276
198
222
171
246
