270
216
246
255
255
180
240
273
285
186
288
228
222
258
198
264
279
189
210
270
264
195
243
237
255
282
243
249
219
288
267
261
198
279
216
279
255
213
276
291
192
219
207
279
258
213
246
252
258
225
234
273
252
285
246
216
246
255
228
258
198
282
234
204
288
213
237
225
243
204
237
216
252
243
228
213
279
279
276
228
195
234
189
192
225
225
198
240
243
270
213
237
246
216
276
288
252
231
198
246
237
303
258
258
297
267
246
219
255
234
285
198
264
246
222
228
285
294
252
231
276
237
240
255
228
285
207
201
285
258
249
231
258
234
231
240
228
279
249
261
207
228
270
192
240
207
270
228
234
240
219
234
222
228
273
216
267
186
261
246
246
210
249
264
225
246
219
267
252
258
252
216
273
201
237
261
249
276
222
231
246
252
267
264
249
258
261
243
219
234
222
210
261
258
249
246
234
258
282
246
261
234
216
249
249
228
189
303
234
198
258
195
213
228
186
282
234
258
261
234
246
225
216
234
237
252
237
249
288
213
255
270
252
225
246
264
219
261
201
249
261
162
264
237
315
231
237
255
201
270
243
261
246
276
270
276
279
264
246
231
243
201
210
243
183
207
288
267
216
189
204
231
210
231
237
243
255
252
288
243
234
210
210
213
216
207
291
258
234
222
201
237
246
270
210
228
198
252
228
243
