222
222
216
225
243
243
228
273
219
252
249
261
288
201
261
249
240
285
210
225
222
222
237
204
177
264
216
279
294
189
261
231
252
225
213
183
237
243
249
219
222
213
279
189
195
216
249
264
294
273
234
252
192
249
240
285
246
255
225
243
216
231
285
264
243
225
246
243
270
174
228
252
189
210
309
240
270
219
267
213
249
243
222
288
213
189
204
228
306
216
207
213
246
225
207
261
228
273
237
258
231
234
243
234
207
321
303
210
198
270
264
183
213
249
243
291
225
273
237
234
213
252
264
261
297
252
252
255
285
297
234
285
243
243
228
195
234
279
279
210
237
222
216
219
252
249
228
309
279
252
228
231
240
222
240
258
240
222
210
201
231
285
234
237
177
249
201
273
234
246
246
237
255
261
252
252
204
264
252
222
231
216
258
255
294
231
228
228
276
249
267
246
219
264
249
219
255
237
222
228
216
243
231
219
300
264
249
282
183
261
276
237
222
258
240
285
237
255
300
252
267
252
246
210
249
234
216
234
225
246
228
231
234
231
264
315
246
282
201
282
219
240
216
267
219
225
201
291
258
267
258
204
276
201
261
243
234
207
294
240
237
237
234
234
225
270
195
204
267
246
264
210
195
228
249
267
246
198
285
201
243
291
225
237
252
255
228
264
216
216
201
297
240
210
255
273
225
261
246
252
