249
276
231
228
243
216
255
243
249
282
243
216
258
222
219
234
240
258
237
246
228
246
246
279
249
240
225
207
222
228
228
231
243
243
252
228
231
249
219
243
267
261
267
249
255
258
222
225
195
255
195
252
261
234
171
255
255
180
225
273
246
246
276
252
255
327
213
243
270
231
243
228
213
240
213
252
213
288
231
240
252
183
219
213
243
243
240
225
264
264
249
207
219
276
201
243
279
198
228
219
288
231
255
258
234
273
207
255
231
270
282
237
219
228
234
273
192
234
270
273
291
237
267
267
222
264
219
195
261
273
285
255
249
222
267
240
243
231
243
210
240
252
249
198
237
270
210
237
264
216
300
222
222
231
249
240
246
228
228
279
219
255
222
249
255
261
237
216
267
216
267
255
234
219
258
216
231
279
222
216
216
180
237
225
213
213
198
252
237
234
213
210
216
246
234
243
213
234
294
252
285
282
285
276
225
267
243
219
270
234
240
225
240
309
219
255
267
279
198
270
219
234
237
246
267
231
225
219
264
225
234
261
246
243
261
213
267
252
258
243
225
225
207
309
279
210
189
228
228
237
252
243
246
210
198
222
219
216
231
237
264
267
246
213
261
201
183
252
225
267
234
228
279
219
222
228
279
231
258
264
249
213
216
228
249
267
204
234
222
282
228
321
183
249
264
273
240
267
258
225
