480
498
453
471
492
510
507
480
456
495
441
456
519
513
465
516
468
444
486
489
489
447
462
420
432
489
450
423
489
498
447
492
582
459
438
477
522
552
483
537
471
486
504
519
495
465
459
591
435
522
381
540
528
477
438
507
492
480
450
492
459
540
498
450
504
453
444
477
483
447
480
489
516
447
432
483
489
504
441
444
450
435
474
444
486
528
489
495
546
510
477
432
513
462
462
438
480
486
549
438
432
432
459
489
459
507
453
483
489
489
504
447
492
504
474
390
525
510
471
471
516
501
429
462
477
447
450
501
480
513
477
435
507
474
468
498
504
477
483
444
486
456
480
483
447
528
456
498
435
450
480
471
450
495
423
492
459
411
471
525
462
447
531
504
483
474
465
417
453
519
462
501
519
486
465
432
408
552
531
477
468
483
429
417
465
528
447
435
468
495
456
522
495
498
516
480
528
462
513
432
441
450
501
483
468
453
477
495
408
555
468
453
525
513
477
435
510
453
450
495
396
471
462
459
489
477
549
426
462
450
477
429
480
480
519
489
477
480
465
453
459
399
441
519
516
537
411
507
495
432
444
498
471
531
459
477
483
489
474
453
471
531
480
501
426
447
465
471
435
462
489
522
492
522
459
417
501
492
474
471
564
483
486
483
507
489
477
459
570
435
501
426
498
489
516
492
495
543
495
498
