273
192
264
273
276
261
252
273
258
273
240
222
231
264
225
255
228
246
279
225
267
252
222
249
228
228
201
240
243
219
228
234
252
240
201
234
288
258
222
261
246
228
219
222
234
258
249
207
228
222
261
234
204
282
255
237
273
213
273
255
324
186
261
237
219
219
231
237
252
222
225
255
255
276
249
270
246
240
255
153
249
234
252
231
225
270
246
267
252
249
237
243
225
267
243
243
213
276
234
267
270
261
222
231
225
279
270
237
186
216
207
234
270
225
192
273
270
207
264
195
252
249
255
273
216
228
258
204
240
228
231
264
216
249
267
231
249
222
252
249
282
249
240
219
210
210
249
297
195
285
315
267
279
297
225
219
255
273
228
249
267
207
279
240
243
240
258
249
255
201
243
225
231
225
267
204
222
222
237
222
252
240
300
258
219
258
249
291
237
261
261
237
249
252
234
240
228
228
285
219
249
195
222
231
222
270
249
240
198
195
225
216
222
219
255
237
252
294
261
264
231
201
210
237
228
270
288
291
267
282
255
243
216
249
222
282
273
195
279
240
267
249
255
255
219
189
201
237
291
276
249
243
237
240
249
273
234
243
252
219
231
213
201
231
225
267
231
249
273
264
237
216
267
219
246
237
240
210
261
282
201
243
246
234
207
264
240
252
198
273
261
219
276
276
252
210
261
216
237
252
