225
243
207
222
237
243
225
234
240
243
234
300
285
231
234
267
225
264
237
198
198
234
258
270
243
195
249
255
291
231
234
234
225
219
228
228
216
258
240
225
243
255
240
237
273
225
237
219
264
216
186
237
207
270
246
246
234
267
210
249
243
207
192
207
273
219
288
225
267
252
252
264
279
261
252
237
264
213
270
228
231
264
246
267
282
237
231
228
219
228
285
249
267
222
243
249
258
231
273
219
228
279
225
240
309
228
216
288
228
294
234
228
258
231
231
237
276
234
279
285
234
258
270
192
261
231
234
189
150
303
240
240
258
237
210
237
228
213
222
252
240
201
228
282
249
288
267
267
174
261
204
249
216
174
216
240
258
270
222
261
246
258
243
237
258
234
270
213
225
216
252
219
243
246
252
243
192
255
267
270
285
264
213
258
261
237
246
267
231
249
249
282
255
240
291
222
228
240
231
201
234
225
207
249
276
249
228
264
213
261
231
261
258
273
291
288
261
246
255
261
288
252
237
264
234
225
243
207
228
240
195
255
195
246
231
213
282
261
234
243
288
228
246
237
267
165
300
285
228
234
210
273
264
189
207
240
222
228
219
228
231
189
294
303
177
258
228
222
282
258
267
231
270
255
246
285
261
207
246
237
222
300
213
273
231
252
228
282
201
177
231
216
273
210
225
219
198
252
282
234
