234
267
267
279
240
213
255
264
195
213
213
237
231
255
243
243
222
273
246
252
315
273
270
216
210
228
207
324
210
225
264
249
222
222
204
231
237
243
246
198
255
270
261
231
285
207
240
228
219
234
222
213
225
228
213
186
246
195
258
216
252
294
225
270
273
204
231
231
237
240
288
216
273
297
219
315
264
240
273
294
246
231
282
258
264
273
228
312
264
273
246
216
237
267
261
201
294
195
204
237
249
243
252
249
213
210
240
318
276
189
300
237
285
219
183
204
231
183
270
219
258
255
186
255
249
255
261
261
261
270
201
237
270
273
240
204
237
255
213
192
312
249
246
228
258
240
225
249
282
243
177
243
213
267
243
282
210
234
189
270
255
237
240
216
243
231
249
255
240
216
183
228
228
225
213
222
231
189
249
249
270
204
231
216
222
273
222
240
279
279
237
249
213
234
264
234
258
228
240
195
243
201
198
219
270
255
237
249
222
255
225
228
231
246
228
252
237
264
240
246
243
258
255
240
207
201
231
228
237
207
210
270
222
201
258
237
195
240
258
204
225
210
252
171
276
234
258
237
276
213
270
210
297
207
204
276
252
240
270
261
231
240
249
246
255
225
225
189
249
222
285
261
225
204
216
243
279
243
213
234
198
249
237
192
204
249
234
249
213
207
261
258
231
276
285
216
201
252
216
180
