234
225
255
237
234
258
264
270
201
246
231
222
222
234
243
252
267
279
243
222
267
201
285
270
255
213
225
225
303
246
249
210
237
237
246
243
267
216
207
204
267
240
249
207
243
213
237
237
234
213
252
240
279
252
237
315
279
219
234
282
249
249
201
210
228
219
246
270
231
255
273
261
195
234
219
255
231
231
261
231
192
228
252
228
231
234
252
201
204
228
279
246
222
264
261
258
243
264
231
216
201
258
243
291
261
270
255
207
189
225
180
240
198
204
297
273
252
204
252
243
273
246
207
249
264
303
243
234
243
267
225
267
231
234
288
243
273
234
222
219
294
273
240
252
213
252
225
231
276
237
171
243
255
258
255
222
228
207
222
264
234
243
273
264
219
258
180
219
252
213
246
285
267
231
228
231
267
231
240
282
231
210
252
216
231
225
234
216
201
219
249
240
255
246
252
216
267
255
225
261
267
219
237
237
249
216
228
252
261
219
222
237
237
222
252
258
213
234
273
258
243
243
255
237
261
216
231
240
240
267
183
258
222
201
225
261
234
216
210
240
231
261
252
258
255
267
234
291
222
246
273
231
198
228
258
276
258
249
216
279
237
300
267
216
219
267
222
186
249
201
228
207
210
198
246
240
243
249
255
246
243
243
210
186
270
267
210
255
231
219
219
231
216
231
225
267
201
222
258
255
