225
234
249
228
237
231
249
279
252
222
267
267
279
243
237
237
255
273
255
249
228
210
204
207
270
249
273
231
234
312
249
216
222
264
243
261
225
228
249
297
213
261
240
210
195
246
243
243
249
258
180
282
282
267
216
273
255
240
252
246
249
258
216
261
243
255
222
201
216
228
225
249
264
249
237
207
237
219
252
249
207
288
219
222
270
267
231
234
240
219
258
240
219
258
213
255
273
204
249
261
222
237
243
285
240
231
222
231
237
300
237
198
228
267
219
270
264
249
300
261
252
255
237
228
207
243
258
255
216
216
255
258
237
258
252
279
192
222
225
201
282
210
306
234
240
279
264
291
225
231
234
246
249
243
225
234
219
192
222
228
285
210
255
219
288
294
297
240
240
249
264
252
231
255
255
255
219
243
255
228
264
228
201
252
237
228
216
204
201
207
231
303
228
285
243
216
228
234
237
201
219
255
240
267
261
207
279
249
246
216
261
270
261
270
240
219
222
276
261
240
216
192
258
231
225
240
198
261
273
213
252
213
252
249
228
228
243
243
270
201
297
252
213
240
228
234
216
195
234
258
246
273
207
258
213
210
216
240
276
237
207
213
252
252
267
240
273
246
249
237
252
243
237
249
228
267
255
261
240
222
210
225
234
276
234
231
213
264
243
234
207
219
252
255
255
222
207
276
234
255
