246
243
237
276
219
192
225
225
225
231
237
213
243
243
228
195
249
222
195
225
246
237
213
228
204
210
237
246
240
234
273
216
276
282
249
219
243
207
240
183
222
213
270
204
234
228
156
258
252
249
285
285
198
246
213
261
270
195
273
252
249
264
234
282
255
210
300
267
240
219
213
249
267
192
228
243
270
273
273
267
237
297
252
231
210
261
228
198
225
270
270
282
285
225
255
228
258
222
228
261
270
252
204
237
222
231
198
255
309
264
237
225
240
249
261
228
228
216
252
249
276
252
252
237
264
201
234
216
237
261
246
207
234
213
270
276
225
177
231
258
246
219
234
294
291
249
231
222
210
243
243
201
249
180
258
243
225
213
201
264
234
249
243
252
219
237
222
204
216
213
219
201
249
291
261
246
240
249
255
261
219
264
225
231
219
225
204
228
213
273
234
264
213
213
159
243
213
243
252
189
237
270
225
279
276
246
204
234
282
216
183
252
243
237
252
288
267
183
183
255
240
228
246
231
282
255
198
258
234
261
234
213
225
255
249
249
228
210
222
276
255
237
246
252
252
246
186
249
216
213
243
279
264
261
219
267
246
234
273
267
264
216
237
228
255
288
222
216
195
246
279
261
192
243
237
228
246
267
216
252
216
162
234
243
213
243
213
201
234
243
258
255
282
216
240
243
261
225
240
261
