240
234
285
258
255
306
243
252
237
231
279
288
270
243
231
234
276
207
237
228
183
201
285
213
243
231
237
225
258
303
267
210
213
204
222
261
240
159
231
222
171
210
255
288
204
222
207
195
285
213
234
234
258
270
255
306
207
297
210
204
258
213
270
222
240
186
246
246
222
240
288
258
261
264
237
279
216
225
222
252
213
216
261
270
249
255
216
282
186
213
300
219
222
210
219
225
222
204
204
216
243
249
210
300
258
189
246
237
228
288
249
273
207
231
240
204
207
270
273
234
267
255
258
231
243
201
252
243
192
234
222
234
216
240
237
243
267
285
243
201
201
279
249
240
270
261
240
237
204
249
237
303
234
219
213
249
201
273
249
279
249
243
237
258
231
219
240
201
225
228
276
237
225
240
279
237
237
294
258
231
228
264
207
249
237
228
216
231
258
213
303
216
207
282
309
228
249
243
255
216
213
288
252
222
219
231
306
291
276
258
267
237
240
204
303
264
237
219
246
228
219
213
273
276
219
225
219
273
225
333
246
228
219
231
243
264
234
249
228
246
267
222
249
249
228
210
237
231
270
246
207
276
216
216
249
246
216
273
213
237
234
216
249
249
297
237
201
231
222
264
228
288
180
255
240
216
210
231
243
282
267
219
171
258
186
237
285
189
225
252
258
216
213
237
240
249
246
204
273
285
