252
210
237
270
261
273
240
246
243
216
210
267
240
270
249
180
252
267
237
243
231
279
213
297
249
240
261
207
225
198
201
216
246
252
267
273
252
222
264
231
243
216
276
180
234
258
276
222
237
249
237
264
198
276
201
240
216
243
270
258
255
291
243
279
225
285
297
264
246
267
222
207
243
222
186
300
252
225
243
228
231
252
219
270
159
279
225
249
240
201
234
216
258
321
291
255
216
306
255
207
237
249
237
273
318
237
219
282
228
237
234
180
273
225
216
240
285
234
243
219
240
198
285
255
234
201
228
225
234
276
258
267
222
204
201
258
192
249
267
249
258
204
258
255
264
234
225
249
216
255
183
246
216
255
240
222
243
228
219
225
216
180
219
207
255
252
255
231
222
267
255
261
213
231
222
192
258
255
264
252
249
276
273
282
246
264
306
240
204
297
243
228
246
246
228
201
219
255
255
300
225
228
225
246
234
198
210
228
249
237
234
225
300
246
219
258
252
201
255
252
279
264
240
252
237
240
219
231
255
285
243
267
249
228
240
252
225
231
255
243
264
258
252
255
264
222
243
267
306
225
246
288
237
240
273
207
192
255
255
258
282
297
231
255
273
273
294
249
270
240
219
228
258
234
207
243
231
264
240
204
225
276
252
285
219
258
234
255
246
252
255
237
180
252
237
261
213
267
258
216
