222
252
228
273
237
261
267
234
225
243
276
231
246
270
225
231
225
225
273
258
225
327
282
240
291
246
258
237
219
264
252
216
261
246
216
207
261
210
225
213
219
285
228
231
252
234
258
222
237
207
291
240
231
225
228
267
243
237
225
255
288
240
240
240
237
273
285
237
288
243
252
261
177
252
237
240
204
246
237
147
252
234
270
228
246
207
264
219
249
276
228
291
213
216
243
219
258
276
276
204
291
234
264
207
273
159
264
315
234
252
219
201
228
264
231
270
240
273
192
249
243
222
264
264
219
249
243
216
246
219
285
228
255
201
273
240
213
252
207
231
213
240
237
300
246
213
243
225
258
243
207
219
228
198
222
252
249
237
294
225
258
210
231
240
255
297
213
267
213
276
252
213
228
228
255
201
267
258
243
243
264
279
258
240
237
240
195
258
297
210
180
249
228
204
228
216
252
198
252
192
228
201
270
255
189
207
225
246
234
216
225
189
228
267
258
270
303
207
231
216
279
234
231
294
210
267
222
246
273
273
261
297
228
213
264
189
246
228
252
249
195
222
240
264
294
249
237
261
228
285
195
249
255
252
231
261
222
264
279
174
279
201
234
246
222
210
243
213
213
267
216
204
216
258
213
231
252
255
240
225
219
237
258
231
237
243
267
207
261
249
204
294
240
243
273
273
231
204
204
228
