222
219
240
231
240
207
243
225
228
234
237
282
255
219
240
255
255
261
237
237
216
252
291
231
198
249
261
240
237
243
216
282
237
288
204
255
267
258
216
282
231
228
261
261
243
258
228
207
201
291
219
237
234
228
246
252
237
201
240
201
216
228
234
219
228
267
216
222
204
264
234
237
246
216
273
249
225
291
255
231
252
243
246
252
291
258
162
276
207
240
216
249
246
273
243
228
219
201
285
249
288
288
288
204
252
216
243
237
246
264
231
237
219
237
240
264
201
270
264
243
234
270
243
204
198
285
231
285
246
267
234
237
234
255
246
222
279
189
246
231
303
249
258
264
216
204
273
210
288
228
219
285
225
222
246
204
240
240
234
210
240
267
249
249
228
285
276
237
249
186
279
228
216
219
237
273
288
213
273
249
231
207
273
237
195
270
249
249
270
237
240
213
231
222
294
267
228
234
225
243
195
216
270
237
180
279
207
249
234
216
276
219
225
243
261
216
240
249
240
210
237
222
249
252
222
306
279
234
261
207
276
207
228
264
249
249
216
225
213
303
246
228
174
234
186
255
237
207
234
225
285
249
237
261
234
228
243
216
192
261
222
234
234
195
225
195
246
225
261
225
228
285
201
231
237
222
255
225
213
285
255
264
246
219
243
279
258
258
267
228
228
234
189
273
204
231
285
270
222
231
