246
264
267
213
249
216
270
261
246
231
261
228
231
237
255
264
231
264
270
270
240
258
237
294
213
228
291
201
243
216
207
240
264
231
276
222
195
270
237
246
237
216
216
204
222
237
255
237
267
189
255
231
276
180
240
231
285
279
270
231
234
243
180
264
273
243
234
246
243
270
210
270
282
213
234
231
219
195
264
243
249
252
285
195
237
306
231
252
261
219
276
255
216
240
201
243
258
225
258
231
222
231
243
192
240
231
258
219
255
210
240
276
243
243
222
201
258
261
222
195
249
237
216
264
210
246
258
222
240
249
291
264
255
240
225
240
237
204
228
192
276
231
204
273
270
213
195
255
246
237
255
237
198
213
222
216
228
198
270
207
246
219
249
240
288
264
267
198
222
252
258
222
225
270
228
201
225
300
213
204
234
201
279
237
213
279
210
252
261
234
222
228
210
231
222
282
249
207
249
213
270
237
255
213
240
270
252
264
234
231
195
204
231
228
255
246
276
240
225
252
243
249
267
273
225
228
213
198
246
237
240
264
237
225
300
264
261
255
204
210
264
198
279
231
213
219
234
219
213
183
213
210
249
231
294
225
219
237
213
258
231
231
240
231
207
219
243
246
249
213
258
264
300
264
237
192
237
159
252
270
216
240
210
210
234
249
243
237
249
228
270
237
294
210
231
318
216
267
246
225
