195
270
261
243
240
264
231
249
213
237
255
252
273
207
267
240
294
234
234
237
285
258
225
261
234
201
258
267
264
228
246
288
264
204
255
210
321
237
225
201
204
219
267
246
240
258
255
264
264
219
234
237
252
204
228
219
231
222
237
201
273
225
237
210
237
261
249
258
222
258
225
258
264
243
249
222
315
228
255
255
213
246
240
270
255
225
231
246
252
222
234
279
246
207
210
249
210
222
204
240
240
228
243
243
258
261
222
234
216
222
264
225
216
282
252
270
231
282
204
219
246
201
225
240
270
243
246
264
252
186
291
240
222
213
216
243
219
243
216
222
264
252
234
246
219
222
228
303
246
231
264
264
231
210
225
225
213
186
285
231
270
240
219
231
228
228
267
288
237
243
234
258
270
258
231
231
306
225
237
246
219
225
264
252
240
198
243
255
291
186
201
294
246
192
207
237
237
246
267
225
270
195
219
270
303
321
231
225
228
234
264
213
255
255
216
234
279
204
216
234
243
258
207
285
264
228
231
291
222
261
264
225
297
255
297
237
240
276
264
243
267
201
222
240
240
261
255
195
201
240
219
258
246
219
216
201
297
240
243
264
216
252
204
261
228
261
246
225
258
207
261
231
213
243
255
234
252
303
195
264
243
252
231
309
240
231
192
255
219
234
216
240
243
237
234
231
255
264
192
252
