270
225
228
201
261
237
264
201
216
240
291
261
243
261
243
213
231
267
306
258
237
228
231
309
237
243
243
228
234
285
207
279
276
219
270
228
171
228
261
249
255
300
261
240
249
225
207
255
276
267
246
249
228
261
231
225
267
246
258
288
201
237
222
225
237
192
243
240
237
240
252
264
243
267
231
234
240
252
237
246
246
243
258
219
255
228
252
264
237
252
234
261
255
243
276
231
225
234
228
198
222
264
195
210
237
225
207
204
261
216
198
267
336
246
228
252
225
213
210
279
234
219
237
243
249
273
240
258
240
240
216
282
201
252
261
204
261
219
270
213
237
243
285
252
204
207
243
264
231
246
258
246
240
255
300
234
231
267
213
252
228
234
255
273
207
213
234
210
258
219
240
246
240
240
243
285
261
234
246
234
231
225
240
276
198
243
243
228
234
231
255
252
252
279
288
228
258
240
219
240
246
243
222
294
252
219
279
228
279
243
198
234
243
201
288
240
231
225
261
255
159
216
261
285
237
273
225
201
210
222
219
231
264
282
255
201
243
255
234
234
264
237
258
225
240
222
180
222
237
243
204
234
198
267
255
273
198
252
255
258
210
303
234
240
237
228
192
267
279
198
225
252
282
174
240
207
240
201
255
234
225
204
204
219
240
210
210
216
228
246
219
216
252
270
249
258
282
240
264
210
