231
252
255
198
243
261
219
219
261
243
240
261
243
204
210
249
234
222
249
234
258
237
267
255
231
237
258
255
231
291
228
219
213
216
207
264
264
210
255
234
246
207
273
273
222
228
216
195
225
195
219
291
210
252
195
216
189
258
255
276
267
222
198
231
303
216
237
258
216
267
261
216
261
225
204
192
222
198
243
264
285
237
210
267
264
249
255
216
252
213
255
240
225
198
258
219
243
192
231
234
243
210
249
240
234
237
243
225
255
276
207
243
234
249
273
264
264
270
216
216
207
231
276
231
222
225
219
216
222
228
246
246
291
234
216
243
246
228
228
282
216
279
216
225
306
237
249
273
246
207
222
231
213
228
246
285
240
234
216
195
207
267
264
237
255
225
243
243
234
288
312
279
246
243
213
234
225
240
246
279
219
267
201
276
213
201
240
207
228
276
276
267
219
210
261
210
246
177
213
246
285
279
234
219
234
249
207
249
216
225
249
291
255
309
219
246
177
195
255
219
228
258
201
219
243
237
210
246
195
264
213
303
210
243
270
252
255
219
258
246
282
204
225
213
231
243
288
216
189
234
276
309
249
240
225
219
297
276
240
219
240
231
222
207
270
252
246
252
240
207
255
315
207
261
276
225
237
219
228
210
237
246
225
216
261
279
270
228
210
228
255
267
216
249
261
240
228
210
273
225
