252
249
264
237
225
285
243
270
240
261
267
243
198
234
210
276
237
258
225
225
258
243
216
252
255
276
267
246
201
243
246
249
216
222
276
237
243
276
198
183
204
288
222
261
261
204
309
225
210
240
219
216
213
213
300
201
276
255
231
291
225
249
270
246
195
270
228
210
252
252
219
240
195
261
225
237
270
201
240
285
267
225
195
243
246
225
291
228
258
216
258
195
225
264
249
222
261
270
213
234
228
249
225
270
207
255
270
249
225
264
225
231
237
240
219
204
219
243
225
234
246
177
237
201
240
228
288
222
219
210
225
258
222
237
183
243
231
219
249
255
240
228
243
231
237
234
261
195
240
216
225
207
255
228
249
225
213
246
276
201
234
234
255
210
237
198
249
261
225
255
240
225
201
198
255
264
207
228
261
267
252
252
210
243
246
294
228
228
222
291
246
231
288
255
273
264
231
225
267
222
240
210
228
225
231
237
222
261
201
252
225
195
282
291
201
261
222
240
222
234
240
249
231
234
282
243
243
228
261
255
252
282
276
255
225
228
246
273
198
183
246
249
261
222
297
213
216
240
237
213
240
252
264
258
258
219
294
210
168
222
198
249
153
243
237
195
252
240
198
234
246
279
240
273
213
222
255
204
240
234
237
237
222
249
249
243
234
228
201
291
240
243
219
255
228
246
273
294
216
261
