234
234
240
204
264
246
216
231
261
231
192
210
249
273
276
240
261
267
300
237
237
192
258
261
216
267
285
246
270
288
222
246
297
288
261
198
252
240
204
234
219
237
204
219
297
240
270
165
204
279
252
240
258
258
210
258
240
213
237
282
207
240
195
243
255
177
228
225
207
246
252
264
261
228
240
246
246
228
198
228
276
240
276
240
219
252
249
276
273
207
273
237
264
294
225
228
231
174
273
267
246
252
207
243
279
195
318
222
288
279
237
237
213
261
219
207
255
243
195
243
204
261
204
276
207
264
231
240
237
225
261
219
240
303
204
225
210
204
225
264
261
237
240
264
216
207
228
243
267
240
267
225
231
246
243
213
228
222
261
285
243
312
243
219
231
237
174
222
186
213
276
174
285
249
204
204
240
255
264
240
195
249
270
243
267
240
249
210
264
243
216
237
234
255
240
216
243
210
249
225
228
276
270
240
246
249
207
249
213
201
204
231
192
210
210
222
282
225
288
252
252
225
192
231
252
237
234
282
273
267
240
219
207
210
249
267
204
231
288
261
273
186
273
210
213
210
249
240
249
240
276
237
267
261
228
192
291
204
249
231
246
258
225
216
249
246
243
252
261
231
243
240
270
243
252
267
222
264
243
231
207
306
261
246
228
261
267
234
225
246
228
237
243
204
282
234
249
249
177
261
