264
216
252
234
297
210
261
249
258
210
213
216
225
255
258
255
267
276
267
225
222
249
234
225
210
192
234
279
198
282
264
237
222
246
273
234
204
192
261
225
255
294
234
276
237
225
231
258
267
249
255
255
240
267
192
180
252
264
234
258
228
249
276
222
273
234
258
204
252
189
246
261
240
258
264
207
243
189
219
222
237
237
243
243
228
240
261
204
228
252
237
228
228
231
276
258
231
255
201
258
261
231
219
252
243
219
246
225
255
210
258
240
243
231
222
258
291
222
213
216
222
225
228
261
270
231
267
192
237
243
258
198
225
237
222
216
255
222
216
213
258
243
255
198
282
231
192
213
219
264
273
276
213
195
234
243
273
237
231
216
243
228
225
246
234
228
261
240
219
240
270
231
258
234
237
237
273
279
351
186
315
270
246
273
243
264
231
249
234
195
255
231
246
237
192
213
303
234
225
270
231
216
267
249
213
210
213
216
273
222
279
261
249
231
240
234
246
282
240
246
198
231
243
276
234
279
180
282
186
246
237
210
231
279
294
210
246
237
219
252
249
219
246
240
231
234
246
273
216
216
207
246
261
234
225
246
234
246
207
249
234
249
267
273
240
186
282
243
237
237
219
240
231
225
252
222
246
234
249
258
249
282
210
228
267
210
240
246
258
252
249
249
210
237
243
267
276
249
228
186
