204
198
276
219
180
201
207
276
219
291
249
228
231
213
279
246
252
225
288
243
255
246
243
237
237
237
204
243
225
246
258
228
261
240
207
252
222
243
219
240
273
249
234
276
258
258
243
237
243
306
246
264
243
273
180
234
246
228
315
201
288
240
228
225
276
252
195
201
234
237
213
246
183
261
246
231
243
234
240
195
276
237
234
225
213
225
252
255
201
255
228
267
240
234
246
267
294
279
249
252
222
246
213
222
231
210
207
243
255
243
228
258
240
249
198
255
291
210
267
207
261
255
261
210
204
249
219
237
228
234
294
255
246
219
255
237
231
207
222
219
195
249
267
246
246
243
225
216
273
204
237
219
273
261
210
216
246
243
249
261
225
234
282
261
195
267
216
225
252
234
237
240
201
210
252
228
267
228
264
246
273
252
258
234
192
258
252
240
255
222
216
225
219
213
228
258
219
282
261
225
198
252
273
276
219
246
246
210
243
240
270
249
219
225
273
255
219
255
252
270
210
249
216
219
189
231
300
282
219
276
267
228
246
255
249
228
276
240
234
234
219
228
231
282
261
267
252
225
261
207
189
282
246
231
264
219
219
207
246
225
243
216
255
228
234
213
258
243
273
240
237
213
216
195
252
324
243
192
177
270
246
210
282
231
261
300
219
165
225
213
186
207
222
219
231
222
303
267
231
252
