237
267
270
228
282
219
216
222
252
264
285
168
267
234
231
303
216
279
279
240
219
252
198
249
237
297
249
228
285
261
237
216
240
162
210
249
240
255
207
237
228
246
219
228
261
261
216
255
249
237
303
243
222
231
225
252
240
219
249
273
267
249
270
216
312
243
216
219
243
243
183
222
273
198
258
204
219
249
297
273
249
276
252
231
237
261
225
237
285
255
222
255
273
270
198
189
198
234
222
249
237
246
240
222
237
228
219
225
231
219
258
219
231
213
255
177
249
231
276
219
255
267
204
231
216
276
243
213
246
276
228
294
252
231
237
258
276
297
195
270
222
237
276
237
252
237
273
243
231
243
243
237
231
222
261
234
249
258
237
282
261
249
243
222
264
240
234
162
270
261
258
240
204
264
201
237
207
255
207
171
246
255
270
213
237
216
255
246
210
255
240
291
258
249
219
210
204
246
252
246
249
237
207
219
222
240
243
207
246
255
243
246
219
210
243
240
228
222
249
243
234
183
264
204
291
258
258
249
219
237
216
186
288
243
234
243
261
261
261
264
225
219
252
261
231
264
207
231
222
258
240
282
246
243
261
231
210
207
255
201
240
204
285
288
255
288
231
234
249
216
273
288
264
264
264
276
234
258
246
216
234
276
243
255
228
213
252
258
213
276
189
234
234
252
240
249
255
240
264
216
