258
177
234
243
267
210
222
219
276
204
249
198
204
216
225
222
234
255
249
267
207
258
264
210
282
258
225
255
231
195
234
273
192
228
231
186
237
222
240
213
270
267
177
315
243
213
261
225
249
273
228
243
240
228
252
207
249
237
228
249
240
225
240
219
225
276
243
288
234
213
255
243
198
225
231
195
201
255
258
249
219
216
189
264
231
246
264
249
234
204
243
213
195
237
285
204
198
252
312
261
249
210
225
207
222
201
246
213
261
228
234
228
246
240
237
261
264
252
237
222
285
243
243
222
288
264
261
240
228
285
234
231
201
237
228
258
231
255
204
213
255
279
276
201
240
300
228
246
288
279
252
225
219
252
231
282
216
240
189
261
225
246
240
282
228
267
201
237
210
225
264
195
243
177
276
261
303
225
273
189
225
240
240
237
330
249
276
243
246
279
246
219
219
210
207
258
237
240
282
222
252
231
216
231
225
210
219
267
258
306
276
228
240
240
285
258
243
237
222
252
216
210
273
240
234
267
189
258
243
219
270
231
243
291
234
261
243
264
255
219
240
252
303
243
240
222
270
228
237
270
201
240
219
231
270
243
231
240
207
192
216
222
255
216
276
240
234
213
300
261
228
228
195
258
246
225
279
267
246
252
231
255
240
234
225
279
249
234
231
225
243
231
222
261
282
240
267
243
273
228
