270
273
240
282
240
207
252
180
267
237
243
231
288
216
192
231
198
243
240
213
264
219
213
234
243
222
210
270
255
237
222
243
273
225
195
225
207
201
237
210
198
279
270
210
240
228
219
201
276
228
198
252
255
234
252
285
198
303
207
183
255
258
249
192
306
261
282
240
237
276
276
204
252
177
189
222
270
246
231
231
255
237
249
279
216
213
261
246
231
282
234
228
225
252
288
246
231
180
225
231
240
228
258
276
255
213
249
201
201
258
240
249
219
246
291
276
225
243
270
216
219
225
258
201
246
183
195
324
192
273
270
279
246
240
267
231
234
237
282
273
255
270
195
234
213
231
258
228
210
231
261
246
231
213
222
258
216
261
201
237
222
225
237
285
216
279
216
207
252
246
237
171
216
234
252
237
279
246
243
279
243
225
249
234
213
228
180
189
276
246
276
246
183
255
243
225
216
222
189
231
276
252
249
264
249
258
228
222
222
213
222
240
219
267
270
210
270
300
264
231
279
207
225
276
267
234
273
252
243
228
222
207
192
261
273
228
216
201
228
213
252
252
210
255
258
243
285
291
282
285
246
222
282
222
255
294
231
282
249
243
240
234
243
234
225
261
249
228
252
222
225
228
240
213
204
231
234
240
276
264
264
180
204
219
270
246
228
270
246
177
234
255
186
234
192
279
261
249
291
264
