222
207
201
210
252
213
252
234
201
249
195
222
243
198
213
240
288
219
231
210
249
237
225
261
228
219
225
276
228
267
228
210
249
225
243
228
192
249
249
219
216
189
267
240
276
240
234
276
231
234
237
273
222
228
249
231
210
207
231
237
252
306
261
315
240
219
204
225
270
249
294
258
219
231
228
276
243
276
228
285
225
264
255
258
258
210
240
270
219
285
276
204
180
234
267
213
279
282
210
261
225
273
267
231
240
231
228
285
240
249
231
237
243
207
252
243
249
246
267
216
234
261
216
237
234
210
207
237
246
168
291
174
216
249
282
219
288
174
258
237
228
210
276
246
273
231
228
201
225
219
249
219
216
240
234
252
300
255
255
282
240
252
294
243
264
204
240
255
243
255
276
186
243
231
267
264
270
222
222
300
237
219
264
258
276
276
204
240
246
240
246
258
228
237
210
231
228
252
276
219
216
210
207
225
255
285
297
237
255
258
285
249
246
261
216
243
240
213
267
243
207
219
243
258
228
258
243
261
207
207
237
267
288
210
201
210
210
267
264
279
219
249
219
231
288
252
237
255
222
225
240
234
261
261
249
279
240
231
222
216
258
273
246
246
291
246
246
231
264
255
285
240
243
213
243
264
258
204
213
243
198
228
249
246
213
279
192
249
273
267
204
243
240
225
255
225
258
228
150
273
