237
246
243
252
240
240
294
216
210
252
264
288
222
222
264
240
201
252
273
276
225
288
258
201
195
195
228
246
237
210
225
225
231
240
240
252
285
240
207
195
234
237
255
261
288
249
237
288
216
201
252
258
222
222
255
249
231
207
222
219
240
243
240
276
219
219
219
234
231
240
243
213
213
276
219
240
246
240
303
255
246
222
231
237
225
252
228
246
234
240
252
246
240
243
246
225
219
237
210
222
249
222
246
246
246
258
312
204
231
258
282
291
222
219
258
243
261
240
249
201
237
219
228
252
228
288
282
195
222
252
270
204
267
195
213
261
267
216
258
243
264
264
246
249
246
231
240
243
255
252
219
264
273
249
261
282
213
228
264
270
264
252
228
240
246
225
240
273
249
261
213
246
228
243
258
264
288
207
231
237
261
204
246
216
240
240
267
282
225
255
234
285
234
261
210
282
228
249
213
183
279
252
243
273
252
267
237
306
222
294
228
252
240
267
297
258
210
288
234
282
261
258
225
225
267
246
222
306
237
225
252
222
273
297
258
267
288
210
261
246
255
237
183
270
240
228
294
240
225
219
234
267
258
261
222
252
246
246
225
213
276
258
207
249
243
195
249
231
234
225
249
204
273
249
210
222
198
249
258
261
219
267
249
261
213
240
240
186
303
309
177
225
249
249
222
222
282
237
276
243
