546
516
501
498
489
504
495
516
462
408
510
561
471
531
498
531
519
528
471
495
501
573
489
468
471
513
486
480
516
420
411
471
525
507
522
498
516
462
510
486
501
486
474
462
456
471
471
474
558
522
465
429
537
441
462
483
522
498
462
555
477
429
474
516
480
468
477
423
426
477
525
492
600
534
513
489
528
486
459
516
447
489
501
492
483
453
441
492
417
432
480
441
510
468
471
555
510
522
537
540
474
453
444
486
489
537
423
525
441
459
477
531
468
423
489
423
468
459
447
483
492
486
459
480
447
462
510
438
513
462
534
477
477
519
471
492
531
489
492
531
390
522
507
513
510
465
435
474
471
477
531
498
474
477
444
477
438
468
462
507
453
495
498
447
504
531
540
474
504
474
468
399
567
414
492
441
507
528
474
459
543
486
417
492
414
456
498
471
465
492
423
447
441
459
441
465
489
501
483
576
474
489
447
555
432
438
501
468
453
459
474
414
486
459
504
516
543
432
480
468
465
504
438
477
477
498
462
531
471
417
438
486
459
462
552
498
516
543
456
483
498
489
480
471
435
453
468
486
462
474
552
576
504
459
534
504
492
480
516
441
504
549
450
522
453
531
480
432
462
465
513
501
480
501
429
489
438
504
522
495
513
465
477
474
408
462
450
522
456
522
492
468
516
462
534
462
510
528
462
504
