438
489
432
435
489
462
540
474
510
525
444
459
510
507
435
411
450
438
474
432
516
525
444
417
537
468
534
429
498
519
525
486
489
399
441
498
489
405
486
462
429
465
444
489
441
495
411
492
501
441
468
552
441
492
405
474
507
486
441
501
393
489
468
471
486
495
543
465
447
498
462
432
501
522
513
477
483
477
471
480
468
510
438
465
564
465
480
438
510
465
495
459
495
459
468
420
513
438
438
501
522
555
447
477
555
474
531
525
432
453
435
489
486
495
438
495
465
450
504
495
447
537
453
411
549
462
471
456
426
498
456
450
519
528
456
486
477
456
513
474
513
486
480
558
549
486
456
465
435
375
444
489
489
480
549
459
441
492
492
525
531
504
429
504
480
402
453
516
450
450
489
501
495
468
483
492
432
507
471
492
468
549
489
486
597
456
453
411
468
459
531
483
471
477
483
471
441
477
501
531
474
486
495
513
402
555
429
480
462
516
450
432
477
531
537
492
588
459
495
477
495
450
429
447
435
480
510
423
465
435
510
522
489
417
531
558
456
528
408
528
456
387
408
456
444
471
528
402
420
513
435
522
456
465
474
441
495
510
444
459
510
465
492
531
483
492
444
492
441
414
468
447
510
456
429
480
501
420
474
495
444
471
453
480
444
483
492
435
450
480
501
489
462
435
465
504
462
486
444
399
