210
192
222
216
288
237
237
297
225
240
228
210
231
246
258
294
231
270
195
204
198
198
231
318
171
234
294
198
234
255
207
204
219
228
294
246
270
240
258
243
213
219
189
216
180
192
207
225
231
180
228
213
267
252
273
213
228
231
273
273
225
252
228
240
267
219
267
225
261
216
273
222
267
285
246
216
252
255
246
255
210
258
204
246
225
222
243
282
240
300
273
264
288
309
234
198
204
243
216
243
255
255
225
228
246
258
252
219
258
222
276
210
231
246
261
234
264
228
279
288
267
240
231
306
213
231
225
201
243
264
273
207
240
219
264
258
222
231
261
228
252
255
279
267
222
243
279
243
270
222
246
288
213
225
264
237
333
237
237
201
255
246
213
246
216
222
240
255
279
264
237
243
240
288
252
258
228
243
249
276
276
228
219
237
270
258
216
186
237
246
273
207
237
249
261
252
288
225
267
192
213
267
267
240
189
219
219
249
210
237
249
261
243
207
225
231
288
237
198
297
225
195
198
228
279
240
273
210
288
240
261
273
231
234
267
210
234
207
252
279
231
222
276
228
249
264
210
321
192
273
219
213
237
273
210
231
255
228
246
237
279
210
255
243
249
243
240
228
243
210
279
222
255
267
231
231
258
255
261
252
222
219
216
204
234
255
228
204
261
282
210
225
243
249
219
216
285
231
243
291
