213
273
192
264
231
225
222
264
243
246
255
201
270
207
222
228
264
249
216
222
249
198
201
213
219
234
252
234
201
276
231
234
234
246
255
237
237
255
237
216
243
228
249
210
237
231
237
258
204
264
240
252
192
258
234
216
195
240
231
240
198
237
285
243
237
243
255
222
285
192
291
255
264
279
225
264
204
276
195
213
213
258
258
252
210
261
261
240
243
213
219
243
213
246
294
258
249
213
249
186
201
246
291
252
234
246
225
291
228
234
219
231
213
228
216
225
246
240
225
249
255
258
204
282
264
246
267
237
267
237
270
228
270
222
219
243
249
225
276
267
237
204
231
222
249
246
231
225
186
246
267
219
201
213
252
234
270
219
228
291
273
249
222
264
228
270
261
264
234
270
243
279
225
198
261
195
225
243
252
225
228
222
234
222
210
270
294
252
255
234
246
243
282
216
198
225
228
192
258
213
204
249
201
204
216
237
225
210
207
270
264
261
174
249
204
210
285
258
207
237
246
222
255
231
258
267
249
225
252
240
255
231
270
213
246
177
267
225
186
231
231
240
288
201
216
243
270
258
231
258
264
198
240
261
252
198
249
207
225
225
255
255
216
264
225
210
246
228
213
249
216
222
273
252
240
240
249
207
237
231
225
255
210
246
276
210
264
231
189
231
285
159
219
246
255
267
231
282
222
225
