246
270
243
270
228
240
222
291
282
225
189
192
246
213
201
255
273
219
234
261
264
255
198
288
234
168
198
216
258
267
249
255
201
228
189
240
222
228
225
237
225
267
228
231
201
231
195
210
243
204
213
180
237
207
207
252
240
258
231
288
264
198
255
231
231
225
246
228
249
312
264
276
240
273
270
213
234
240
246
231
216
240
267
207
216
270
243
222
240
213
255
204
228
213
264
249
210
204
228
234
225
270
213
231
258
243
231
261
264
240
228
222
195
273
231
273
294
303
189
261
201
285
243
264
240
282
222
243
213
237
234
258
261
225
237
252
267
168
198
258
222
210
204
243
216
270
228
267
234
234
216
228
261
210
222
228
261
255
234
198
213
246
231
267
261
204
267
243
222
246
261
195
213
213
198
225
237
237
225
252
225
225
264
171
258
201
207
219
228
273
225
246
222
249
243
246
252
237
255
237
201
258
255
219
261
186
222
246
246
228
213
192
261
291
273
264
237
273
225
282
249
270
195
234
231
231
189
237
222
249
228
246
219
207
177
246
240
192
252
225
261
222
204
249
225
270
243
312
225
240
225
237
243
234
225
237
249
231
234
231
276
246
255
243
195
210
309
213
282
279
222
237
258
210
267
234
240
249
207
243
264
255
225
270
237
192
216
303
237
237
225
276
231
291
243
228
222
237
180
267
