234
231
294
267
246
222
228
285
246
240
267
228
267
201
258
195
234
246
246
225
228
210
261
231
264
252
210
231
252
210
210
261
237
264
225
183
267
213
249
261
228
258
234
246
237
225
201
291
237
219
240
228
255
240
255
240
246
231
237
228
273
228
297
267
240
279
252
213
273
237
255
234
246
285
240
189
264
246
255
222
246
249
216
291
252
249
225
246
303
264
264
216
285
309
207
204
222
276
243
255
201
225
216
216
210
285
285
174
246
228
234
219
216
198
234
180
255
249
246
240
216
252
213
246
252
243
297
216
207
192
246
225
294
252
210
219
249
252
210
261
231
234
225
252
204
195
231
246
234
216
246
231
234
249
234
246
255
162
228
279
219
243
255
210
249
258
240
228
249
282
234
261
285
279
258
222
228
204
249
228
270
198
237
285
267
258
273
234
285
222
207
240
237
213
261
243
261
198
243
246
228
225
201
234
234
270
255
243
288
237
270
192
291
261
306
219
207
243
279
246
234
225
228
204
198
198
237
255
234
291
279
258
264
216
201
258
201
195
285
246
228
240
243
234
246
234
249
264
249
240
279
225
240
219
297
213
228
288
225
249
282
255
237
222
249
243
228
225
240
258
252
213
201
189
222
261
225
237
249
273
249
165
249
249
213
282
249
270
255
252
249
240
258
192
306
264
237
279
225
273
