225
186
255
207
258
231
225
237
240
246
237
282
231
249
240
219
207
258
264
207
261
231
270
192
213
228
243
246
222
219
246
252
237
222
234
240
294
216
255
306
246
231
207
258
231
201
249
207
189
219
258
237
249
225
315
267
264
246
300
225
237
222
231
237
273
246
252
243
240
249
198
249
192
231
213
234
249
243
231
255
285
261
285
282
192
231
249
234
240
219
252
261
237
228
252
285
192
231
237
225
237
261
225
249
243
231
255
222
237
273
204
216
240
231
258
198
228
252
234
294
243
198
300
261
195
294
258
210
207
216
246
234
192
270
240
216
264
282
255
216
222
255
195
252
237
264
315
183
219
216
273
219
219
252
282
258
234
270
219
249
237
255
303
246
195
228
246
243
270
237
222
240
264
237
264
168
231
240
249
240
249
240
258
213
189
252
267
222
243
297
234
261
240
225
255
294
228
234
252
210
285
270
240
249
207
249
228
234
219
231
207
285
270
222
222
246
261
315
195
267
228
294
237
213
216
261
204
216
261
276
234
225
270
282
201
255
276
291
225
231
174
273
252
198
264
267
237
231
237
216
243
171
228
225
207
255
228
264
240
270
264
243
255
258
267
231
243
261
222
303
225
207
207
297
273
216
204
192
243
189
240
216
225
252
237
210
234
255
213
246
231
237
240
231
273
219
252
198
225
180
