234
261
240
204
252
252
216
258
216
261
258
243
252
219
249
261
270
255
216
174
234
276
258
261
240
216
255
198
258
249
261
231
237
255
225
252
213
255
222
222
231
219
228
213
237
249
201
234
234
255
231
222
243
216
231
222
282
216
267
198
213
249
219
246
240
267
213
213
207
249
279
237
222
207
192
207
297
198
213
261
219
234
234
213
243
261
249
231
249
225
258
213
246
243
198
279
234
243
210
261
216
234
219
207
264
255
243
267
255
240
255
279
234
243
267
225
255
270
237
186
201
267
234
219
216
216
252
240
177
243
300
249
243
267
297
237
249
198
240
261
204
252
237
204
243
195
177
183
204
249
237
240
192
255
273
267
228
246
264
234
225
228
237
252
228
279
249
249
198
261
246
231
231
225
204
222
225
204
249
222
291
228
207
216
207
201
228
270
261
273
261
261
234
276
204
264
252
234
234
213
222
219
219
270
228
246
216
225
255
285
249
255
261
210
222
279
180
213
231
249
204
234
198
231
240
291
213
252
249
216
249
246
243
231
267
249
225
255
243
255
264
228
252
270
249
225
249
174
240
300
264
222
201
324
252
195
249
288
231
267
240
249
213
243
207
267
222
222
201
282
216
237
216
252
279
234
210
264
228
288
222
222
276
204
306
294
231
195
225
279
204
204
210
240
246
228
267
285
210
237
