234
252
228
228
210
270
234
183
228
234
234
249
243
270
216
312
174
228
246
297
267
207
264
240
312
264
255
189
249
285
270
252
246
210
204
189
270
258
255
258
189
243
258
282
252
195
228
228
276
225
207
246
264
225
189
207
207
279
219
243
279
237
264
216
264
273
237
237
228
213
285
222
228
198
249
219
237
225
270
276
249
237
258
264
174
234
246
213
234
246
246
216
252
207
237
225
237
213
300
249
225
249
252
249
228
258
195
213
225
186
243
186
288
231
267
282
282
234
216
219
291
249
282
249
162
258
225
246
219
270
219
255
213
255
234
261
261
174
222
225
270
210
288
243
225
267
261
225
240
294
195
207
195
198
225
237
234
285
246
177
249
234
237
249
207
237
228
225
192
264
240
210
267
219
216
219
294
237
228
222
231
225
228
210
234
324
246
243
234
228
234
228
231
237
237
222
300
207
270
228
231
252
255
234
258
168
246
231
249
183
198
252
204
249
210
252
249
303
231
231
252
282
222
234
297
285
213
201
246
204
246
237
282
249
225
243
261
219
252
249
246
249
246
252
243
243
258
288
249
267
252
234
213
258
240
243
255
243
240
228
273
273
234
228
261
252
264
180
210
192
183
255
213
192
231
252
264
243
204
189
255
225
216
237
201
249
252
231
225
213
246
270
255
192
264
246
240
246
213
228
