228
273
195
273
198
210
228
288
222
210
165
270
234
222
282
228
306
285
270
243
228
237
243
222
225
195
222
216
264
210
177
240
183
234
243
288
264
252
243
270
234
258
240
252
144
255
243
213
222
204
270
249
246
249
183
213
270
246
297
249
201
231
243
270
246
240
270
246
231
231
246
234
246
234
228
252
213
198
246
219
219
276
231
255
270
198
225
210
273
237
258
264
300
210
255
228
180
231
240
207
246
228
258
216
234
222
249
213
267
228
243
228
201
246
279
189
207
249
249
186
249
237
213
237
237
273
267
210
234
234
258
204
273
252
273
228
192
246
189
261
228
267
225
234
189
228
267
255
234
246
261
261
264
261
231
315
195
270
270
258
201
249
195
204
228
240
228
240
216
219
309
222
222
264
231
207
207
240
282
261
213
183
249
252
264
273
240
180
243
204
219
213
267
264
261
252
174
255
234
222
222
243
222
234
216
249
240
234
213
237
195
267
189
252
243
276
264
246
276
240
243
243
288
228
264
219
258
282
240
276
255
216
273
261
234
243
270
246
264
228
225
240
249
249
276
291
255
234
276
252
285
255
186
261
261
174
204
207
228
225
273
252
237
267
264
195
186
213
228
246
228
258
252
222
228
237
270
201
288
246
258
237
261
219
276
225
285
219
234
237
237
219
207
264
237
240
219
219
183
279
