267
267
243
234
249
192
249
288
192
213
222
246
204
291
195
237
234
267
192
231
255
240
264
282
237
258
270
240
225
282
243
219
222
258
249
234
249
276
222
264
201
264
210
231
219
279
246
216
279
321
288
213
282
264
261
246
168
240
291
258
249
240
246
225
237
273
267
267
234
258
243
246
225
255
243
255
195
303
213
237
231
228
222
246
219
270
201
204
246
204
267
237
237
216
213
240
246
237
237
219
237
228
201
210
168
279
246
243
243
210
252
228
240
234
300
234
273
207
198
219
315
270
228
240
252
249
216
252
243
261
240
264
252
216
267
258
225
207
243
225
270
225
189
243
234
213
222
234
249
285
192
237
249
210
216
240
270
243
228
267
255
207
201
258
279
243
249
228
231
237
246
276
264
258
270
252
246
318
276
246
279
255
225
189
270
210
249
219
279
231
279
246
282
237
204
240
204
243
267
258
192
186
252
249
240
288
219
204
207
219
216
258
255
234
264
213
261
249
297
219
225
246
234
273
237
246
249
222
255
219
186
288
225
309
282
237
261
249
300
225
255
228
231
219
246
234
228
246
246
210
240
249
243
219
246
210
219
240
219
231
231
279
276
228
210
270
246
243
261
240
228
189
288
264
228
285
219
204
246
210
249
237
231
231
240
216
222
249
219
237
237
249
261
204
252
246
225
222
204
207
