243
231
270
312
252
282
228
255
243
255
192
276
234
228
180
252
237
258
234
258
231
258
192
192
249
246
213
219
258
270
291
225
228
246
237
252
246
255
246
255
234
276
261
264
192
255
255
225
225
198
270
225
225
246
225
240
234
258
222
201
273
249
255
168
252
231
252
225
228
264
207
243
285
234
240
222
240
234
195
258
258
264
249
222
207
237
249
228
246
228
261
261
279
231
222
204
276
240
234
285
261
246
231
273
228
228
216
276
219
303
240
267
246
264
207
267
264
201
186
249
282
234
219
219
189
216
282
264
282
225
240
249
213
288
294
291
222
258
291
246
201
243
159
234
252
258
258
288
285
222
261
159
255
255
210
255
207
282
246
243
216
237
264
282
192
279
225
243
249
249
264
237
234
243
252
246
252
219
270
279
249
237
267
237
237
258
222
216
246
210
237
225
225
255
243
195
240
249
231
246
246
198
255
222
225
213
258
213
219
264
273
231
228
252
246
255
240
201
213
282
195
258
294
243
255
270
252
234
180
183
249
285
243
231
219
297
201
243
270
216
240
267
216
243
222
270
231
243
240
285
252
234
273
228
255
228
234
282
219
288
231
234
309
225
156
240
219
201
252
261
231
234
225
252
258
234
285
228
264
234
267
291
261
222
210
261
261
306
219
255
219
219
270
246
243
228
228
228
252
213
