255
258
249
282
219
258
210
243
279
240
255
231
264
237
276
231
249
255
234
201
264
237
261
246
246
288
255
249
249
285
228
279
219
258
237
204
273
210
234
234
264
222
264
261
273
273
264
225
246
273
231
192
309
273
246
255
297
267
285
237
195
222
201
279
264
249
258
273
240
237
243
294
225
261
216
273
252
225
264
213
237
231
258
225
264
234
204
219
243
237
264
300
279
237
210
204
186
189
255
273
237
264
213
267
264
276
291
267
246
279
195
186
207
246
225
282
246
252
231
219
246
288
258
285
243
258
249
213
213
222
240
243
210
261
267
246
252
243
234
234
219
183
243
258
231
255
252
213
237
285
192
243
237
183
246
237
240
231
201
237
264
246
228
243
243
237
288
252
270
210
243
219
240
291
198
252
267
282
285
225
258
267
312
234
198
228
237
213
222
285
252
195
246
288
258
219
192
288
264
201
189
228
225
243
231
258
240
261
240
222
219
225
219
264
219
228
264
222
273
258
234
228
237
246
255
216
222
216
258
210
264
234
252
240
270
198
249
261
255
237
237
252
234
219
288
228
237
213
234
312
261
225
213
297
261
237
201
204
240
267
222
237
222
258
258
210
264
237
237
219
213
258
249
273
273
252
213
243
234
267
282
240
270
249
216
267
228
195
225
246
234
204
234
243
258
261
210
255
282
210
