210
237
219
273
258
219
180
249
192
282
267
282
189
285
246
204
261
252
228
216
210
255
228
222
237
270
303
228
258
264
231
303
216
231
255
249
225
195
225
183
216
186
282
240
213
261
219
234
267
222
204
207
261
195
240
204
297
342
246
213
255
252
261
264
288
249
216
222
243
222
201
267
225
237
249
294
243
237
252
213
258
204
267
246
231
237
219
303
249
258
237
240
282
222
189
243
243
210
252
255
219
228
237
285
276
264
240
204
267
225
240
252
180
228
207
279
246
291
249
276
243
237
207
249
312
243
249
237
252
201
225
210
222
240
267
246
216
273
183
255
231
207
273
228
270
258
282
255
156
210
246
282
222
255
288
243
285
291
237
228
231
228
255
240
213
204
267
207
213
210
237
255
234
261
216
222
198
216
225
186
237
243
225
246
207
285
282
222
243
270
213
207
237
201
282
228
219
216
279
234
216
231
270
243
249
219
237
255
234
294
216
228
252
261
228
231
213
240
240
258
225
288
219
195
216
243
246
174
264
252
219
264
222
267
279
216
273
300
234
231
285
276
231
282
234
279
228
234
225
225
288
270
228
267
267
243
255
279
213
228
264
213
273
270
231
237
258
252
243
231
246
261
228
183
258
216
201
228
240
213
258
225
222
219
249
246
252
207
240
222
243
261
192
252
246
276
246
243
210
255
