234
252
249
264
204
282
255
234
225
246
219
300
219
216
222
252
261
237
186
249
267
210
204
246
249
249
261
243
225
219
234
207
273
237
282
246
255
243
219
276
219
270
225
237
246
195
228
255
318
222
252
294
240
189
234
237
261
270
264
312
243
228
255
225
237
189
216
267
258
258
231
246
297
192
267
210
273
222
258
249
225
231
261
234
189
267
261
309
225
225
249
273
258
246
246
177
231
294
255
210
261
270
234
273
225
228
267
252
261
192
246
240
222
225
270
222
246
204
219
267
171
273
246
219
231
243
261
213
264
252
228
240
225
300
243
252
246
225
225
279
309
201
213
216
195
228
222
222
252
228
234
267
270
267
207
252
210
219
267
222
273
249
222
231
219
180
222
267
276
243
222
252
204
231
270
222
192
255
288
213
192
261
207
228
288
237
246
243
264
213
252
180
204
201
240
258
270
252
267
234
228
231
225
231
270
219
255
249
258
261
276
225
207
231
234
267
201
219
237
237
300
213
243
297
252
270
231
267
192
201
201
201
225
219
216
249
321
249
231
267
258
216
243
255
234
258
228
222
219
249
162
258
207
237
282
258
231
246
210
267
228
243
222
216
237
219
231
210
201
249
231
264
291
210
231
273
282
264
222
225
216
228
252
297
240
186
210
246
234
237
198
240
207
186
252
255
228
234
207
234
