210
189
216
243
189
243
225
219
249
249
213
243
204
252
216
249
234
222
222
198
228
237
246
267
216
207
177
249
285
282
255
267
195
198
231
240
228
282
258
222
213
237
237
255
258
222
288
249
282
276
228
264
222
234
189
246
279
255
261
258
195
240
261
219
228
234
240
213
207
270
210
252
252
273
282
207
258
228
222
258
210
231
222
237
225
198
219
198
249
264
246
255
228
243
204
222
240
225
255
276
228
240
186
204
252
255
237
252
222
273
249
243
228
231
261
219
243
189
243
210
219
285
210
222
243
309
246
240
186
240
207
252
297
270
255
267
264
243
243
204
234
201
234
249
264
204
234
243
222
228
189
249
216
213
231
276
249
186
228
285
243
264
246
264
186
234
234
225
234
213
225
273
189
246
270
249
240
243
216
234
192
243
261
252
249
258
210
222
249
201
216
213
237
246
198
264
243
237
267
228
204
198
246
243
213
276
255
231
249
243
174
231
246
204
240
186
279
195
240
234
228
258
231
207
213
264
300
249
273
243
240
213
258
219
270
258
207
219
270
189
258
207
213
225
267
234
249
186
249
252
267
222
270
213
264
195
255
222
306
213
243
222
276
237
183
225
192
225
255
225
237
246
261
183
255
279
264
297
234
228
243
249
282
219
264
273
255
210
219
228
228
255
249
231
255
231
222
273
255
201
