252
213
261
249
234
231
249
207
288
240
264
279
270
234
255
246
234
225
246
216
210
207
261
258
261
207
231
252
288
225
246
213
243
258
261
240
207
261
249
222
261
237
231
204
222
195
264
252
222
279
279
264
240
222
246
249
261
219
243
213
243
204
234
228
243
195
255
261
219
240
201
246
258
210
258
267
216
231
237
234
222
243
243
207
234
240
228
219
216
192
255
255
195
234
216
252
258
219
282
228
306
237
192
276
234
249
258
252
234
279
252
240
249
285
219
234
279
264
228
216
249
216
198
210
216
216
219
216
249
201
321
210
279
255
255
243
264
249
249
228
243
273
231
282
258
261
222
222
219
234
246
204
282
246
243
231
246
219
201
216
243
249
213
234
189
243
195
213
216
258
255
270
267
279
255
240
210
264
174
216
240
243
225
255
198
228
219
252
225
240
255
240
231
231
219
252
330
192
201
249
279
246
255
234
261
231
255
240
243
237
210
234
279
213
234
246
243
276
234
228
282
264
237
270
210
246
261
237
240
276
246
243
240
243
243
201
264
270
240
267
222
240
261
210
228
249
225
231
225
222
228
216
249
255
252
258
210
249
207
219
258
270
291
255
201
219
243
249
198
222
186
288
234
234
237
255
270
225
246
270
294
222
213
252
198
249
264
258
228
213
228
288
282
258
234
222
255
225
249
243
