207
261
264
222
207
261
231
255
222
285
216
243
207
228
273
225
252
279
255
261
222
246
267
255
237
228
249
273
234
264
210
252
219
246
291
258
255
288
243
219
207
240
294
249
264
276
231
249
270
291
270
258
234
231
249
201
204
225
252
219
246
240
225
297
234
222
228
285
255
249
267
261
222
258
231
201
219
246
219
198
219
234
261
261
258
231
255
246
231
261
240
246
234
285
207
258
210
186
189
273
258
228
246
219
222
279
204
255
303
252
252
213
240
246
261
219
216
294
231
246
264
234
294
282
243
276
204
234
186
276
234
216
252
192
201
231
252
225
183
240
234
276
234
240
228
279
231
282
234
249
234
234
240
282
243
228
228
264
300
309
195
243
228
255
273
249
264
297
228
249
264
282
222
225
198
246
252
237
267
240
252
222
237
234
249
219
258
291
246
213
237
240
219
207
231
243
249
258
240
198
267
270
204
264
234
213
285
204
222
237
264
273
198
207
285
222
237
243
252
261
216
249
261
246
207
255
258
240
222
258
222
207
210
222
243
285
243
249
279
243
243
234
246
249
201
249
222
297
231
252
258
243
261
231
231
177
243
228
261
261
210
237
270
270
246
225
234
228
276
234
273
246
249
222
264
255
228
288
234
207
255
264
267
273
222
258
234
216
207
237
195
216
195
234
225
213
222
198
237
219
