225
249
219
228
258
258
264
261
243
270
222
162
240
234
246
246
204
249
210
234
237
210
219
285
234
231
240
249
234
210
252
210
213
234
270
231
231
237
273
234
219
174
246
216
297
207
264
243
225
267
228
288
249
252
291
303
210
261
291
234
225
279
273
273
204
195
243
264
189
276
213
201
249
201
243
201
222
225
249
243
240
228
246
195
192
279
252
216
234
243
291
213
255
189
216
240
225
222
243
279
210
261
213
219
285
204
270
207
255
246
237
228
183
207
270
276
288
198
210
246
225
198
285
252
231
267
231
234
249
222
264
264
252
234
216
228
234
195
258
177
285
213
276
192
300
207
252
240
219
216
249
219
258
252
201
291
240
261
276
219
258
261
219
219
282
231
276
252
228
237
225
255
231
231
255
243
219
225
237
282
339
231
240
210
231
210
228
249
231
243
222
246
285
270
234
204
228
222
225
243
213
228
177
285
228
243
237
243
174
201
204
237
219
210
243
237
228
237
252
234
222
240
219
249
237
267
246
258
228
216
249
279
234
285
222
225
258
219
213
282
240
264
210
213
255
216
258
210
249
252
237
282
258
282
234
294
225
210
261
228
234
234
210
255
267
210
231
177
282
255
231
234
267
228
237
252
243
240
264
234
228
234
198
258
273
168
240
255
264
186
222
276
252
219
231
249
270
354
270
222
