237
240
234
207
213
216
222
213
240
261
210
237
216
258
312
225
276
237
204
258
282
213
192
264
207
204
258
267
219
249
237
222
240
189
207
222
246
186
243
219
270
270
225
252
282
192
267
261
282
255
243
237
252
249
234
279
240
267
276
216
246
216
225
213
249
243
246
264
225
222
237
276
234
210
291
240
267
237
312
225
210
318
189
267
255
270
249
255
252
225
267
255
228
219
225
258
258
249
219
183
225
228
285
216
255
216
258
270
189
285
231
231
237
246
231
237
285
213
285
228
243
186
315
243
240
279
228
252
279
219
210
228
228
216
231
282
246
237
237
240
267
243
234
222
270
216
234
270
219
252
237
231
255
243
225
225
252
267
264
219
213
252
276
222
216
222
234
246
246
213
174
225
240
186
279
246
231
273
243
219
228
225
213
219
261
204
258
234
213
213
255
234
255
225
234
234
276
258
207
231
186
213
249
300
261
237
270
270
216
258
243
213
237
222
264
246
216
231
234
255
261
216
246
222
246
246
219
291
264
282
225
249
219
207
258
255
201
201
213
216
234
276
231
234
231
255
246
252
249
237
189
261
201
201
246
222
249
210
213
219
240
246
213
267
231
264
210
255
201
279
171
276
171
255
273
186
258
255
243
261
225
237
195
210
267
267
258
231
258
210
285
270
321
267
231
294
234
240
225
264
