243
261
246
264
222
216
198
246
234
252
240
243
231
204
225
225
252
228
234
240
267
231
240
258
264
267
216
312
195
291
234
240
243
252
252
264
258
216
228
198
234
258
237
231
240
252
246
285
258
216
231
336
195
192
261
291
258
216
279
222
255
249
213
195
243
231
327
213
261
258
219
252
252
255
237
258
288
231
186
228
249
231
228
228
252
270
237
228
180
207
267
228
237
243
207
225
234
240
201
231
243
231
225
273
255
243
243
270
240
276
240
279
273
261
246
222
207
222
231
201
270
198
276
282
255
291
252
216
210
237
246
195
240
252
261
240
231
180
228
273
228
225
297
252
222
279
213
264
258
273
276
237
228
261
297
243
198
204
300
258
189
213
222
237
240
207
222
210
237
252
261
252
195
225
294
231
240
234
225
261
225
261
249
207
267
216
255
198
222
180
228
222
210
246
273
249
255
261
231
231
180
255
288
225
162
231
249
246
258
234
261
204
237
231
246
219
285
234
249
228
249
234
198
315
210
195
237
243
210
249
270
183
231
252
264
231
213
282
237
210
279
285
264
255
216
222
255
234
225
249
276
237
228
264
216
258
285
252
228
231
255
243
243
240
255
282
270
258
246
273
273
219
276
186
237
267
246
216
264
258
252
231
255
258
258
225
318
183
216
231
249
234
228
207
225
336
291
216
234
255
