276
276
207
234
228
201
216
234
249
270
180
231
231
225
288
252
276
237
234
213
312
270
240
201
294
252
234
258
261
264
243
231
204
249
204
237
198
222
276
228
258
306
213
258
249
261
219
201
264
237
276
168
219
222
231
303
228
249
246
264
267
255
198
249
225
240
240
219
222
246
195
252
237
249
225
297
231
261
267
222
246
234
210
273
237
255
264
258
249
234
249
231
264
258
216
240
264
213
237
249
261
249
258
246
198
255
291
255
255
255
228
231
273
282
261
237
210
216
237
285
264
267
324
207
213
255
288
264
246
228
216
285
240
210
234
252
204
204
219
243
234
246
204
255
315
264
237
276
252
228
201
240
270
270
168
258
186
252
222
276
231
273
231
210
279
222
243
273
219
210
201
249
240
234
270
198
249
213
252
258
225
249
240
240
246
282
225
291
216
195
234
216
291
234
192
270
234
204
228
204
219
264
231
243
222
246
243
216
195
213
279
243
213
249
192
234
225
312
270
249
234
246
216
261
192
219
243
189
264
285
216
267
225
198
219
258
264
249
288
294
225
288
201
201
276
249
192
276
267
234
216
192
243
213
237
234
222
270
237
237
216
231
225
219
288
264
261
246
252
255
216
231
258
255
219
249
216
261
279
255
276
216
237
234
237
222
219
225
222
267
240
231
246
210
198
282
264
297
273
261
