885
978
894
894
1011
984
1002
951
1017
915
939
918
969
945
990
969
969
954
903
900
933
1053
903
930
948
936
930
924
1053
954
942
1071
1020
831
918
1014
1062
996
1008
1011
909
945
1050
999
903
960
918
999
990
927
975
948
909
966
897
1005
942
1017
963
1005
936
1011
996
942
966
999
864
1041
960
882
1023
996
960
927
966
963
867
981
969
1074
999
951
978
987
879
1038
957
999
942
1008
906
852
957
912
768
930
1071
1014
918
909
981
984
861
1008
957
894
984
915
960
867
972
948
954
936
987
1017
1050
966
951
1008
849
999
861
894
933
897
1023
1002
981
981
1008
957
1011
972
966
906
996
987
930
969
972
1029
864
1044
1035
942
936
963
939
1023
1020
999
984
981
936
951
942
885
1011
1017
975
1017
885
924
897
897
1032
1011
894
966
1080
1050
933
1020
915
1017
1038
996
906
978
1020
960
954
975
1065
876
978
933
990
897
963
927
918
966
996
1002
1011
948
849
990
930
999
963
996
954
867
948
975
1041
1062
1017
921
1038
921
954
1059
996
879
927
954
930
954
948
927
906
921
993
951
975
933
945
924
975
948
999
996
1032
1023
1056
978
957
1038
846
969
906
867
930
936
948
951
1008
945
957
999
912
954
909
1035
936
897
1041
966
1005
942
987
996
1011
882
810
912
963
984
960
984
990
891
816
1038
936
1002
930
963
903
975
996
996
918
1047
906
870
1041
1032
963
912
954
1005
840
933
990
993
