210
255
261
270
201
228
252
234
228
255
180
210
258
261
234
258
228
285
225
225
240
282
225
228
243
156
267
237
225
237
225
240
279
270
246
225
243
225
225
213
216
204
231
246
207
195
261
264
252
210
231
249
216
246
255
258
270
258
204
252
234
222
252
195
261
264
198
234
261
228
258
228
219
234
222
270
297
222
291
234
183
246
315
291
270
225
243
267
249
276
210
261
273
213
216
252
282
234
234
243
240
237
243
201
276
210
240
255
276
228
306
282
231
264
255
255
246
201
252
246
195
279
261
258
297
291
204
264
207
255
225
228
192
225
264
270
228
246
261
225
237
276
198
255
183
204
225
201
282
240
204
219
186
270
216
237
240
258
234
273
225
207
225
231
249
207
273
183
243
240
255
213
237
267
261
246
249
264
288
261
207
213
246
210
279
267
249
216
216
258
240
213
234
207
246
297
219
237
204
225
222
228
249
237
228
282
228
192
201
237
243
243
192
252
213
198
210
273
288
231
231
249
225
258
252
261
264
219
228
258
225
234
210
240
234
249
216
279
234
261
225
234
210
279
228
264
189
189
282
255
264
228
285
237
279
177
246
222
255
240
207
261
267
222
240
219
216
249
210
267
246
252
237
276
225
198
249
243
243
195
246
192
231
222
189
180
255
228
231
225
243
276
225
246
210
243
207
240
240
210
