1041
975
1089
954
957
972
954
1017
978
1092
1032
1020
1008
888
921
933
1059
1077
981
978
936
966
993
921
984
981
1023
942
966
1017
972
945
942
990
906
963
981
975
936
966
933
855
939
969
969
951
948
948
1011
969
1029
1014
912
951
930
900
960
1002
990
972
921
1062
1008
918
951
924
1008
960
975
915
915
963
915
1014
1041
858
933
861
999
924
948
966
936
861
990
918
1002
921
900
957
966
999
1014
861
909
912
1017
1032
1101
918
945
843
1098
936
1029
975
924
993
915
999
867
924
909
1023
984
876
978
948
1026
1104
1041
909
1029
984
1032
870
891
903
1002
975
942
1044
993
870
912
930
957
996
873
1083
879
993
975
1044
927
951
966
885
951
1008
876
972
1005
954
927
951
963
882
999
939
1035
942
885
963
897
1047
873
936
909
1002
966
954
1008
963
969
945
1029
882
807
885
1002
870
978
882
972
855
864
927
1026
1095
978
948
999
951
951
954
939
927
1068
1002
951
954
993
981
984
957
975
999
972
933
1017
963
924
921
963
1032
990
981
999
888
918
1023
879
939
957
912
966
963
864
969
957
1005
981
951
984
933
966
882
1038
1038
945
981
942
957
963
1050
924
981
1011
1032
879
1044
990
918
966
963
972
954
951
1053
972
909
996
1005
975
1020
927
984
1029
969
978
918
975
933
915
990
921
939
993
987
945
897
1047
894
984
936
906
939
981
909
954
945
924
885
951
906
936
894
915
987
