261
240
240
240
276
258
228
207
204
258
216
228
246
252
225
243
243
231
306
243
219
225
192
204
270
219
225
288
225
288
267
246
189
255
240
300
264
231
258
246
282
249
207
261
273
198
258
222
273
213
270
249
234
276
231
252
213
198
198
234
240
231
237
207
240
234
207
237
213
279
216
273
207
273
246
261
204
252
279
207
258
216
237
282
267
231
222
246
243
228
243
228
192
252
222
222
273
237
228
264
195
225
249
213
243
246
240
234
246
243
234
228
216
249
243
198
210
222
258
201
282
243
249
222
279
291
246
243
225
252
222
174
240
267
237
234
279
231
225
261
255
240
264
219
240
252
222
258
252
249
255
183
237
285
249
252
252
216
282
246
204
222
186
249
225
261
234
276
246
279
231
216
219
249
198
228
213
249
210
231
243
240
282
252
249
237
312
231
222
207
270
231
279
222
228
255
207
210
249
231
192
252
234
246
174
252
249
237
255
249
201
282
246
219
303
270
255
273
237
291
210
225
258
237
252
216
198
222
267
198
231
273
189
237
252
228
228
228
258
228
267
264
267
270
261
234
252
207
306
228
195
213
246
270
216
189
225
276
276
252
210
285
267
216
261
219
255
192
216
234
231
249
219
246
270
228
189
270
210
219
228
165
240
279
249
210
234
186
189
255
249
231
252
216
216
192
291
228
219
237
