258
171
324
228
285
240
222
222
213
255
213
246
270
231
276
228
240
237
264
231
207
237
222
309
237
255
276
219
261
243
234
228
270
252
216
246
219
237
207
213
261
261
207
207
273
243
279
237
255
225
201
300
237
213
216
267
288
237
270
240
210
225
228
225
219
258
228
216
267
216
222
216
258
213
225
222
216
231
234
240
243
273
216
240
243
210
291
270
252
267
228
180
282
231
288
237
306
198
261
246
231
288
207
228
213
234
252
261
213
243
252
228
240
201
204
219
222
243
240
300
249
216
219
228
234
264
228
267
234
228
204
243
243
261
207
267
213
249
213
231
279
210
276
198
237
237
261
225
228
264
228
252
216
216
213
291
231
210
240
276
228
252
201
189
201
249
246
249
246
231
243
210
204
249
216
258
240
204
177
243
228
261
273
240
252
210
192
273
234
243
249
225
246
279
222
243
258
258
258
207
216
237
234
213
207
219
183
246
198
222
246
249
261
285
240
231
222
282
222
225
228
201
225
237
177
216
243
231
240
273
234
276
261
201
174
258
276
237
261
258
297
270
240
219
258
207
270
228
246
246
216
216
255
252
225
279
246
213
279
201
258
234
204
228
240
213
273
207
186
207
225
255
252
228
240
201
264
252
234
267
225
222
198
270
258
249
240
219
231
234
252
249
228
228
219
273
243
204
231
246
