258
261
231
225
225
249
216
264
243
252
225
255
240
234
249
300
261
231
228
264
285
264
258
198
207
249
264
186
252
252
225
219
237
276
255
204
243
279
213
216
231
189
261
264
225
246
270
222
261
204
276
210
270
249
249
240
195
273
246
264
267
222
210
210
213
210
261
285
279
255
240
258
204
279
210
282
237
192
240
246
237
255
249
243
195
246
216
258
240
231
228
270
216
261
234
252
276
264
210
207
192
195
258
285
192
213
279
213
276
243
273
261
267
234
225
183
219
225
234
225
234
234
228
249
258
240
258
207
195
228
285
264
249
219
285
264
222
252
228
264
321
201
264
219
195
231
252
228
222
243
243
183
252
234
252
222
240
249
216
249
252
237
234
237
246
237
249
270
279
228
228
270
249
264
222
261
297
240
237
261
231
240
189
237
204
267
183
255
279
255
249
213
225
201
237
198
237
201
198
246
258
246
186
222
210
195
246
222
207
261
246
219
255
306
252
234
207
246
201
228
231
216
225
228
195
273
273
270
264
294
243
228
225
213
189
222
252
237
246
234
222
228
267
252
273
267
210
201
294
207
246
219
258
204
228
240
243
246
207
228
249
231
261
243
201
249
267
240
207
225
180
264
258
240
258
225
252
249
213
225
249
228
246
222
219
267
345
282
243
225
273
213
186
231
264
192
249
234
276
255
