261
231
255
225
273
219
264
240
246
237
240
225
246
282
240
258
252
264
243
249
231
291
294
207
246
243
249
198
216
222
264
228
216
189
231
261
237
258
264
270
222
234
252
261
258
234
246
255
216
255
204
276
252
225
282
243
261
252
258
219
240
222
276
255
231
228
258
252
243
222
273
261
258
255
261
267
291
222
252
222
246
204
252
222
237
225
231
264
225
237
207
225
234
222
210
201
228
195
255
240
231
249
213
279
279
249
219
264
228
243
240
246
258
234
216
291
264
225
240
225
222
213
240
267
270
204
237
201
255
234
267
246
285
168
252
222
255
207
255
192
216
240
213
228
228
282
231
249
234
231
264
279
231
231
204
246
252
204
288
249
246
213
294
222
195
234
222
258
234
279
216
237
240
240
282
243
234
240
237
255
198
219
252
285
231
258
225
243
243
240
276
222
249
258
231
237
213
237
228
198
264
234
234
231
222
201
243
255
258
285
207
249
210
249
246
213
276
210
219
255
246
243
231
237
237
240
231
195
306
243
270
279
240
207
189
192
225
222
237
177
264
213
249
264
207
273
207
231
219
240
267
243
219
237
219
225
207
249
255
282
246
249
276
222
252
267
267
228
234
237
243
210
234
246
234
258
222
243
297
234
246
237
264
258
216
267
294
258
210
231
189
237
249
270
198
291
201
234
273
282
