1077
996
1026
849
936
945
975
996
873
1047
963
948
954
972
960
996
882
924
897
1041
972
1005
786
915
942
990
1014
930
963
966
918
1014
963
1008
909
930
1005
1023
930
954
921
918
960
966
1050
897
945
1017
975
969
921
981
933
960
1035
963
1050
966
954
948
945
993
951
942
921
1002
1011
1047
912
918
879
969
1029
951
981
894
1041
984
1053
888
951
939
1026
1032
969
1014
921
948
921
999
960
1002
999
900
969
1011
981
879
966
1035
930
891
915
1011
879
969
912
996
1026
912
978
1056
930
1011
1014
999
993
969
1041
1047
1059
912
927
909
975
924
933
1002
888
999
936
966
954
921
915
945
876
984
975
996
969
1011
999
912
933
888
924
909
966
993
921
882
1029
966
903
924
996
1017
1074
966
960
966
972
1005
1026
1005
918
912
960
924
954
894
951
1005
1014
975
957
909
975
972
1014
951
906
945
1005
873
939
900
1011
1002
930
876
1035
1002
1005
927
918
948
813
960
951
900
924
864
1005
942
981
912
1068
918
1053
951
1089
924
975
1002
1023
876
900
1008
1011
1020
987
1041
945
978
1023
951
1068
975
1020
876
870
1086
1020
930
936
936
900
1056
966
942
867
972
912
921
969
921
903
957
1029
990
936
957
867
1002
885
1035
939
1014
960
861
996
1002
951
894
924
1011
954
969
894
894
1029
924
1035
957
1011
918
894
951
942
1071
1008
1023
900
900
963
927
966
972
1020
975
978
909
987
891
879
852
954
921
