228
243
237
261
279
210
231
246
282
204
258
231
231
312
267
291
189
222
228
237
249
222
207
255
225
216
201
255
246
255
243
228
264
210
237
237
282
282
264
252
291
228
252
237
294
291
261
237
267
273
198
303
261
288
255
255
231
216
255
261
252
267
252
237
213
261
204
294
201
216
228
216
240
216
213
267
246
237
222
228
216
231
237
219
225
243
189
201
270
222
276
222
264
270
258
264
225
294
231
282
255
267
270
216
255
261
237
261
195
279
264
222
228
216
243
249
210
261
228
231
210
231
264
207
237
216
276
279
237
258
270
213
252
258
198
216
225
252
267
228
222
222
249
243
255
213
216
234
228
216
249
216
219
243
222
177
270
207
276
228
180
207
222
276
261
240
225
228
180
258
234
279
243
258
252
231
255
282
258
201
225
252
180
279
261
255
213
264
237
252
246
228
234
273
297
240
243
222
234
255
264
195
252
207
243
288
249
231
264
228
258
264
225
312
168
219
276
234
228
225
189
213
231
267
258
252
234
255
279
243
207
192
243
219
228
297
291
258
231
291
201
231
261
273
246
240
234
252
279
252
219
195
282
246
213
285
255
261
240
297
258
192
288
216
249
255
210
204
225
243
255
282
243
252
219
234
228
285
261
249
246
225
234
207
219
192
246
246
219
252
228
258
258
234
294
204
225
213
216
234
