231
243
210
237
234
252
225
294
231
276
156
231
246
201
249
279
207
219
225
198
219
258
186
228
270
213
192
225
306
264
255
255
231
234
279
240
249
216
192
246
249
204
243
270
228
225
216
249
219
243
273
216
213
243
255
285
231
180
267
246
273
234
225
243
276
234
261
237
237
273
252
261
237
201
216
249
219
228
201
234
207
279
252
246
291
246
252
249
264
195
225
231
213
231
237
228
279
234
306
237
225
201
225
273
207
279
222
246
252
189
195
252
234
279
249
255
228
228
258
204
255
267
249
297
252
222
285
249
306
237
237
228
237
225
243
234
288
234
264
264
234
219
240
276
267
300
234
237
231
243
186
213
207
270
219
228
240
234
237
306
243
252
243
264
255
240
249
282
222
228
207
249
225
225
240
261
237
291
246
231
249
246
261
207
231
240
285
234
270
237
276
243
234
240
228
267
216
249
303
240
240
219
243
258
255
276
252
258
213
228
240
273
249
273
288
213
282
231
231
264
198
285
273
195
303
228
258
291
219
222
270
264
204
195
153
201
264
216
246
228
228
303
246
246
270
213
243
246
252
207
213
291
231
252
258
201
267
237
288
240
249
210
204
207
264
240
261
243
216
297
240
261
225
210
264
255
198
270
222
258
234
234
201
237
213
210
240
276
222
285
279
165
210
195
267
207
270
243
273
204
