225
273
240
204
249
207
240
225
270
225
237
246
243
213
252
192
303
240
225
255
237
231
207
288
201
222
219
249
225
255
186
282
252
264
204
261
255
228
267
246
213
222
243
222
231
219
222
243
219
219
210
228
216
276
237
258
261
258
222
270
156
243
240
252
195
213
225
291
219
264
207
252
216
270
264
255
237
243
222
228
201
309
243
222
219
252
249
183
186
252
243
261
231
234
237
204
243
264
216
204
207
282
261
261
210
210
219
279
237
189
273
270
198
228
237
243
249
222
282
261
258
213
288
231
261
216
234
201
219
264
219
264
240
273
216
240
255
273
225
240
270
270
252
222
231
225
222
270
222
240
207
192
267
246
270
300
312
186
204
279
246
231
222
234
228
261
225
270
228
246
252
243
165
276
234
210
225
267
240
201
261
276
234
219
195
216
249
234
222
192
228
279
258
237
195
225
276
291
240
207
225
285
210
228
285
216
264
267
189
225
222
240
294
246
222
234
216
252
255
228
219
237
213
246
231
261
291
204
237
234
255
273
195
210
255
228
279
222
225
267
234
243
252
318
219
249
252
279
267
312
291
252
267
213
261
240
252
219
228
249
192
237
279
237
231
246
219
234
258
237
210
240
222
258
270
216
270
273
222
162
282
213
216
267
228
237
270
231
234
291
273
228
216
231
267
210
243
228
231
231
