255
264
258
219
240
234
273
240
264
264
234
225
243
270
276
252
300
273
267
276
261
201
210
261
231
261
267
258
270
222
243
246
252
261
258
228
213
309
225
225
246
189
255
252
237
210
276
216
273
210
219
228
282
210
237
276
276
243
231
201
237
213
282
234
225
261
228
207
228
219
273
255
234
303
228
267
231
267
192
234
264
264
234
222
213
198
225
270
228
240
270
318
216
282
198
219
237
276
285
258
225
240
252
258
201
243
234
258
216
219
237
204
246
234
192
204
213
273
237
261
273
225
264
276
279
252
246
273
249
276
231
246
219
201
213
270
261
216
231
255
243
249
267
267
252
195
219
261
258
270
228
240
252
240
201
207
186
264
210
249
195
267
261
225
246
231
252
207
231
222
243
261
237
228
225
267
249
291
252
273
270
255
246
294
252
252
234
198
225
198
234
189
201
180
270
261
210
222
231
270
291
276
255
273
171
264
264
267
252
177
177
249
309
237
249
189
231
270
228
264
240
240
225
300
222
198
219
237
276
207
243
222
255
234
246
234
231
288
216
279
237
204
210
243
213
276
225
213
201
231
261
240
288
249
261
216
228
258
255
228
255
243
201
240
195
219
219
228
210
210
243
276
270
258
216
225
207
285
228
294
219
264
255
207
318
225
189
240
252
240
222
273
252
249
237
273
258
282
213
243
