258
216
252
240
201
228
243
231
255
234
234
213
243
258
261
273
210
234
246
252
249
282
258
177
198
246
252
231
240
243
246
195
234
228
225
228
264
234
216
291
228
237
210
222
216
276
273
258
273
264
213
246
273
243
285
228
234
219
231
312
240
273
255
240
279
255
213
231
285
240
270
219
249
246
267
255
219
285
216
270
219
207
213
258
189
246
240
300
240
264
237
234
249
225
228
258
207
267
273
243
267
231
222
210
216
234
240
219
192
237
207
201
231
213
240
204
198
285
276
273
243
246
261
252
237
234
210
243
231
204
231
291
231
264
258
198
249
258
240
237
195
249
246
207
246
249
201
237
243
267
243
285
264
267
216
234
237
234
216
246
240
225
249
249
156
258
246
291
189
207
243
246
234
234
228
288
216
258
231
228
267
273
234
279
237
219
219
261
210
249
234
261
231
246
273
219
249
210
240
186
234
255
240
243
225
201
225
234
246
303
288
252
240
231
240
243
255
207
234
255
234
294
213
243
225
204
270
210
195
222
243
198
255
207
255
243
222
231
267
246
207
213
258
255
279
222
285
219
255
258
294
201
240
252
267
234
303
216
222
204
294
219
273
231
255
288
216
234
264
225
270
270
270
258
279
252
210
261
216
246
216
258
249
258
225
261
288
240
270
204
243
240
252
267
255
273
258
189
237
213
