207
231
246
198
243
252
231
228
237
234
216
264
249
240
321
261
267
219
237
225
234
261
267
189
237
258
279
249
210
219
240
225
276
234
231
231
315
219
180
204
240
213
252
291
216
192
228
237
264
258
222
234
213
264
267
264
198
228
261
255
273
291
240
249
213
261
231
270
222
261
258
219
228
201
258
231
210
225
249
234
237
246
249
246
231
252
264
243
264
234
222
228
264
252
237
252
219
237
252
222
204
216
258
270
231
225
207
249
210
210
282
246
210
216
219
264
237
255
252
225
240
219
231
234
216
300
186
237
228
273
195
243
231
207
210
246
222
225
249
198
243
240
261
228
243
270
219
243
243
207
243
228
198
240
240
246
255
246
219
255
210
237
204
285
231
231
213
210
243
264
240
237
222
204
246
252
186
246
288
222
207
255
285
276
210
228
240
255
264
252
231
273
264
225
249
276
219
258
219
282
252
228
231
207
228
204
177
198
204
255
225
264
240
258
198
174
246
228
237
288
252
243
246
264
279
186
273
222
273
243
222
228
243
267
261
234
222
255
213
216
261
237
264
270
228
240
228
180
258
255
243
225
195
216
225
261
240
210
183
267
261
252
255
246
231
228
273
246
204
219
267
225
270
270
243
228
234
243
258
255
204
246
234
240
252
267
279
225
204
240
219
225
201
198
204
243
249
300
243
252
