225
240
225
222
198
258
264
210
234
183
246
240
228
282
246
240
300
261
267
228
234
198
246
294
267
225
204
240
225
237
210
321
246
240
270
285
174
213
264
240
243
273
231
234
201
240
228
237
246
228
204
258
198
195
243
240
237
228
192
240
276
222
216
240
231
270
192
237
228
198
252
237
186
261
213
228
195
261
237
282
270
204
219
243
246
234
267
204
258
210
264
213
252
204
219
258
195
210
252
288
252
270
288
222
213
234
285
261
228
192
246
243
282
270
246
243
255
216
306
207
249
270
213
210
261
261
285
285
270
246
216
234
240
282
243
240
240
249
213
261
222
216
264
258
231
261
231
216
219
219
225
246
237
237
204
246
213
228
252
258
249
243
237
279
213
231
267
180
237
171
198
249
180
189
231
219
231
249
222
264
192
201
261
282
186
249
183
261
261
231
288
267
270
273
216
267
231
204
282
243
231
234
243
252
228
213
228
234
246
204
222
210
264
228
288
243
216
267
285
210
234
219
243
207
222
243
285
213
234
270
240
243
207
240
267
246
240
234
192
267
258
234
228
183
285
219
219
246
270
210
216
255
240
198
228
243
240
195
231
273
231
255
213
243
264
222
204
267
228
237
189
270
276
222
231
285
264
234
237
225
243
249
210
267
225
279
231
240
225
222
252
249
204
270
261
264
237
246
255
240
