240
267
228
219
237
228
213
258
243
255
246
282
192
243
243
243
198
192
246
222
204
237
234
273
231
225
243
234
249
240
243
261
213
231
219
195
273
216
252
243
264
207
282
267
219
216
246
207
258
207
246
177
213
219
276
234
204
222
183
222
213
267
207
246
252
213
255
270
276
261
291
231
264
270
264
219
219
252
192
246
210
261
177
222
216
207
222
234
213
234
300
237
219
243
228
240
201
255
207
234
210
204
192
222
258
270
216
237
222
228
207
291
249
252
291
207
297
285
216
210
240
240
231
273
210
189
201
273
264
219
273
237
228
186
249
234
240
243
240
243
204
222
276
255
234
255
273
240
237
294
222
222
282
249
210
225
270
282
219
219
228
231
210
243
267
261
273
228
246
228
264
219
234
234
240
210
225
291
237
267
279
237
231
207
252
264
276
273
189
246
231
201
249
285
231
225
210
231
207
258
243
222
228
219
279
228
231
249
255
219
201
246
252
249
264
309
249
189
237
219
210
270
186
249
210
258
240
219
240
240
270
321
234
258
258
267
246
258
267
201
258
210
234
261
210
204
237
252
246
240
291
183
234
255
282
267
222
252
228
222
267
246
234
249
258
198
222
231
213
210
222
291
213
252
273
270
255
231
219
252
279
273
195
213
216
219
240
249
225
210
213
213
282
249
237
276
195
255
210
246
