216
276
222
231
273
216
255
258
234
237
324
201
252
297
243
201
204
213
255
276
234
210
216
204
243
255
198
183
255
219
261
267
252
201
237
282
225
231
216
228
261
279
264
192
228
225
246
198
225
231
255
252
225
237
276
240
231
264
225
234
168
300
246
213
249
240
258
210
234
231
204
219
210
261
225
276
303
246
279
255
207
174
261
231
240
255
252
240
240
252
201
246
246
207
255
255
258
231
249
231
228
231
267
270
207
264
234
294
222
249
210
261
255
225
306
198
240
258
144
246
243
252
234
288
222
210
201
273
219
216
306
258
210
213
201
222
234
243
177
240
228
237
225
237
213
261
267
297
252
234
270
240
258
240
249
228
240
252
213
315
237
243
237
285
279
285
252
300
198
183
240
201
204
276
282
225
222
237
186
204
243
228
231
234
276
276
234
246
228
234
276
201
219
237
240
255
219
204
273
255
228
222
249
216
291
258
201
249
255
237
216
246
237
291
225
246
216
207
210
294
201
294
240
252
270
255
213
258
276
219
222
252
252
309
252
222
201
231
204
219
240
279
186
225
189
300
237
261
285
234
243
246
252
228
243
225
216
258
243
240
243
234
240
204
243
201
231
216
264
228
234
279
243
285
204
240
279
189
249
243
201
228
243
231
174
237
252
246
237
240
210
240
204
210
252
261
285
222
237
246
