201
279
258
201
255
222
267
246
267
258
216
186
234
264
246
261
234
225
222
246
240
240
222
231
237
159
246
228
234
237
240
234
255
249
243
234
264
288
240
264
282
252
207
195
258
246
240
213
240
267
255
174
279
273
240
222
237
246
243
255
249
249
186
231
237
243
294
246
267
279
258
279
219
264
243
237
246
243
243
240
210
210
240
243
219
249
273
279
213
213
333
246
207
249
216
243
219
282
204
246
234
207
261
246
210
273
258
207
258
288
222
246
222
207
267
246
309
234
216
225
240
240
228
234
243
204
255
264
219
180
228
231
237
285
249
168
231
285
249
252
273
222
234
216
213
225
249
234
240
195
207
189
264
258
228
207
246
216
264
225
231
264
222
189
252
201
252
237
198
231
252
258
291
216
255
165
180
282
267
249
177
213
210
219
213
252
207
234
237
240
246
210
252
273
240
222
282
201
246
231
252
255
192
183
204
261
237
261
231
207
237
207
225
252
225
240
216
195
228
258
222
252
207
225
234
267
228
222
246
213
213
258
294
237
228
240
264
261
228
246
240
234
258
222
270
255
240
243
243
252
204
249
270
261
240
237
255
255
294
225
249
243
228
216
186
255
204
219
243
249
312
222
225
240
279
186
270
237
252
228
276
189
228
213
261
246
243
252
207
240
204
213
219
273
279
225
237
204
234
231
