264
192
237
240
231
213
255
258
273
264
204
243
192
270
252
201
270
276
261
243
243
303
192
219
240
273
291
249
222
276
252
237
252
243
183
228
243
258
276
285
243
201
285
249
243
222
261
237
171
297
252
240
210
252
291
189
258
225
177
237
261
249
300
264
240
222
240
228
216
219
288
243
267
240
261
246
231
180
207
249
225
228
243
243
300
222
267
243
234
261
228
261
249
240
249
219
231
240
234
207
240
189
228
237
225
210
222
180
237
204
264
219
219
222
249
240
225
234
219
258
195
276
267
219
258
249
246
225
261
264
240
261
240
231
288
258
252
243
198
252
192
234
282
243
210
243
240
231
252
240
243
219
243
270
252
234
204
234
183
249
282
201
249
240
264
273
255
237
216
243
318
246
234
249
273
258
228
204
264
201
267
240
246
219
285
210
228
273
255
225
234
216
195
228
213
240
279
258
270
261
264
243
243
282
267
276
237
213
243
249
207
300
219
222
228
225
294
213
258
228
234
249
261
264
264
270
261
216
225
249
231
222
267
231
240
243
207
252
192
213
207
267
219
228
243
213
192
231
234
222
342
228
234
231
249
270
261
231
231
228
207
231
204
225
207
273
240
258
249
249
234
207
231
198
204
237
231
276
243
288
246
249
258
237
291
198
261
258
255
225
225
249
237
252
288
225
249
255
186
255
