279
213
279
237
222
225
222
240
282
216
273
249
249
270
240
279
243
228
240
246
267
252
246
297
228
216
249
264
267
225
249
255
267
198
282
216
279
264
240
240
183
222
207
237
231
288
183
261
252
237
282
198
225
270
192
267
237
240
273
255
183
240
264
276
255
252
189
240
255
249
213
237
210
195
225
279
264
219
252
243
237
222
237
219
231
213
225
267
246
285
267
228
198
261
195
234
222
258
198
234
267
237
198
219
237
216
204
243
246
234
237
228
246
204
228
228
183
207
240
234
213
291
228
225
240
213
264
252
234
276
228
243
243
222
201
213
246
249
207
261
237
216
258
234
249
255
264
234
243
231
231
195
258
255
255
237
246
255
213
201
210
231
243
216
207
276
240
216
213
213
231
234
228
249
249
228
261
246
231
267
234
189
246
240
216
252
234
273
246
225
252
270
225
213
294
228
246
258
210
219
264
222
282
198
231
213
264
273
225
261
237
252
222
243
231
219
195
282
243
264
225
258
276
270
222
252
201
219
192
243
228
231
231
189
225
225
243
231
291
240
246
207
246
276
216
204
246
192
210
207
231
231
243
216
231
258
261
210
246
282
285
201
243
267
210
270
222
195
225
285
231
204
276
267
279
213
321
225
204
225
234
285
216
258
216
213
207
288
207
201
261
261
219
231
255
261
213
198
219
231
