219
201
225
195
255
201
225
210
237
216
213
207
198
258
252
225
246
255
225
204
255
213
249
282
261
249
330
231
231
252
246
234
234
270
264
222
276
201
267
267
261
291
264
243
261
252
210
228
258
249
255
237
237
243
252
198
219
258
285
231
240
222
246
240
288
270
219
249
225
237
225
177
216
216
288
225
234
207
294
264
258
204
222
249
192
237
237
225
255
258
213
231
198
240
192
237
243
270
228
207
228
201
222
222
210
270
210
258
285
210
264
255
225
234
213
228
186
210
213
237
246
240
243
216
222
330
201
168
249
219
306
255
210
231
255
222
234
255
234
225
243
216
231
201
258
270
192
249
207
195
285
201
267
261
252
234
225
240
300
261
228
255
210
231
222
273
219
189
249
222
207
204
213
282
303
231
246
246
240
306
237
309
258
189
252
264
219
282
225
237
297
252
252
270
198
243
237
219
216
261
234
249
261
276
267
261
237
234
219
261
243
243
276
282
255
225
228
264
249
249
231
237
225
261
180
216
219
258
249
186
249
201
234
270
198
258
216
261
228
240
252
225
228
213
237
219
222
282
255
237
249
192
237
270
219
267
243
213
273
228
237
255
276
237
216
240
240
249
228
255
330
243
255
240
240
243
261
249
249
240
234
270
240
276
219
252
222
222
255
249
198
273
267
252
312
237
261
237
270
240
