231
204
267
201
234
240
234
234
246
240
252
261
273
216
255
267
222
264
243
186
252
213
225
240
222
222
240
198
231
252
222
255
240
291
234
234
273
225
252
258
231
234
255
258
267
252
324
216
255
228
204
285
228
264
219
219
270
213
234
219
234
219
252
243
282
252
240
237
252
216
279
231
243
261
204
231
240
225
204
246
249
252
228
174
207
207
225
246
219
267
282
267
228
243
258
207
240
231
243
234
222
246
189
219
258
261
219
261
240
204
243
246
252
222
213
234
234
276
255
267
249
240
207
270
240
216
309
330
237
267
270
258
240
234
267
279
183
243
261
246
210
186
270
234
174
261
228
252
222
210
252
252
273
216
252
252
282
219
219
228
270
258
240
216
240
243
246
273
240
213
216
198
267
183
255
261
180
231
201
291
273
225
225
201
192
282
264
237
225
216
237
258
261
225
249
225
258
276
243
231
267
285
219
264
273
267
231
198
249
249
234
249
246
225
234
249
249
207
216
237
234
237
222
201
285
252
267
228
285
264
234
261
237
294
243
213
297
213
240
219
249
219
222
219
165
255
234
261
279
222
204
294
282
210
267
231
222
195
249
225
207
198
228
255
207
246
231
240
249
228
234
240
246
186
246
234
201
249
198
222
270
246
255
213
237
258
231
177
264
249
258
240
249
276
204
198
237
216
255
240
