258
237
231
252
234
273
258
264
252
210
237
300
222
261
192
210
246
207
252
270
237
243
219
282
231
213
312
213
231
276
231
255
297
246
237
234
249
273
246
252
198
261
222
222
318
228
222
276
258
219
183
216
228
264
249
255
258
270
240
264
273
219
240
207
234
222
240
243
180
234
285
198
276
285
231
267
258
303
201
234
252
213
234
201
273
231
240
270
258
264
198
285
234
225
225
216
264
252
231
225
255
264
183
267
246
222
273
252
252
252
240
234
231
249
258
276
198
243
252
228
249
309
282
231
234
222
225
222
222
252
246
240
291
279
252
243
213
231
207
231
303
255
222
231
234
249
225
228
243
234
237
276
210
240
276
210
210
231
246
246
255
213
216
240
192
267
219
210
252
243
210
270
252
213
240
237
228
252
237
231
174
216
255
246
204
249
267
225
243
192
192
195
351
222
225
231
210
210
243
192
237
231
213
237
240
198
234
270
270
249
261
243
237
204
270
216
216
210
219
213
258
291
213
267
270
237
243
225
291
273
216
252
285
270
210
291
198
246
273
264
222
204
267
210
255
261
246
216
240
216
237
246
222
237
249
267
273
243
249
258
258
219
252
255
291
291
210
261
219
183
270
186
216
210
258
270
261
198
225
270
270
213
210
261
249
273
219
270
213
240
240
240
204
264
234
246
159
228
237
252
