273
189
207
276
210
267
210
237
252
207
198
222
270
204
264
270
243
210
252
258
267
237
234
231
216
240
261
225
210
273
255
243
267
270
231
198
255
204
273
270
240
234
261
261
213
204
246
276
207
264
246
246
285
213
225
240
261
240
222
228
222
276
291
216
276
192
249
210
264
156
216
225
219
267
270
321
240
219
240
222
240
180
240
261
231
228
231
249
225
273
267
213
273
255
219
219
228
231
237
240
237
243
234
237
249
225
240
255
189
213
252
234
243
189
231
228
198
255
261
252
222
258
297
189
255
243
195
210
225
264
204
249
207
264
243
270
228
207
285
243
231
183
243
237
309
234
264
234
276
240
243
216
252
240
267
261
228
204
243
285
258
237
255
216
216
258
222
201
234
213
306
243
285
225
219
228
261
249
237
237
207
267
249
231
240
243
240
216
285
252
267
246
228
252
234
234
294
261
276
294
210
252
216
273
267
228
204
201
228
216
267
237
219
225
216
237
240
282
261
231
258
237
243
225
252
222
195
228
210
249
234
219
252
219
201
222
240
228
264
216
213
228
279
273
258
261
234
249
258
198
219
267
210
267
219
180
264
225
225
234
228
216
258
234
180
207
258
216
312
255
264
267
198
219
213
327
210
237
246
195
213
207
189
228
246
186
231
231
258
264
246
246
228
207
237
252
276
297
207
216
