216
243
264
306
222
204
264
216
192
243
225
276
204
195
225
234
258
279
213
243
231
246
225
255
225
222
252
249
261
195
231
273
240
219
255
189
210
270
249
249
264
246
231
276
243
198
246
222
252
240
243
261
243
255
225
219
255
240
228
267
231
252
237
261
231
228
252
180
219
270
249
249
258
285
264
234
216
261
234
264
246
234
168
261
207
231
279
234
225
201
237
237
186
216
270
282
264
273
258
216
264
207
270
216
228
297
207
240
255
267
258
276
201
264
258
285
237
231
249
261
237
246
216
240
300
234
264
261
270
258
249
204
243
210
198
267
336
300
294
210
339
240
192
285
240
222
207
219
252
240
288
264
255
252
234
222
231
267
198
213
264
276
216
240
165
246
219
240
237
213
264
258
273
255
198
171
195
282
228
258
237
246
219
252
171
255
267
270
252
264
252
237
225
240
273
264
222
261
294
213
228
210
273
207
207
258
243
276
228
228
264
225
192
252
273
237
273
252
213
216
228
246
219
303
312
213
267
231
240
192
222
204
240
249
297
240
237
234
252
258
258
255
222
246
237
228
252
240
282
231
213
234
180
219
306
246
183
261
225
258
246
228
207
249
252
258
237
231
273
246
174
210
213
213
276
231
255
246
237
183
237
225
252
261
228
228
255
243
279
240
222
249
255
219
222
273
264
270
228
237
