234
225
288
237
201
228
255
270
264
240
261
219
267
231
261
189
240
210
252
231
327
219
303
252
279
258
258
252
234
222
282
219
237
252
225
282
234
255
258
246
249
267
270
249
252
252
183
231
312
282
255
216
180
219
237
237
270
288
252
228
201
228
225
210
213
231
291
231
213
237
258
222
240
258
207
270
216
246
270
207
264
228
228
258
219
279
261
264
237
171
252
204
261
201
249
261
222
276
204
228
228
201
222
189
243
234
210
216
219
270
207
249
237
246
258
240
237
312
246
267
207
279
297
270
261
207
225
276
264
201
240
246
252
270
243
234
249
204
279
249
213
243
240
246
186
237
240
216
255
303
207
279
213
258
231
255
237
273
243
246
201
231
279
228
225
270
237
258
240
282
231
327
243
258
264
198
249
234
246
231
228
231
279
231
234
192
267
219
255
210
258
219
246
219
249
246
228
252
246
282
246
240
240
264
243
261
261
279
216
198
252
204
213
261
210
267
297
252
201
228
216
192
303
294
168
261
255
252
264
246
189
219
246
207
270
300
249
273
270
303
252
231
261
228
246
264
189
288
249
279
267
243
186
216
282
237
273
237
210
246
234
246
222
270
261
282
240
243
258
306
255
237
198
261
201
270
225
282
222
264
243
261
261
252
264
225
234
216
261
216
243
246
246
243
258
240
222
279
228
234
