246
228
291
276
237
177
225
183
213
195
294
225
219
228
234
204
195
222
234
267
204
231
174
225
300
225
243
228
243
300
249
234
249
258
243
228
234
216
240
225
270
228
252
261
252
249
243
270
243
198
207
264
231
267
270
246
222
270
249
264
225
228
258
219
243
240
246
291
219
234
270
240
273
237
207
213
237
216
249
210
189
192
267
255
258
279
234
264
267
225
222
237
258
228
261
240
228
174
300
240
243
240
240
222
234
243
261
210
237
213
240
258
231
234
240
180
192
291
231
249
219
249
258
228
204
288
216
270
234
231
189
240
258
177
261
186
240
246
219
222
264
216
282
210
261
240
243
225
234
195
255
246
297
261
216
198
240
201
246
198
216
249
222
216
240
237
213
237
243
258
276
240
195
255
258
210
216
213
213
240
219
255
267
219
225
312
264
222
237
234
312
216
264
285
279
231
249
273
261
261
195
189
228
273
216
231
234
219
195
252
279
237
249
222
246
222
249
291
216
315
264
234
144
276
264
252
270
222
198
231
228
219
264
210
225
234
231
210
243
228
234
231
264
234
246
231
222
237
225
207
225
228
231
237
210
255
234
264
228
246
249
246
174
267
246
225
279
258
201
252
243
243
234
246
252
294
252
252
252
222
258
243
240
267
234
276
222
261
207
234
246
264
192
228
180
183
270
234
249
213
