276
243
267
312
207
210
165
249
237
210
270
246
228
237
246
291
219
243
276
219
246
228
243
207
246
237
261
279
264
192
288
246
252
285
216
261
255
249
225
234
273
264
228
192
243
261
234
234
246
258
261
300
219
210
210
246
240
210
231
231
240
240
219
228
198
210
240
273
273
204
219
180
243
240
216
204
222
240
255
234
258
237
225
222
234
240
225
243
231
231
279
252
249
207
207
228
270
228
240
234
270
231
240
189
249
201
219
243
246
243
267
225
216
222
234
243
222
252
225
225
237
276
270
219
234
333
207
198
258
252
240
222
198
222
219
231
213
267
228
234
252
267
240
222
264
216
285
231
222
249
252
201
243
204
246
231
276
246
189
222
228
234
225
210
255
213
252
246
231
234
255
255
222
210
234
258
249
237
207
243
267
204
240
177
273
243
258
225
225
213
249
180
246
261
231
207
234
216
243
222
252
249
264
231
270
219
258
270
300
243
258
243
219
237
204
228
306
240
219
249
225
237
225
237
249
258
249
198
222
228
234
222
261
249
216
276
285
297
231
282
228
261
246
261
261
234
240
237
276
252
258
249
273
252
195
207
252
186
222
234
213
258
222
276
231
216
237
210
258
246
270
213
240
225
267
195
201
240
252
234
306
309
225
219
231
276
201
216
252
243
276
273
210
213
267
246
258
261
219
225
