237
267
234
216
237
237
198
297
210
201
231
246
252
264
267
222
225
243
261
210
219
246
234
270
270
237
234
231
195
300
249
237
237
228
273
225
294
183
282
231
246
249
225
231
312
258
210
237
282
261
246
270
207
270
318
279
255
255
237
222
288
213
267
231
258
273
222
264
249
231
249
273
267
234
237
240
231
189
261
246
246
192
267
210
228
243
216
210
216
228
231
225
258
237
219
240
231
255
228
264
198
225
255
255
210
219
210
201
210
222
261
258
243
282
258
213
237
255
246
222
243
237
261
228
297
192
216
273
255
246
270
222
240
186
303
231
279
207
225
252
258
222
252
249
183
240
249
276
234
246
225
252
204
273
240
237
204
213
285
225
243
234
276
243
231
228
264
180
252
225
231
273
300
249
231
192
291
222
240
258
195
237
303
270
303
237
165
204
258
261
291
249
258
240
249
228
285
243
195
270
231
285
225
285
297
243
219
249
237
264
264
216
333
234
249
216
255
204
246
255
264
243
252
279
264
255
213
243
246
246
282
225
249
237
282
222
264
294
231
216
273
222
216
201
204
234
270
213
273
249
246
237
279
249
210
297
201
237
261
216
258
252
258
240
255
246
246
183
258
246
222
225
240
237
228
201
246
246
213
222
234
234
243
219
204
234
267
297
276
252
264
237
240
228
261
267
237
234
252
294
