246
249
216
234
222
210
303
219
252
243
216
225
258
234
246
222
210
225
237
189
234
270
222
246
255
243
213
201
213
201
234
234
285
201
219
237
222
222
279
240
195
276
249
246
222
231
201
210
210
222
249
243
264
240
246
258
243
255
201
258
246
201
198
231
213
237
234
219
201
228
216
219
246
225
264
246
213
234
285
270
249
240
315
270
234
279
237
234
225
222
279
255
192
204
219
231
207
267
276
213
312
237
255
246
222
300
270
180
279
321
243
228
261
276
219
264
270
231
261
231
225
252
255
237
270
261
228
261
261
192
231
186
267
210
210
195
231
225
240
168
240
204
261
243
249
234
234
279
270
255
249
294
216
255
204
213
240
240
219
237
180
228
318
198
216
243
255
249
267
279
240
240
243
225
225
249
198
210
261
243
225
249
234
255
216
222
288
234
243
237
279
183
195
234
267
288
204
291
210
279
234
246
276
207
249
183
246
204
198
192
243
285
252
288
300
204
207
186
201
237
246
213
237
252
228
219
270
258
216
297
192
243
279
279
240
243
261
204
222
243
225
234
297
216
201
297
264
282
234
237
267
228
309
225
210
240
219
228
249
216
273
264
225
219
219
240
210
246
213
270
222
252
237
192
264
246
204
195
255
273
216
231
246
216
240
213
249
285
222
177
294
237
279
246
222
198
228
219
273
255
