243
294
201
237
228
240
246
228
267
234
252
243
282
207
237
237
225
273
270
252
213
243
252
225
219
261
246
180
249
261
249
192
276
228
261
273
252
219
246
225
231
231
249
240
237
240
249
288
204
231
225
291
255
219
252
255
273
216
261
225
261
267
237
264
246
318
240
162
288
252
267
240
270
255
240
240
264
246
228
273
210
240
222
276
234
246
234
225
231
252
240
273
234
222
267
207
270
210
261
243
255
240
234
228
285
255
246
222
279
243
285
222
276
207
243
252
243
225
285
273
252
258
261
234
201
240
207
213
213
222
270
255
222
255
267
240
252
258
228
246
246
264
237
270
231
225
243
210
252
228
207
249
264
303
213
279
225
240
267
234
273
273
174
264
213
234
231
246
243
225
261
231
258
240
210
270
261
231
234
213
243
273
225
270
210
252
240
243
213
264
318
252
234
255
225
276
246
192
225
267
297
210
243
267
237
231
246
219
294
291
255
219
255
264
249
282
228
252
231
282
231
195
255
210
249
273
258
264
261
207
252
267
219
210
222
243
234
255
297
267
267
246
243
276
279
261
285
246
222
279
243
240
270
213
213
237
303
240
234
258
255
249
282
243
213
198
219
216
273
258
231
240
252
231
192
213
234
228
234
231
222
258
234
225
192
246
216
264
237
219
252
225
216
228
273
204
228
285
264
246
