246
252
207
219
273
231
213
180
249
186
285
240
261
255
213
219
207
276
180
288
222
267
288
213
180
258
225
279
300
192
255
252
273
273
270
243
192
228
186
243
228
219
186
276
237
228
234
246
225
225
240
201
285
246
252
213
255
168
255
228
264
261
270
198
252
234
252
255
234
237
300
246
246
237
240
276
249
252
249
270
219
261
225
255
234
303
225
231
204
222
246
231
234
297
210
276
261
240
237
252
255
240
234
261
222
276
210
267
219
198
252
222
243
240
231
189
270
228
225
213
258
240
210
297
231
234
222
222
228
219
255
216
306
249
258
213
219
270
189
285
252
225
228
258
192
285
228
231
201
222
255
270
249
213
225
219
228
234
264
192
183
288
267
204
198
231
282
258
210
234
285
246
237
240
303
225
258
243
225
258
246
204
219
261
201
252
243
240
225
216
264
201
258
261
234
252
231
219
216
267
288
240
237
210
216
315
216
276
252
270
186
201
240
225
255
237
243
210
234
273
210
243
201
264
213
249
258
222
225
255
255
249
198
240
243
195
276
234
210
228
246
222
237
228
192
240
249
219
201
237
234
258
249
249
210
240
222
171
282
213
282
222
249
252
225
270
273
225
219
240
228
279
246
249
222
225
279
213
264
294
243
264
207
195
213
279
201
252
216
198
261
252
255
222
228
192
264
198
291
255
