252
243
243
192
264
225
213
210
192
261
213
246
258
252
285
270
225
204
306
234
255
231
273
285
228
228
300
243
219
240
264
291
228
234
291
270
219
222
192
300
192
240
258
222
261
270
255
234
213
216
252
288
288
264
228
255
219
288
252
255
204
243
204
249
219
210
210
255
258
258
243
228
201
258
228
183
255
216
201
237
234
183
264
264
312
198
279
240
186
276
213
210
201
231
303
279
270
246
243
252
261
222
219
195
246
183
228
276
213
234
270
219
261
204
279
213
258
225
255
231
225
270
219
273
186
234
186
240
234
300
234
267
222
222
198
312
270
228
231
273
186
222
240
222
237
258
270
213
240
249
207
300
300
309
219
222
222
237
198
246
213
210
282
240
234
261
261
249
234
180
249
213
222
267
234
222
252
222
228
279
237
276
252
237
246
258
249
255
252
168
297
258
291
213
216
243
237
234
222
222
264
240
261
222
270
225
237
246
255
252
219
219
261
201
216
285
246
216
210
246
201
237
231
294
276
285
234
243
246
225
249
228
195
210
264
180
207
300
204
306
261
198
240
189
225
225
264
315
192
252
207
249
294
285
207
234
237
231
225
189
201
258
255
219
237
216
234
225
201
216
255
255
246
249
228
222
246
234
282
183
210
216
273
213
237
339
246
234
294
240
210
228
264
246
270
228
210
258
210
222
