225
258
249
252
252
228
219
282
249
216
192
204
231
258
243
264
240
291
195
252
279
225
234
252
249
255
234
258
213
258
237
282
195
237
237
270
276
201
249
240
231
261
276
288
189
237
198
195
243
204
285
282
237
210
237
258
195
243
237
237
225
219
234
267
222
213
189
243
207
228
234
210
240
219
258
231
240
243
276
216
243
282
273
252
294
252
246
237
243
237
264
198
222
243
258
267
225
255
276
270
246
189
240
243
201
273
267
243
270
234
225
234
216
258
198
237
252
258
231
246
237
234
234
246
204
273
201
255
219
192
273
171
216
240
264
228
186
219
276
237
225
270
252
240
282
195
222
216
213
246
213
243
219
189
288
288
246
186
207
258
219
261
243
258
264
252
240
285
204
273
195
207
231
213
180
264
240
228
219
207
237
198
225
237
246
201
276
207
267
279
222
246
198
225
225
309
288
219
282
195
288
255
225
228
273
249
270
252
276
237
261
222
216
243
255
267
255
258
219
219
222
273
204
261
201
210
246
210
249
180
231
276
222
294
195
267
279
222
234
243
240
219
198
255
216
180
231
219
264
210
267
213
207
261
222
237
237
270
252
207
258
231
225
237
246
189
189
267
285
258
216
222
240
228
279
204
231
261
213
303
210
213
246
228
186
228
246
246
252
231
246
243
213
213
252
201
240
192
240
234
