261
264
243
258
246
228
213
246
243
276
261
252
225
246
243
228
240
219
273
246
219
249
240
237
252
234
273
249
267
279
243
240
261
234
270
231
246
243
225
246
225
234
222
273
252
213
207
267
258
228
252
237
204
237
261
273
237
228
216
252
249
261
288
234
204
249
249
267
240
228
273
234
279
243
213
279
252
207
225
204
225
258
261
273
249
261
216
249
234
264
237
192
204
273
261
237
186
246
279
243
234
240
249
246
201
222
270
213
270
243
234
237
219
264
270
213
243
258
243
246
243
246
273
246
258
252
237
261
225
243
285
252
249
225
279
297
222
210
237
240
282
252
228
252
270
249
213
213
225
252
282
285
237
237
237
258
219
276
204
264
198
207
186
210
231
240
225
225
252
237
198
270
237
258
240
222
279
204
222
249
285
264
270
261
303
249
264
219
234
231
198
234
258
267
225
246
216
270
207
264
255
219
228
264
243
192
252
258
255
249
297
225
252
240
261
300
225
243
186
276
258
222
255
213
219
204
282
210
240
240
270
285
234
231
264
261
225
192
267
225
252
234
240
273
246
210
189
222
195
279
219
261
231
198
285
198
189
219
231
210
234
270
198
273
192
237
219
252
246
252
249
249
231
255
255
237
255
222
222
219
237
237
273
243
240
204
228
246
204
228
294
210
222
243
315
234
276
225
180
273
