240
246
171
210
273
255
186
198
234
285
279
237
246
225
276
222
246
192
228
219
222
291
270
258
243
273
228
249
240
270
276
240
270
237
222
219
234
210
210
258
264
240
195
243
258
228
249
243
234
246
228
237
228
273
231
222
237
231
273
285
210
219
273
291
225
252
219
231
255
213
228
216
228
300
228
222
258
285
246
264
273
249
213
222
189
204
195
219
204
240
216
246
264
246
243
252
246
237
234
201
222
240
231
222
228
201
228
228
258
249
252
198
258
213
282
240
249
255
255
210
189
270
198
249
240
213
219
234
252
288
258
231
219
264
216
261
255
234
273
273
186
255
222
216
261
252
267
288
222
243
228
225
240
264
216
267
273
273
213
264
204
273
252
258
195
249
246
252
213
264
255
309
222
255
198
174
234
258
204
228
252
282
267
246
234
246
237
252
261
282
222
219
234
204
234
210
240
255
288
252
279
261
234
246
249
267
246
228
243
234
279
228
240
213
210
258
210
276
273
243
252
243
258
237
186
225
234
282
231
177
300
249
279
228
195
282
249
225
273
258
240
201
216
276
261
243
249
243
228
246
189
267
261
210
213
243
228
216
246
273
225
258
267
231
282
252
195
261
234
180
225
252
213
258
243
255
291
189
234
231
237
228
186
267
222
240
204
264
207
234
213
210
204
201
261
228
210
264
273
231
