225
243
258
225
213
225
243
195
216
252
225
246
225
225
228
213
258
201
291
222
225
186
201
204
186
255
234
264
312
240
210
231
258
264
195
231
234
258
258
219
228
264
144
249
186
261
228
264
237
249
228
234
291
288
252
231
228
234
285
213
234
240
213
204
270
267
201
240
264
294
261
261
204
201
249
216
234
261
243
225
234
234
219
240
267
243
285
303
222
222
276
258
201
201
225
255
231
240
237
261
234
249
237
189
249
243
258
210
231
237
249
243
207
222
231
276
240
237
219
240
231
264
225
213
228
234
240
240
219
231
249
237
210
234
276
276
252
183
225
255
216
207
252
258
252
243
195
276
237
195
207
228
243
264
243
252
231
219
255
255
216
216
255
264
219
228
231
285
225
264
255
270
234
300
264
231
234
291
255
222
276
234
225
276
198
240
258
252
297
237
219
225
255
216
270
213
216
171
258
249
204
255
222
267
267
228
258
231
288
216
258
225
288
234
207
273
258
297
213
234
261
291
243
273
234
231
231
237
270
240
228
228
204
249
198
261
192
261
204
279
270
258
249
288
213
264
219
240
216
216
261
231
207
249
234
273
231
225
234
255
222
252
252
252
252
186
213
237
195
276
264
228
216
255
249
225
276
276
267
264
210
243
297
264
228
255
222
222
261
279
261
216
258
231
189
225
276
198
219
252
