252
258
267
261
234
189
270
243
231
237
234
240
210
249
222
201
246
243
204
255
234
216
255
252
282
267
222
234
228
258
249
213
261
282
246
219
255
252
246
192
258
267
204
237
285
261
213
222
237
198
234
264
234
222
252
225
255
249
261
249
213
249
210
240
288
303
201
219
207
192
189
252
222
270
207
264
243
198
243
273
267
213
213
222
219
237
255
219
282
273
234
225
246
273
225
249
237
261
213
279
246
216
246
216
252
249
231
264
267
279
231
273
279
210
252
231
225
216
234
225
267
210
234
216
225
240
270
192
246
210
234
201
279
261
249
273
234
300
249
234
258
276
255
237
273
219
225
252
222
282
261
264
216
210
222
231
252
246
252
255
255
258
243
270
189
243
207
222
189
240
228
228
213
264
261
237
246
267
285
282
204
225
207
174
279
234
192
231
228
219
231
264
216
297
252
303
234
222
180
189
252
258
195
261
201
267
210
249
237
204
237
258
228
237
219
228
267
222
210
240
240
258
279
231
243
234
198
210
207
216
228
267
288
234
252
261
186
237
237
285
237
234
189
255
249
210
219
252
303
234
252
210
198
219
240
195
228
267
318
270
216
228
258
240
198
261
261
261
243
222
258
276
255
234
261
210
219
252
237
258
219
270
258
279
204
189
228
258
219
210
237
249
222
255
276
228
237
252
243
270
