228
270
228
270
240
267
249
228
234
222
216
285
240
264
261
237
252
222
270
261
261
219
177
237
234
228
198
258
231
249
207
261
237
261
234
252
273
267
252
303
216
222
243
255
177
231
210
234
246
249
219
240
225
237
252
234
231
171
249
279
252
228
249
264
231
255
231
207
279
222
243
291
231
240
276
309
261
255
258
246
210
231
240
228
243
246
252
225
225
234
249
240
234
267
252
255
255
237
240
213
240
255
240
225
186
243
210
210
243
231
234
273
228
228
252
294
264
228
252
267
219
282
258
267
231
231
246
234
264
237
258
225
231
225
210
249
231
288
240
258
237
291
249
258
228
249
249
267
240
234
267
246
207
264
264
219
276
234
279
246
198
279
216
267
222
222
204
222
273
180
243
267
207
228
240
273
234
198
306
237
267
255
276
264
228
243
264
240
306
270
252
255
201
255
207
240
207
255
240
267
225
249
225
186
219
216
237
255
243
222
231
279
195
246
213
231
273
231
222
267
222
228
240
249
252
225
198
267
225
261
219
228
234
222
249
225
243
255
273
258
288
255
213
297
231
258
243
219
249
234
237
297
204
252
240
228
273
243
216
231
219
219
246
168
216
252
267
249
243
234
234
264
222
228
219
201
252
249
258
204
255
258
270
201
207
297
195
279
222
213
228
264
210
252
234
210
225
237
264
249
