255
258
231
234
240
237
294
261
270
219
300
207
216
231
213
270
231
243
252
246
264
231
222
228
216
234
237
225
255
270
213
279
258
240
216
255
258
195
252
228
198
231
267
315
273
237
255
249
258
219
225
258
255
246
210
249
300
195
192
255
249
285
258
279
231
282
228
234
237
261
282
243
243
204
195
234
270
258
258
309
246
243
186
243
240
234
222
192
201
189
231
177
246
237
204
234
216
219
231
258
264
222
198
216
183
255
264
258
264
225
246
231
294
246
246
195
279
273
249
249
231
285
207
243
225
282
201
249
231
270
207
237
210
243
240
261
207
204
267
210
267
213
285
270
252
279
201
198
228
258
291
222
234
285
207
213
210
255
228
255
183
174
261
234
231
264
240
273
231
219
222
303
237
273
276
246
219
222
219
249
201
219
267
195
213
276
231
216
267
231
237
222
213
201
225
282
270
189
201
189
249
249
189
237
225
234
285
231
249
219
264
252
234
231
264
234
300
216
282
216
267
225
234
267
267
330
264
243
255
255
279
243
195
207
240
222
261
225
243
207
291
222
252
174
285
186
231
291
231
288
243
267
246
213
225
258
222
222
243
267
249
261
258
279
234
228
243
198
267
258
216
225
243
201
258
213
195
240
225
264
243
246
240
216
243
273
213
237
261
222
273
213
261
273
246
255
240
270
270
252
