258
273
258
231
252
270
249
225
219
249
201
237
222
255
255
237
258
270
264
264
249
222
219
222
270
213
210
246
276
249
207
213
267
225
261
267
243
252
228
288
204
213
189
243
225
186
231
237
246
219
210
252
216
258
249
225
270
225
219
294
234
222
234
282
207
249
234
258
240
228
246
258
279
249
201
192
243
228
234
246
246
234
252
279
234
267
330
237
222
213
228
231
270
231
261
276
180
216
204
273
246
231
222
264
216
210
276
243
195
252
213
228
216
243
210
234
261
195
237
171
255
255
234
177
201
249
255
237
261
213
222
243
243
240
261
249
246
216
258
246
234
255
261
270
270
171
246
207
267
210
237
225
189
261
246
252
201
222
189
186
222
264
240
255
237
198
252
210
195
264
198
213
228
246
264
219
237
159
234
216
234
264
225
243
213
228
249
246
249
225
324
261
234
273
264
258
237
219
234
255
237
270
240
240
255
252
216
225
261
279
258
234
306
210
282
276
228
270
237
216
219
267
255
252
243
222
297
249
219
231
258
252
231
213
252
246
192
222
240
267
237
216
240
225
246
225
225
294
222
225
198
243
186
252
246
255
249
219
273
264
219
285
276
240
273
252
273
261
252
255
186
237
219
231
252
267
243
240
213
237
222
267
225
189
210
192
237
201
234
225
237
264
222
243
228
243
276
219
210
267
