285
270
246
216
195
213
237
219
264
243
204
252
228
210
225
246
222
249
255
246
258
261
270
234
243
204
237
216
240
231
267
228
201
210
273
297
204
243
240
279
222
231
237
249
243
243
240
264
240
231
279
225
225
270
276
246
276
261
261
210
252
207
213
327
210
234
261
216
204
207
246
246
246
225
234
207
213
243
198
273
213
210
279
225
258
207
207
243
216
195
195
252
273
219
252
225
228
204
237
261
255
213
231
222
219
201
291
273
261
270
261
246
294
213
258
258
240
267
264
216
252
234
264
258
306
243
261
264
246
231
195
258
243
216
243
201
198
237
297
255
240
252
231
264
198
261
237
273
216
222
210
219
231
219
255
243
240
219
222
234
252
231
243
273
201
273
240
222
234
237
297
231
261
255
243
240
255
240
270
246
246
222
255
243
201
252
228
216
207
225
231
276
255
246
282
246
231
201
255
234
246
213
240
267
201
249
231
183
195
273
210
309
243
189
246
210
225
249
252
243
231
213
240
186
303
243
231
180
222
231
234
222
213
279
258
219
258
192
216
231
264
261
210
276
267
222
246
210
291
261
237
180
237
225
207
228
261
192
231
249
258
222
225
249
246
231
231
273
243
270
207
180
234
243
249
249
243
285
252
279
261
219
267
291
264
261
294
195
276
240
225
255
324
255
261
228
255
213
249
315
