225
216
234
237
225
273
237
267
252
216
213
252
255
210
228
291
267
231
225
249
225
204
264
201
252
228
282
228
243
261
276
204
228
282
237
264
195
192
270
231
249
255
189
285
234
240
249
285
234
300
207
234
207
255
258
240
219
237
201
246
225
213
201
228
252
249
186
237
267
255
240
240
234
264
255
204
276
201
210
261
234
264
237
219
243
225
225
252
198
261
195
243
195
237
246
249
249
201
270
240
213
228
204
249
267
231
231
228
207
273
228
261
273
231
243
249
237
252
246
171
204
249
255
237
276
201
243
288
237
231
291
228
267
243
234
219
258
285
252
249
252
243
231
267
246
183
279
261
216
240
258
237
225
264
234
258
243
219
243
249
276
210
240
261
234
243
231
282
261
207
267
219
198
234
255
267
207
255
237
267
222
222
234
213
246
288
258
246
228
234
282
258
219
225
210
237
234
264
237
249
258
258
273
243
255
249
237
291
231
243
264
288
243
264
264
309
222
255
243
246
237
246
252
243
231
249
216
276
267
261
267
228
231
237
192
267
237
207
243
231
219
240
237
243
240
249
255
249
219
270
213
219
261
219
219
231
237
213
249
210
219
240
210
255
282
243
237
222
216
243
243
243
246
297
231
270
234
246
201
279
216
228
240
207
249
234
225
249
237
267
264
225
264
237
273
252
198
261
279
216
