171
174
201
231
219
234
240
231
255
237
285
273
228
210
222
201
234
258
258
285
255
246
258
228
225
315
255
204
186
252
258
282
258
213
237
207
246
264
273
186
246
255
231
219
306
231
210
237
237
276
267
231
192
222
264
249
204
267
258
228
321
219
261
237
225
234
297
237
204
258
234
258
222
267
213
243
312
231
204
270
219
258
252
219
306
243
210
213
243
231
204
237
216
228
243
300
249
237
219
189
261
264
246
204
258
255
240
237
285
303
276
252
222
195
192
234
249
207
234
258
228
204
252
264
231
279
258
222
249
219
219
228
258
234
258
285
207
279
252
222
252
255
255
219
267
231
210
210
270
240
225
270
297
297
273
228
273
237
216
213
201
288
234
243
198
216
243
240
261
276
222
252
195
249
222
288
264
201
222
246
270
216
243
234
249
240
246
204
177
267
195
222
210
189
288
270
258
210
264
234
264
246
231
246
261
255
252
204
252
252
243
183
219
324
258
261
237
249
255
237
222
294
240
213
300
210
270
237
222
273
201
228
243
264
240
249
264
279
207
267
273
252
243
261
255
237
240
234
243
249
249
252
240
213
267
213
261
252
249
204
321
246
237
228
258
267
210
216
258
252
255
237
261
249
243
219
285
165
240
252
201
246
249
240
306
231
246
240
246
219
237
288
198
252
228
216
210
249
273
240
