252
270
282
282
285
189
255
261
240
264
291
246
216
213
231
285
234
240
261
216
222
174
279
225
261
249
258
201
231
228
243
237
291
258
222
249
303
240
294
222
252
261
225
243
195
246
222
255
225
216
246
237
210
270
243
237
273
252
216
201
219
258
252
240
276
243
264
222
240
279
264
276
264
222
222
228
231
207
219
243
222
177
255
261
249
204
225
264
216
309
252
228
231
246
216
258
282
243
258
261
285
201
234
222
258
255
273
252
231
225
240
246
261
204
228
255
252
297
255
213
213
237
216
246
255
231
270
240
225
261
255
168
210
222
249
234
195
228
255
276
249
243
288
240
237
270
243
228
261
249
216
234
234
255
252
204
249
231
210
276
219
207
243
252
285
216
210
228
213
255
216
234
279
231
270
252
255
240
246
249
219
267
279
213
225
270
216
219
192
282
222
252
288
210
303
198
303
285
207
246
285
228
225
258
207
246
270
231
237
255
204
183
222
195
261
219
240
213
270
246
267
243
201
231
258
288
222
222
288
237
234
261
222
249
213
213
246
231
255
180
252
264
225
249
336
258
237
258
207
219
282
186
246
288
261
246
234
213
222
210
225
225
240
249
213
225
210
213
201
252
234
258
291
243
252
243
195
216
243
261
231
240
210
219
225
288
225
216
291
234
204
234
228
285
210
279
234
186
219
210
