228
219
312
309
291
288
219
222
216
255
240
207
189
213
240
192
237
237
270
234
219
222
273
219
255
231
225
216
198
231
243
219
246
231
216
264
282
246
309
267
231
243
186
252
240
225
246
303
231
285
231
246
213
264
213
252
267
243
273
231
270
204
246
306
237
246
273
237
237
255
252
264
207
213
246
174
195
264
258
267
207
264
237
216
210
210
189
243
249
237
234
234
225
264
222
201
246
261
222
240
228
288
249
237
234
213
264
228
267
192
285
207
201
231
267
303
291
213
255
237
222
213
237
237
195
231
228
297
309
282
189
216
258
264
222
267
252
240
249
228
234
246
213
210
252
261
201
264
213
210
240
309
267
192
237
195
258
261
273
246
264
252
246
261
294
252
225
228
261
300
246
249
246
255
288
267
207
219
219
240
207
237
222
288
252
240
189
246
219
276
243
234
225
297
279
264
231
195
267
243
240
222
255
246
276
279
243
222
225
249
231
228
273
216
195
222
186
309
264
255
192
213
228
216
264
246
288
252
225
192
231
246
246
168
207
234
198
258
240
252
213
192
171
219
189
222
234
237
240
273
240
228
198
276
279
252
255
222
261
255
258
252
234
261
240
261
201
228
225
225
327
246
270
228
231
258
276
243
219
252
153
261
237
237
240
207
288
258
252
216
219
246
234
258
198
297
234
255
237
249
