252
210
255
255
219
222
276
255
264
267
234
219
234
273
246
216
201
225
297
294
234
276
255
222
222
261
240
237
207
264
288
216
276
264
300
195
294
270
279
291
294
234
186
207
243
246
216
213
243
258
210
243
279
252
300
282
258
237
300
186
267
228
231
264
324
234
216
249
219
231
249
273
222
234
219
255
213
222
228
240
237
243
228
234
267
222
261
201
210
168
237
249
234
255
213
222
282
285
237
225
243
282
270
240
252
219
225
243
207
264
237
207
282
201
210
258
237
243
306
273
261
270
198
282
282
237
252
279
264
273
270
153
225
210
261
234
186
246
249
243
258
249
258
234
237
231
231
198
291
243
219
198
288
246
270
279
216
237
189
222
213
234
231
258
201
222
192
207
264
261
231
222
240
273
210
255
273
225
270
204
243
198
252
273
261
246
237
201
246
222
324
234
276
216
252
192
183
249
240
228
276
237
252
240
225
246
279
249
267
228
255
228
309
267
189
252
219
291
207
270
207
231
240
207
261
261
228
228
252
216
255
222
246
237
255
246
240
210
237
222
279
273
267
243
183
207
261
234
210
282
294
243
312
261
210
249
276
291
315
258
255
222
207
240
192
243
294
249
261
240
261
234
240
234
252
249
288
204
249
237
225
267
216
222
261
270
204
210
219
219
249
252
219
327
207
237
273
291
210
225
