273
219
219
228
198
213
255
264
219
216
213
264
270
234
261
276
261
201
237
273
279
240
258
237
267
234
210
240
210
216
267
234
216
213
234
195
231
255
222
252
234
255
216
246
237
213
237
276
237
282
261
285
219
207
201
264
249
243
237
228
189
243
207
234
237
189
237
252
276
243
240
207
216
240
243
210
231
240
231
282
222
240
306
258
240
228
195
273
240
234
210
168
240
270
276
228
204
258
264
210
234
246
234
225
228
267
201
234
231
216
276
258
228
249
267
252
255
264
243
189
204
219
249
243
237
267
255
243
285
273
252
288
234
243
207
240
279
192
276
234
255
264
237
204
249
246
252
237
258
243
210
237
243
210
240
225
285
228
225
219
222
222
246
186
219
255
213
231
279
219
252
303
210
207
186
213
231
213
246
273
273
246
216
240
228
252
237
207
243
228
219
243
240
264
261
264
222
255
210
246
246
225
234
246
255
300
201
258
258
222
216
225
186
258
243
252
231
249
246
237
213
225
219
222
213
267
207
216
285
216
264
249
234
249
222
198
243
210
252
228
198
288
249
282
276
300
177
231
273
237
234
306
282
255
294
213
282
228
216
246
225
240
234
231
240
204
210
228
201
192
234
264
243
225
228
207
240
198
243
240
219
201
183
237
258
210
243
237
219
270
243
171
228
243
258
198
234
231
222
252
