195
231
255
258
216
213
261
267
288
228
237
273
231
228
222
216
252
246
183
237
267
186
234
270
234
255
240
210
276
177
249
222
258
264
255
246
288
249
210
243
210
249
201
240
309
213
282
249
204
213
213
261
234
231
234
234
273
258
216
267
264
297
261
297
291
273
264
264
210
234
255
267
240
168
252
213
213
240
267
213
225
345
216
225
225
261
216
231
246
225
243
288
207
249
201
270
252
204
300
195
213
237
294
210
252
264
252
246
222
207
237
243
273
246
261
228
270
201
201
210
216
237
252
237
240
177
219
249
213
288
195
255
255
240
270
294
264
258
255
237
201
255
273
222
222
255
240
243
255
291
258
231
219
243
222
222
219
237
291
246
216
267
264
231
279
255
222
231
291
231
225
216
249
207
225
222
264
183
222
303
264
255
195
207
237
246
249
234
228
231
249
222
258
195
231
243
225
225
240
261
270
240
240
237
225
264
219
249
216
204
228
297
267
240
243
234
252
195
237
249
225
261
240
306
264
276
273
243
201
213
213
216
210
225
198
255
267
246
246
237
219
219
255
246
267
240
243
243
219
279
279
237
252
246
219
261
237
276
240
234
207
246
270
222
234
219
216
258
252
234
192
213
240
267
279
243
252
234
228
198
210
189
192
189
213
246
231
186
201
267
213
225
216
234
294
237
210
273
216
195
