264
189
243
237
288
216
210
234
246
264
252
243
309
186
249
252
231
270
234
249
228
195
255
240
195
240
270
282
219
243
222
231
237
264
237
219
207
246
222
237
282
219
228
267
255
240
231
198
291
195
243
228
234
234
255
273
234
261
216
240
258
213
210
249
186
261
276
210
270
246
234
267
252
234
258
261
258
243
216
207
282
279
270
228
252
189
204
264
255
297
201
246
273
198
216
243
273
216
216
273
240
213
189
201
225
189
279
240
219
237
243
237
270
252
255
252
273
258
246
237
204
240
252
228
222
207
240
231
291
195
252
252
231
249
267
258
273
249
228
243
195
270
216
243
288
276
237
273
225
267
297
264
207
258
234
264
243
195
255
228
252
270
300
231
255
213
198
240
261
243
201
243
288
264
216
234
282
234
243
288
237
237
240
240
225
273
213
228
261
225
261
267
267
240
225
210
222
210
258
204
216
222
303
234
255
249
249
243
276
216
330
201
291
213
261
267
207
255
246
204
186
240
213
276
234
207
249
255
231
222
276
228
246
234
225
228
228
264
216
195
258
243
213
294
219
258
276
249
249
228
237
240
240
279
255
267
255
243
252
258
213
273
225
270
255
234
258
261
336
210
255
237
222
222
210
225
177
276
240
249
273
237
255
258
195
255
198
195
267
216
216
252
273
228
267
228
258
264
237
225
