219
246
246
210
252
207
249
297
234
243
222
237
231
243
255
246
234
255
237
216
243
249
252
294
228
216
273
237
240
219
258
249
225
255
294
249
216
261
255
243
237
204
261
240
279
195
225
189
255
201
240
237
204
258
246
282
255
249
243
225
252
246
240
264
255
222
231
249
234
255
210
222
225
219
243
222
252
267
240
255
246
243
177
228
210
225
216
246
195
249
258
255
228
261
264
309
276
240
309
219
204
207
201
255
213
249
249
279
237
276
246
213
210
183
243
237
246
231
288
237
228
291
237
276
258
288
240
237
264
264
219
258
240
225
240
276
264
249
240
201
237
234
222
243
297
255
225
258
240
234
273
264
279
246
237
231
213
210
249
270
204
237
270
198
267
237
261
261
267
273
210
216
210
267
228
213
270
174
234
270
219
252
219
234
255
186
279
243
198
219
207
249
255
225
216
234
237
243
231
204
264
255
207
258
273
255
213
264
243
258
222
228
243
231
237
246
213
309
219
210
267
228
258
258
222
270
216
255
219
228
240
264
189
243
189
276
213
240
234
258
225
249
270
225
282
267
243
231
288
228
264
237
228
246
249
240
222
207
228
189
228
240
336
201
246
261
210
219
246
285
231
243
273
282
264
249
231
267
219
219
237
207
270
258
249
243
204
222
249
186
207
237
273
240
189
273
258
237
204
255
