252
189
267
243
219
243
228
258
306
261
255
252
249
270
255
252
291
246
249
279
186
243
228
246
288
285
237
291
258
288
216
195
234
246
270
234
270
219
234
222
234
279
270
255
255
285
270
288
240
225
249
219
228
210
249
210
249
258
228
243
291
276
207
204
291
234
213
231
243
210
228
189
240
210
189
249
237
225
288
207
222
285
264
216
216
258
240
252
228
252
270
228
189
267
282
255
249
237
222
240
231
240
243
210
261
249
237
234
270
210
225
249
282
246
312
252
237
213
243
231
243
270
267
246
213
240
264
219
210
267
246
246
264
255
255
264
219
267
270
201
240
246
216
249
279
249
213
267
249
228
264
225
258
252
228
240
222
240
285
246
246
216
213
198
258
216
273
228
210
228
240
201
231
255
234
192
294
243
294
240
204
267
243
228
270
243
231
243
243
195
255
237
255
279
252
225
240
222
240
252
219
267
219
264
258
267
249
234
204
252
270
252
231
228
228
207
246
246
210
270
231
228
240
237
261
279
252
222
258
246
231
225
228
210
264
255
273
255
210
249
267
237
222
207
264
216
261
267
237
252
252
261
249
237
225
297
219
270
252
282
243
267
240
222
255
228
243
240
252
210
243
207
225
288
237
198
222
228
249
270
243
285
294
249
255
264
252
267
261
213
282
243
186
252
246
201
255
228
258
273
