270
240
216
225
252
213
222
267
255
192
300
297
216
261
222
228
237
222
252
243
237
249
213
249
276
267
249
270
243
249
219
279
201
216
228
258
201
231
261
258
231
234
264
231
240
261
222
225
219
180
192
204
309
276
234
219
225
264
252
234
228
216
228
180
255
228
243
216
282
237
237
213
237
225
261
210
270
258
255
261
234
225
246
240
246
243
255
255
222
258
216
273
240
276
264
204
225
228
210
186
210
249
276
210
258
222
300
204
228
294
261
222
237
273
234
288
252
228
270
273
219
267
213
225
204
189
225
234
198
273
258
276
279
216
240
192
225
225
261
261
249
246
210
216
228
258
207
183
231
234
243
225
231
270
249
279
243
204
258
198
228
201
315
246
243
270
252
252
273
237
195
237
264
243
246
243
252
255
279
228
252
252
258
264
231
267
225
231
270
252
285
219
228
246
246
225
213
264
270
207
249
246
243
231
246
261
204
234
240
255
237
246
270
282
297
303
213
279
237
219
309
240
231
240
237
264
222
219
228
207
207
264
264
234
183
282
243
252
267
240
237
246
282
243
228
228
237
210
207
234
243
288
219
210
255
240
228
213
252
252
264
231
249
225
267
237
240
243
270
216
264
198
273
225
237
207
258
249
255
228
207
276
297
222
258
246
210
237
315
276
225
228
255
246
228
270
186
204
243
231
