222
273
228
207
258
243
237
270
276
195
279
231
255
213
270
252
252
225
228
210
270
222
291
222
249
249
246
216
225
288
195
255
216
237
270
273
243
216
240
225
243
255
255
228
210
207
243
270
243
252
252
282
216
243
255
207
267
267
276
240
237
243
282
231
243
246
270
204
252
255
237
198
234
255
228
219
243
240
222
261
219
231
258
243
252
270
195
234
213
231
198
225
225
243
258
240
249
255
282
195
222
237
246
270
231
261
225
240
264
231
291
261
261
282
207
255
246
216
279
243
270
249
270
270
261
222
303
234
237
240
264
204
267
234
258
267
228
228
324
207
231
264
252
288
237
252
219
228
198
192
219
231
234
249
231
240
270
204
174
216
213
237
213
243
303
231
264
225
213
243
303
291
237
261
252
240
243
285
225
243
249
228
252
306
240
213
180
228
255
252
234
231
222
219
234
210
240
255
249
264
273
246
255
240
258
219
294
243
240
243
342
204
210
246
234
234
246
231
192
267
252
246
231
249
240
213
249
252
246
240
198
234
276
255
240
285
237
258
243
183
234
249
234
282
261
264
237
273
219
195
300
249
279
219
270
213
261
237
216
198
225
252
225
261
216
267
228
282
225
252
216
237
234
198
246
264
261
234
201
267
201
213
237
237
261
258
258
294
258
285
234
240
192
216
279
303
222
207
234
213
