264
249
237
180
255
258
219
270
228
267
273
228
234
177
291
249
237
180
198
210
249
237
222
234
219
237
231
264
249
234
243
288
255
252
213
258
225
270
246
252
255
252
252
216
237
180
234
243
222
252
225
264
237
219
237
249
261
198
264
243
249
225
249
273
264
252
204
225
222
222
267
258
162
234
234
240
222
234
279
231
240
255
255
297
249
225
204
225
282
246
183
225
246
201
252
243
273
246
261
249
228
273
237
213
228
237
228
234
222
213
222
192
231
219
285
222
303
219
213
243
225
219
267
252
213
252
222
222
186
243
246
261
201
234
216
252
261
207
225
267
204
267
255
228
291
252
264
231
195
249
204
246
216
267
222
207
228
252
195
240
249
180
264
228
228
243
231
216
258
198
273
297
234
255
264
213
213
258
231
216
210
246
177
267
252
228
210
261
267
225
225
246
231
216
210
249
264
258
276
225
270
255
249
273
204
210
255
246
264
249
255
273
225
264
228
246
213
291
246
222
228
234
246
225
246
219
183
243
255
333
216
231
180
294
231
222
252
210
231
195
243
234
243
246
231
195
258
204
249
207
243
273
255
186
210
213
180
228
225
222
180
246
225
240
228
177
228
252
228
273
210
237
213
213
267
195
207
273
225
243
279
249
255
207
240
255
243
240
213
243
261
252
225
219
222
258
243
201
267
228
