249
288
273
252
270
237
213
210
270
312
225
273
270
201
225
207
237
261
204
237
249
240
228
279
243
231
264
201
207
216
243
252
210
201
240
237
240
228
291
231
216
210
282
201
210
252
252
258
291
255
216
243
216
225
261
180
249
231
252
276
201
246
213
204
267
267
186
255
222
234
267
225
255
237
204
237
219
240
231
264
294
258
249
225
261
228
216
216
246
261
219
210
252
273
201
258
261
216
231
201
297
237
207
243
252
261
249
216
204
234
273
270
243
255
282
243
234
219
186
276
276
255
195
237
240
279
174
255
243
222
210
237
285
246
216
279
258
222
279
195
213
240
222
213
285
207
222
207
198
306
306
204
240
210
276
228
264
279
243
213
234
222
207
207
246
267
273
252
243
234
216
246
204
258
225
219
294
258
240
198
249
255
276
228
225
216
234
237
192
213
255
237
219
270
243
201
267
240
186
279
216
246
249
282
291
231
261
273
225
216
198
267
291
267
297
237
306
189
285
285
261
255
225
267
201
177
249
258
264
261
267
234
228
261
213
210
186
258
222
195
261
231
267
225
207
195
240
210
261
243
219
213
249
270
237
213
219
282
246
261
222
240
225
285
255
231
246
219
246
213
264
240
225
246
225
261
258
237
243
282
192
234
240
285
261
273
219
216
210
189
246
225
270
213
258
237
237
243
225
249
