270
219
246
216
210
261
216
270
246
243
282
231
249
246
219
258
252
201
192
186
225
222
237
225
282
288
246
276
213
219
219
294
228
249
243
264
189
276
276
210
246
282
249
237
273
291
246
186
270
237
276
210
207
216
225
228
216
270
309
261
216
249
216
195
258
279
255
267
222
240
237
255
210
249
219
240
255
207
261
234
240
270
276
183
189
234
318
213
273
285
213
255
249
261
225
186
267
219
201
225
225
231
300
240
216
171
231
258
255
234
219
240
198
270
252
246
279
192
249
156
261
261
249
249
261
216
264
243
234
246
216
216
261
243
243
183
306
291
216
213
258
270
228
171
306
198
285
237
249
258
222
261
237
252
297
243
279
216
192
255
228
261
252
243
198
273
216
252
261
303
231
234
198
252
258
225
273
246
192
264
210
246
264
255
180
282
213
234
174
228
252
258
258
240
249
237
213
279
300
192
234
261
219
201
216
258
240
255
195
243
273
204
252
207
261
201
225
261
210
201
237
234
189
270
258
213
237
216
264
276
264
207
288
219
255
240
255
240
249
231
285
273
228
216
285
303
279
243
195
267
234
198
225
198
246
204
279
213
276
279
252
270
246
273
225
210
228
270
234
228
210
273
231
258
246
201
243
300
309
225
255
276
246
273
246
279
213
297
198
222
204
231
240
204
273
225
234
219
225
219
