237
243
288
252
228
237
276
237
279
246
255
207
231
273
219
252
234
258
282
243
285
255
309
225
267
252
291
240
240
252
261
213
192
222
294
246
243
246
285
219
246
240
273
279
303
234
240
210
204
243
186
246
201
243
216
228
228
258
246
237
228
264
249
246
240
207
255
204
207
228
249
267
276
273
258
264
243
219
228
261
225
255
261
252
249
267
264
273
246
210
231
213
279
219
288
270
252
285
225
225
201
234
288
222
267
222
213
267
246
213
255
285
255
186
252
240
270
210
225
219
225
228
249
225
210
234
240
258
252
264
195
243
234
249
258
231
213
255
225
270
228
231
255
264
249
273
198
249
294
225
276
261
252
279
228
225
246
243
261
240
252
255
249
234
285
189
258
267
201
237
237
210
234
252
258
213
240
243
264
249
243
243
249
237
225
255
219
216
264
285
210
231
222
231
225
264
195
252
243
216
276
219
258
264
261
210
252
228
183
234
252
237
225
252
192
222
252
246
267
237
276
195
309
207
282
207
231
267
213
282
255
243
222
261
204
222
225
255
231
246
249
216
234
267
198
234
252
273
261
198
264
261
237
210
207
210
222
240
285
234
252
204
258
216
186
303
237
258
273
207
279
240
228
237
237
258
213
228
234
261
231
279
243
225
246
225
246
240
198
219
255
279
294
276
240
210
246
300
180
201
