10126
10005
9881
9895
10033
10038
9986
10041
10132
10112
10039
9916
9930
10096
10002
10090
10005
9826
10281
9935
10061
9973
10055
9969
10008
9969
10125
10182
10014
10054
10098
10090
9996
9897
9880
10055
9897
10053
10065
10142
9922
9961
9908
9991
10051
9942
10065
9879
10080
10114
9873
9977
9981
10156
10061
9802
9937
10041
9887
9960
9977
10016
10097
10087
10072
9901
10022
10147
9812
9876
10059
10130
10201
10121
10034
9956
9973
9827
10146
10030
10111
9744
9703
9943
10173
10029
9941
10039
9984
10160
9979
10091
10098
10136
9865
9861
10002
9908
10225
9971
10183
9824
9825
9886
9977
9991
10028
10076
9894
10127
9949
10129
9958
9865
10059
10112
10116
10008
10023
10063
10087
9951
10210
10009
10142
10140
9794
10041
9965
10042
10079
10070
9823
9921
9942
10197
9876
10104
9870
10002
9959
10012
9917
10018
9969
10098
9915
9894
9984
9926
10040
10052
9921
10198
9979
10071
9961
10088
9898
10014
9953
9870
10036
10073
10071
10058
9976
9959
10024
10140
10018
10014
10187
10037
9825
9948
10088
10032
9909
10074
9901
9981
9902
9799
9863
10011
10101
9849
10152
10064
9863
9947
9994
10100
9914
10113
10225
10037
9948
9935
10029
10086
9867
10145
9962
9947
10003
10066
9893
10113
9833
10035
9930
10003
10021
9855
10071
10101
9993
9797
10041
10238
10126
9914
10041
9896
10018
10055
9931
10029
10003
10133
10208
9991
10048
9755
10094
9917
9700
10022
10126
9996
9934
10085
10214
9905
10017
9930
10073
10122
9920
10115
10041
10020
10074
9891
9916
9991
10022
9970
10105
9952
9940
10041
9956
9885
9919
10042
9730
10108
9850
10099
10150
9921
9974
10103
9907
9862
9961
10084
9937
10052
10053
10104
9793
9964
10120
9992
9944
9897
10030
10093
10054
9990
10079
9891
9874
9827
10010
10083
10292
9996
10060
10041
9993
9957
10166
9922
10006
9979
9845
10047
10140
10047
10150
10096
10000
9873
9948
9960
9993
9890
10145
10022
10037
9955
10025
10108
9984
9976
9922
10013
10071
10147
10008
10196
10035
10043
9956
9835
10198
9946
10103
10053
10019
9897
10057
10058
9820
10113
10110
9944
10125
10007
10050
10024
10181
9997
10150
10060
10137
9998
10042
10054
10012
10026
10205
9944
9909
9824
10106
9884
10184
9903
10089
10119
9953
9916
10002
9912
10185
10192
9907
10023
10018
10004
9992
10006
10046
9949
9918
10009
9899
9906
9906
10135
10069
9888
9996
10232
9854
9941
9805
9835
9971
9867
10042
9951
10063
10074
9908
10088
10038
9982
10086
9977
10051
10050
9874
10009
9837
9799
10099
9966
10013
9898
10133
10018
9861
9975
9873
10091
9799
10129
9939
9822
9929
9961
9889
9994
10000
10142
9979
10270
10045
9990
9990
10154
9956
10030
10000
10068
10032
9919
10051
10094
9979
10038
9969
9983
9837
9912
9994
10192
10145
10192
9952
9928
10107
9868
9993
10097
10111
9974
10112
9962
9969
10186
10034
10002
9953
9905
9968
10088
10148
9982
9811
10007
9886
10137
9941
9820
9793
10091
10228
9914
10055
10001
10200
10170
9744
9978
9932
10206
9972
9976
9977
9850
9851
10021
10035
10034
10040
10147
10019
10114
10053
9944
10062
9799
10002
9990
10113
10102
9855
9896
10037
10139
9996
9971
9999
9928
10233
10158
10068
9957
9949
10074
10108
9846
9959
10048
9847
9967
10148
9970
10029
10111
9964
10117
9938
10135
10019
9903
10009
10014
10046
9935
10048
10094
9992
10068
10095
10048
10064
10091
10147
10129
10081
9966
9981
9951
9989
10113
10000
10029
10150
10047
9981
10011
9961
9885
9945
9906
10002
10078
10094
10063
9981
10062
9999
10026
9987
10107
9977
10070
10041
9971
10057
10108
