10098
10054
9935
10014
10008
9817
9946
10094
10172
10052
10010
10010
10062
9899
10057
10039
10053
9931
10135
9812
10021
10080
10096
9980
9903
10021
9932
9966
10036
9921
10025
9985
10104
10181
9917
9974
10153
10005
10115
9880
9949
9981
10091
10054
10133
9885
10108
10054
9986
10232
9891
9901
9905
9955
10136
10082
9933
10075
10047
10103
10115
10262
10086
9982
9942
10134
9968
10086
10056
10028
10047
9776
10099
9952
10003
9977
9881
9941
9892
10086
10108
10017
9897
9942
10077
10041
10122
9935
9891
9982
10070
9975
10011
10120
9886
10136
9953
9889
9806
10232
10185
9826
10102
9930
9927
10065
10320
9998
9846
10239
10061
10180
9855
10039
10175
10092
9861
10043
10085
10093
9901
10084
10172
10108
10040
9829
10163
9874
9948
9885
9992
9963
10052
9947
10134
10005
10051
9868
9866
9820
9874
9985
10054
9717
10059
10167
9983
9975
10230
9996
10087
9903
9942
9938
9899
10047
10095
10081
10079
10171
10221
9906
10105
10026
10169
10035
9964
10088
10072
9910
10170
9965
10083
9982
10108
10124
9895
10119
9849
9928
9975
9961
10006
10033
10055
9954
9877
9844
9879
10013
10026
10014
9985
10234
10074
9967
9954
10048
9963
10134
9864
10077
10117
9954
9972
10031
9999
9933
9983
9885
9767
9885
10107
10038
9987
9960
9984
10057
10025
10025
9963
10040
10186
9866
10255
9903
9976
9972
10010
9983
10055
10008
10003
9746
10118
9894
9873
9914
9951
9806
9953
10163
10078
9946
9983
10068
9885
10065
9953
10021
9939
10055
10048
9919
10029
10004
10018
10060
9909
9890
9938
10086
9890
9908
10008
10132
10079
9976
9948
10188
9993
10159
9965
9939
9927
10238
10091
10026
9808
10175
9854
10144
9989
10064
10037
10025
10044
9935
9914
9891
10057
10004
10036
9868
10038
10013
9946
9985
9917
9929
10077
9916
9833
9969
9994
10132
10133
9832
9970
10220
9932
9927
10113
10020
9992
9935
9910
10241
10067
10007
9834
9934
9930
9994
10049
10042
9923
10061
9881
10116
9952
9932
9928
10026
9930
10043
9930
9913
10102
9945
10006
10106
9937
10067
9912
10067
10125
9870
10089
10110
9982
10176
9732
10143
10215
10046
9923
10092
9915
9997
9891
9940
10169
10214
9900
9937
9907
9980
9807
9913
10157
9906
9986
9943
9924
10007
10109
10138
10214
9957
10021
9970
10182
9999
10000
10053
10168
10015
9952
9991
10036
9975
9981
9960
10018
9888
10075
10045
9935
10289
9919
10067
10009
10170
10077
9956
10146
10026
9923
9892
9900
9974
10078
9970
10157
10069
9965
9995
9927
10019
10015
9942
10098
9901
9981
10071
9884
10134
10049
10024
10028
10032
9926
10074
10136
9954
9963
9963
10163
9985
10228
10073
9947
9798
10007
9964
10061
9961
9987
9860
10020
10205
9822
10060
10100
10157
9854
9940
10022
10029
10125
10006
9956
9930
10143
9867
9869
9862
10109
10059
9908
9959
10127
10013
10106
10030
10024
9910
9929
9988
10051
9950
9979
9883
9997
9877
10028
9941
10129
10122
10084
9884
9880
9920
10066
9950
9890
9997
10122
9981
10053
10013
10018
9988
9900
9972
10105
10001
10065
9934
9887
10274
9934
9816
9989
10110
10006
9989
10016
10024
10050
9821
9913
9971
10077
9854
10089
10085
9965
10109
9967
10082
10031
10032
9896
9854
10130
10066
10213
9898
9888
10044
10012
9940
10217
10025
10038
9928
10112
10104
9938
10039
10106
9854
9931
10046
10029
10030
9965
10116
9799
9970
9998
10060
10239
10012
10175
9944
10131
10036
10091
9834
10065
9982
10003
10046
10111
9970
10140
9973
9877
9963
10112
9982
10048
9893
10052
9872
10103
9969
10116
10123
10127
9917
10107
9919
10021
10188
10144
10020
