126
105
90
98
93
77
122
92
79
109
84
105
121
96
87
112
92
96
93
106
105
106
103
126
118
108
108
106
98
112
90
91
87
96
88
103
106
97
96
90
91
98
120
94
97
114
90
105
102
107
104
112
100
90
89
87
94
96
94
91
83
89
87
125
95
106
86
83
98
97
102
97
102
87
73
100
103
94
105
89
91
102
93
99
74
107
104
116
105
104
91
85
113
107
103
99
88
89
120
101
102
95
123
86
97
124
106
89
98
89
100
99
92
102
96
104
105
103
101
108
106
101
128
102
94
98
113
105
110
110
95
121
88
92
94
92
100
102
96
105
98
86
102
87
107
91
90
98
95
101
102
105
110
104
99
104
80
83
106
95
103
92
101
113
93
109
97
93
98
99
118
107
94
100
95
84
102
92
100
92
93
96
104
88
120
85
88
92
106
109
90
105
107
89
99
98
104
94
91
94
92
105
92
93
108
89
95
92
110
122
86
93
109
103
91
103
95
96
103
102
112
114
84
98
113
107
91
98
86
109
92
91
119
96
95
112
115
99
88
90
117
111
100
96
110
95
100
87
103
105
103
97
92
92
118
110
99
109
108
107
94
104
92
104
107
89
94
129
101
91
103
97
105
105
89
89
99
83
103
91
105
96
117
88
108
109
88
106
75
93
108
113
108
88
83
81
97
94
88
120
97
99
114
109
101
95
89
106
106
102
107
91
98
98
93
102
110
104
100
124
102
95
92
113
84
95
110
110
85
87
88
83
99
110
115
93
98
99
120
102
97
89
92
98
119
96
96
105
115
99
103
112
99
101
103
101
119
107
93
91
106
85
104
102
100
89
98
117
116
94
106
103
109
114
96
98
100
93
100
98
95
95
114
97
114
88
107
103
107
114
107
93
91
106
95
98
103
89
86
108
91
101
101
99
96
99
104
101
98
117
106
112
107
96
88
92
95
119
98
108
101
102
102
96
102
111
94
111
98
97
93
109
100
108
98
102
119
103
81
92
111
104
77
111
104
103
96
83
101
101
107
78
93
95
102
104
89
119
97
111
84
107
74
82
100
90
99
96
105
97
96
115
92
115
85
109
94
98
88
116
114
95
114
86
100
105
95
100
106
117
87
91
90
125
98
100
98
130
110
91
98
114
111
88
96
97
108
93
100
115
102
68
96
83
103
92
97
86
104
105
98
117
93
110
110
82
91
120
107
99
86
114
121
110
112
93
112
94
96
105
96
131
107
86
65
114
104
110
94
78
84
94
101
89
85
103
101
96
94
102
102
112
121
97
104
100
97
103
81
116
103
110
120
103
108
114
116
121
114
103
111
109
101
97
112
104
101
110
94
94
107
106
106
79
96
93
87
90
113
87
