979
1003
958
1015
1015
987
1019
1055
1026
995
1005
1021
971
981
1052
1026
962
982
975
1017
950
1056
999
965
1036
998
977
970
996
998
979
986
1017
982
997
951
1033
1025
1000
983
976
966
1006
1017
986
964
994
966
995
1051
1021
979
979
962
1014
995
1043
1011
1038
944
1008
1018
989
913
962
1034
1047
991
969
1025
1011
971
1056
959
1020
1036
1001
1040
971
968
1007
1021
1017
975
1018
1001
1016
1046
972
1014
1020
1019
988
1062
1045
944
1007
1001
972
1009
945
1021
927
1026
1025
1002
973
987
993
1012
1036
1045
986
1045
988
956
1002
966
1006
1001
1001
1001
970
1004
1010
1085
1072
1034
1019
1003
1022
956
997
971
999
1026
952
951
1041
950
972
930
968
1014
955
1038
961
971
990
1026
1032
1004
1027
1018
1039
987
1050
948
991
1013
991
985
968
963
1034
1032
1002
1044
930
987
979
997
958
1018
1017
977
1031
1002
1035
967
1020
1028
1011
954
985
993
945
981
1002
977
985
983
962
991
1014
994
1014
1021
984
1005
1081
988
1009
953
996
946
999
1005
1002
985
993
987
974
1002
1020
1030
977
1034
1015
1006
975
1027
1052
996
1001
993
1009
1025
1005
1050
1028
981
1051
976
972
969
983
1018
1018
975
966
1057
990
997
1037
986
974
942
1060
970
972
1054
1046
971
996
1018
987
981
1012
1018
1019
1029
956
1019
1017
960
1023
1001
972
1011
1021
989
1008
977
1010
1009
952
953
1015
994
968
1012
1034
984
1035
971
948
1019
982
1058
980
1016
1011
975
1028
1041
978
970
1016
1029
982
983
1051
975
993
961
969
963
982
1007
929
1044
1071
982
1019
995
1062
974
998
1060
987
1064
925
956
991
1014
1058
1019
978
1056
951
981
1045
1086
1005
1003
1039
938
1009
1049
1009
1007
1022
1001
1052
940
1035
985
954
999
978
955
999
1029
1044
967
1024
1004
986
953
1047
975
1020
1012
1006
1007
1055
987
948
1046
1007
987
999
969
941
973
987
975
1108
1011
997
1019
1065
1033
973
1006
995
968
976
1034
1011
961
1028
996
1027
1011
944
974
966
1013
1010
1005
1016
976
1008
942
977
1013
997
987
989
969
1015
1033
1011
1021
1025
1034
998
1009
1029
983
1011
1023
935
1013
1017
1014
990
959
1006
1046
984
1000
1041
1034
1031
937
1080
1022
1029
980
954
974
961
1030
988
1054
991
994
1020
1011
1041
1024
990
989
1020
943
962
1030
1018
989
1009
1004
1012
989
973
963
1008
986
906
1023
1008
1046
1010
962
1032
1007
999
966
996
1028
1026
1005
963
1051
961
1036
955
1068
979
967
1020
986
963
1004
1009
1057
1031
987
983
1006
1032
991
970
972
1005
995
966
1002
1054
988
995
957
976
1042
963
1008
997
973
988
1013
988
939
1072
1016
972
960
942
964
1037
1065
1002
991
1023
1006
994
1051
1035
1010
955
988
978
950
947
976
944
967
1022
1006
990
1043
951
969
966
956
947
1029
946
1052
1006
1026
932
1028
1001
976
975
1017
949
983
978
1005
970
1038
1005
989
948
960
973
1020
1023
984
1038
1020
970
991
977
1045
1005
961
945
1017
961
981
1064
973
1004
989
1046
975
