996
1052
982
991
989
1025
958
1033
978
1007
978
984
942
999
956
1014
1029
980
984
1017
1001
984
969
993
978
1001
960
1037
1015
1034
1021
990
1028
949
1033
922
1005
964
1002
1026
1077
1037
1002
1024
984
1021
1038
1002
1007
996
1011
970
1036
974
975
973
987
1022
988
997
1051
982
1032
1042
1010
998
1039
986
1010
1024
1062
974
1023
1001
991
964
1001
981
1015
1021
959
1016
1050
989
1012
1030
1053
968
972
983
1024
989
1023
1053
964
957
1016
946
990
979
966
997
1000
958
1008
1042
989
999
980
938
1018
990
951
970
999
1001
1008
987
990
948
942
981
974
987
1018
982
909
967
980
1046
996
1019
957
994
995
922
985
984
1013
1015
1006
978
997
1019
1009
1008
966
962
1026
1013
1005
982
975
1036
959
1013
1018
965
969
988
1005
999
991
963
985
989
1033
1015
1016
995
1026
1012
995
1027
970
1004
1011
949
983
1008
990
1002
1005
1012
953
998
976
1055
1027
984
964
964
975
979
1044
951
1008
1035
1023
996
965
1002
979
994
985
992
998
943
977
954
979
988
968
927
1050
981
993
999
972
1002
1035
1047
995
981
1028
1028
1045
1007
999
993
1017
979
989
994
986
964
1036
1035
1025
1005
961
1051
1018
996
996
1036
938
1015
981
1038
1009
992
966
997
1029
1013
1015
999
997
914
991
987
990
983
1020
1018
945
992
989
1008
967
1000
1083
1015
945
1048
1006
995
929
976
1011
982
1018
1015
995
986
1001
1020
978
988
974
1019
982
1020
999
931
989
997
1036
1008
967
1004
1047
979
1063
1030
1041
990
1034
1041
1017
942
1028
991
1018
997
951
1021
1061
1000
1010
1015
1041
1004
1025
963
1026
972
1008
1014
1015
1016
1020
977
1012
1005
972
1008
1016
1011
991
934
1019
1063
953
997
1003
990
1016
1043
1015
962
1038
1000
1084
1005
951
1007
1004
999
965
1030
953
1025
993
1035
1010
1011
1012
998
1033
981
959
959
963
1055
1002
1008
963
1033
1011
997
1002
1054
978
1020
930
981
966
966
992
1060
1005
1002
959
1001
964
995
1087
984
979
986
1028
1016
996
1014
1022
997
1024
972
963
1021
1060
957
1009
979
965
965
1011
1031
991
1003
935
1017
1045
1031
1045
1026
1022
981
999
1042
940
1020
1005
974
1034
980
1059
1011
932
1039
966
1008
1024
966
1013
962
992
992
984
989
975
1036
983
1018
990
1011
1006
1041
1007
999
1009
1051
998
937
996
1007
1025
1024
971
1034
989
991
963
996
987
1069
945
1028
982
964
1027
1006
974
1003
994
995
968
1020
963
1039
1008
996
974
1019
1009
1043
1020
982
1008
984
1012
965
1014
959
965
989
1001
1025
975
1008
956
994
1009
1008
1004
987
1017
1018
976
1018
1041
1025
1019
1020
1011
1034
1028
1015
948
935
1071
1023
1057
977
1021
955
978
1059
1020
999
1010
972
1011
1023
982
1016
957
957
965
988
950
1014
953
1007
976
982
982
933
959
1009
1069
1026
1032
988
1019
1076
1009
1016
995
1043
1057
980
998
1022
998
1053
1029
984
1010
951
969
958
1054
992
1018
999
967
980
1002
1063
965
974
1030
1036
1010
1017
1079
971
