12
13
12
14
11
6
11
11
12
10
19
5
8
8
10
6
7
12
6
5
9
12
6
6
5
14
7
13
12
12
9
5
3
5
6
8
14
15
10
8
13
5
7
14
6
9
11
10
10
16
4
11
10
8
14
6
9
10
13
8
7
12
12
13
10
10
12
13
13
6
10
9
3
14
14
14
8
14
9
8
7
12
7
10
9
10
12
7
15
7
15
11
12
5
4
10
12
7
9
20
11
10
12
5
7
14
4
10
8
12
7
9
17
14
11
13
13
12
13
10
9
14
9
8
2
7
10
11
4
6
5
7
11
5
11
11
12
7
12
10
8
12
9
11
7
9
8
15
14
9
7
10
12
16
9
11
10
7
7
11
11
9
10
9
7
6
12
9
6
11
14
6
12
8
8
8
4
5
13
10
11
11
9
9
10
6
11
3
12
10
14
10
8
7
12
11
12
8
10
7
11
11
12
10
10
10
8
12
7
17
9
10
6
8
14
6
13
11
8
13
12
6
7
9
8
16
8
3
4
15
10
5
8
8
19
10
11
9
8
12
11
14
12
12
10
17
6
8
8
10
8
8
11
4
7
6
7
14
12
14
10
11
9
16
5
14
10
4
10
2
11
10
13
7
11
9
8
5
6
7
11
4
9
8
14
5
12
11
10
9
11
11
10
12
12
8
12
12
12
13
9
4
12
10
17
8
7
14
7
12
9
8
9
10
7
13
11
13
17
11
16
9
9
6
7
12
9
6
9
6
4
18
8
14
7
13
10
10
9
5
7
9
12
12
5
4
9
9
11
11
8
6
7
9
8
11
9
6
8
13
5
16
10
10
6
7
5
11
13
13
10
6
9
14
12
9
19
12
3
19
7
7
10
6
7
6
12
12
9
8
12
10
7
14
10
5
3
10
9
15
8
7
9
8
6
11
9
4
9
11
7
6
13
8
13
7
11
12
12
11
8
7
9
20
8
11
4
7
20
6
5
5
10
10
9
13
7
11
13
10
9
3
11
7
6
15
11
16
12
14
14
12
8
10
16
11
14
8
9
7
11
5
10
11
17
9
6
8
15
8
12
8
8
11
7
14
6
10
11
10
9
10
18
5
5
10
11
14
9
13
11
9
8
5
12
10
8
14
8
8
9
8
12
8
12
10
13
12
11
13
16
12
6
9
12
11
10
6
10
16
17
14
10
11
9
16
12
11
8
3
7
11
12
12
11
9
7
10
12
12
11
10
7
9
12
12
8
4
10
20
11
8
7
13
11
9
11
7
14
6
7
15
7
6
12
8
15
11
8
15
11
6
10
8
11
12
13
11
7
9
8
11
11
8
5
9
5
7
7
7
10
8
9
12
13
13
9
6
9
17
