1018
1023
1001
1065
1019
1018
999
1034
975
1001
936
1001
1013
1051
1024
1041
1001
965
957
1006
1021
919
986
977
963
1058
1009
1048
1036
1014
987
976
958
1033
1037
1002
981
1010
1023
964
974
998
1017
1031
1015
1005
939
1019
1033
1009
1037
1014
1052
975
987
1027
953
964
1005
942
977
1027
1045
994
1017
1026
924
987
949
998
1025
985
1076
1015
1064
1008
1067
1017
987
948
986
1020
993
979
992
963
1046
989
983
933
984
975
990
984
1006
941
968
964
985
908
1074
1016
1045
997
948
979
992
1012
991
995
1013
1043
977
996
985
959
1017
1020
954
1010
990
1053
1019
990
994
1009
1053
970
981
970
986
995
996
1003
1031
983
980
1031
1010
994
968
993
957
965
995
973
1010
982
997
975
977
987
961
994
940
1006
1032
952
1042
1041
965
1006
1002
1033
1019
1049
1016
957
988
1021
1051
956
1057
982
943
999
943
1014
974
947
1019
1065
1016
1005
1000
1031
986
997
1063
995
962
1036
997
965
1016
961
1017
1015
1007
1023
1018
1059
1032
963
966
993
984
1025
1003
1020
1021
1028
1080
1006
1040
992
1068
1025
960
1034
1049
1005
1010
1054
930
1000
1016
1054
995
982
985
985
989
988
979
980
1018
1048
941
978
989
1043
1023
1022
1026
988
977
1017
1010
1007
1045
998
965
1010
1023
979
1014
1040
1008
938
1009
940
1008
977
1042
1003
1040
1030
1036
994
1079
1054
993
1044
998
977
1013
968
998
1000
1088
976
1032
993
977
984
1005
933
1003
1026
995
945
967
1024
972
973
1069
1068
975
996
992
990
970
1026
962
931
999
1007
977
1004
957
1029
1030
1001
952
1020
979
970
1008
1011
992
1016
1001
1026
992
1007
977
1033
1000
998
1039
1014
942
987
1003
965
1029
1013
982
997
1007
1023
970
1040
992
938
1031
1026
983
978
1059
981
1010
985
940
993
1020
996
996
985
979
945
1023
1030
955
1023
1024
1005
977
1004
980
1023
1026
966
993
1027
986
947
1014
984
1039
1043
969
1001
973
958
982
976
994
1031
1007
978
992
926
973
1050
1018
1014
969
988
995
1044
989
1034
1008
1005
1011
938
996
1022
1033
1010
990
972
991
976
989
963
968
998
978
985
1028
994
1024
959
924
952
973
980
978
987
964
983
1012
987
972
991
1025
1038
1069
1005
1005
975
945
1033
948
1001
962
1024
983
1025
1008
1006
1036
1020
979
994
1105
982
1045
968
997
967
1062
1007
1001
947
1033
997
1034
1061
1033
980
978
1005
979
998
1019
1013
977
981
1073
1002
972
1030
945
983
1006
1078
1018
1026
987
981
1044
983
981
1018
1022
1016
971
1002
966
998
987
1003
1019
969
979
988
973
990
1010
993
980
1054
1003
1032
964
955
998
968
1057
971
1006
1005
1001
1013
994
993
1003
982
1000
975
1034
980
967
1027
1046
1021
966
987
1049
1043
955
939
994
1017
996
1011
991
955
967
965
993
1028
1018
974
1001
996
1012
995
1004
954
981
978
1038
975
981
970
1024
1007
1067
1023
991
1003
1025
1033
1072
976
1003
999
984
1051
1042
981
1020
998
1051
961
1009
944
1009
1010
958
1031
992
1010
974
1008
