9994
10010
10026
10015
10015
9894
9945
10119
10019
10174
10092
9985
10110
10152
9974
10009
9957
10074
9961
9969
10187
9840
10105
10101
9859
9840
9964
9870
9907
10103
10056
10098
10121
9946
10039
10104
10046
9974
10006
9693
9831
9864
10090
10037
10166
9982
10222
9936
10085
10249
10048
10020
9814
10096
10072
10102
10064
10046
10078
9882
10142
10140
10025
10123
9855
9890
9800
9934
10282
10076
9967
9965
10077
9907
9775
10102
9896
9851
10057
10062
10020
10013
10038
9954
10000
10236
10155
9977
9960
9903
10212
9984
10173
9984
10113
9783
9872
10069
9977
9984
9872
10038
10101
9928
10105
10026
9858
10001
9913
10007
9957
9904
10045
9949
10030
9998
10057
10109
9922
9981
9948
9968
10201
9966
9978
10208
10082
10045
9933
9977
9977
10145
9701
10054
9998
9894
10083
9975
9908
9969
9885
10063
9899
9958
9881
10139
9801
9945
9995
9960
9884
9893
10065
10017
9943
9980
10045
10121
10144
9806
10005
10180
10087
10134
9965
10146
9921
10050
10195
10044
10070
9928
9992
9915
10163
10096
9962
9885
10139
9991
9953
9972
9944
9786
10032
10042
9988
9988
9841
9909
10001
9900
10011
9910
10096
10205
10033
10126
9769
9981
10033
10083
10090
10073
10062
10019
10011
10029
9773
9888
9943
10180
9969
9995
9989
10168
9637
9908
9880
9777
9888
10185
9663
9797
10103
10007
9997
10083
10013
9917
9923
9952
10191
9816
9950
10072
9875
9905
9963
10178
10021
10119
9872
10052
10117
9853
10191
9853
9931
9929
9996
10015
10069
9783
9882
9970
10078
10222
9908
9763
10114
9794
10044
10054
9962
10116
10047
10012
9990
9966
9844
9911
10050
9906
10111
9969
9946
9889
9844
10079
10084
9956
9875
9955
10137
9936
9828
9958
10061
9975
9947
10103
10073
9980
10012
9962
10232
10128
10101
9970
9972
10034
9865
9964
10109
9846
9914
10069
9975
10135
10028
10129
9929
10100
10081
10018
10059
9942
10059
9896
10005
10066
9898
10135
10079
10099
9884
10197
10006
9999
10116
10105
10012
9902
9842
10131
10084
10018
9954
9889
9999
9847
9903
9845
10052
9966
10155
9999
9985
10307
9880
9941
10101
9870
9860
9906
10073
10087
9975
9894
10161
10129
10044
10167
9823
9974
9987
9946
10187
9957
9860
10003
9898
10036
10182
9992
10017
9976
10027
9864
9926
9924
10031
10084
10045
9976
9928
9984
9746
9952
9964
9873
9949
9928
9948
9995
10150
9996
10075
10095
10056
9965
9977
9986
10078
10037
9849
9900
9891
9978
9982
9967
10016
10036
9895
10091
9848
10051
9937
9918
9909
10060
10187
9931
9888
9943
9990
9960
9887
9981
10121
9968
10101
10057
10031
10069
10014
10101
9988
10073
9979
10075
10032
10024
9906
10007
10030
9950
9913
10100
10055
9938
9888
10007
9966
9952
10028
10073
10056
10096
10131
10051
9857
10052
9947
10046
10140
10076
9985
9942
10131
9988
10136
9933
10093
9908
10051
10043
9934
10051
10093
9851
9896
9897
10080
9991
10136
10041
9998
9978
9972
10011
9939
10140
10109
10148
10129
9943
9924
9877
10161
9943
10070
10047
9838
10071
10147
9957
10065
9939
10127
9846
10046
9956
9975
9947
9981
10071
9961
10006
9908
10131
10061
10068
10023
10029
9898
10114
10046
9833
9913
10164
9976
10074
9869
10012
10095
9955
10045
10185
10097
9903
9986
9958
9798
9872
9939
10098
10037
9948
10256
10006
9953
10004
10021
9881
9979
9938
9976
9984
10251
10017
9999
10039
9965
9947
10187
10015
9997
9825
9960
9955
10082
10077
10091
10128
9968
9881
9999
10004
10203
10013
9916
10066
10006
9905
10041
10062
9907
10107
10005
9929
10011
10130
9977
10026
10189
10000
10010
10028
