10091
9857
10068
9887
10115
10008
9985
9998
10112
10049
9923
10002
9954
10226
9938
9968
9752
10112
10070
10037
10039
10145
9934
10085
10000
10155
10164
9955
9854
9907
10203
9972
9791
10109
10101
9972
9956
10125
9866
10141
10079
9922
9835
9935
10052
9954
10063
9769
9958
10003
10033
9883
10012
9795
9859
9903
10049
9971
10001
9887
10097
9915
10068
10028
9803
9954
10083
9878
9959
9993
9991
9961
10082
9975
10074
9973
10075
9935
9885
10121
9921
9869
10008
9858
10087
9928
10060
9936
9963
9880
10008
10086
9988
10203
9963
10002
9942
9986
9992
10019
9927
10123
9999
9818
10090
10001
9947
10039
10041
10062
10013
10024
9977
10093
9885
10044
9867
9834
10038
9954
10092
10155
10035
9827
10123
9977
10038
9923
9950
10060
10092
10110
9802
9871
9925
10115
9998
10061
9911
9890
10120
10176
9901
9979
10030
9932
10086
10101
9960
9816
10156
10017
10248
10046
9936
10076
9855
9938
10051
10063
10069
9900
10130
10089
9945
9976
10026
9999
10085
9845
10068
9839
9946
10149
9907
10096
9842
9909
9820
9980
10012
10021
10185
10105
10093
10067
9945
10070
10030
10015
9862
9886
10060
10170
10105
9956
10047
10064
9972
10072
9956
10013
10058
9939
10009
9985
9902
10073
9904
9935
9968
9970
10094
9962
9942
9998
9932
9933
10009
10161
9892
10000
10038
10064
10030
9964
10181
9858
9943
10075
9839
9880
9923
10086
9990
9978
10061
10023
10085
9905
9818
10060
10046
10057
9947
9866
9953
10008
10251
9915
10032
9936
9961
9989
9744
10017
10111
10008
9984
9916
10056
10056
9990
10039
9897
10187
10105
10133
9944
10099
10133
9858
10024
9911
9843
9986
9964
10036
9851
9901
10010
9860
10070
9951
10019
10059
9913
9812
9981
10082
10107
10028
9889
10066
9897
10039
10102
9988
9861
9967
9959
9996
9948
9968
9875
10035
10000
10044
10023
9952
9816
10052
10170
9980
10112
10005
9975
10083
9870
10088
10013
9925
9948
9959
9905
9979
10111
9946
9991
9972
9783
10020
10042
10040
10005
10112
10052
9951
10110
9786
9989
10092
10113
10060
10063
9823
10063
9951
10014
9984
10134
10053
9993
10094
10023
10124
9862
10014
9911
10010
9841
10061
9865
10022
9932
10198
9866
9936
10027
9972
9904
10054
10020
9974
10112
10109
10126
9888
10046
9941
9899
10071
10152
10150
9993
10039
9930
10161
10108
9885
10024
10124
10078
9973
10025
9941
9970
9816
10139
9986
10089
9989
9979
10003
10101
10042
10045
9873
10015
10041
10030
10107
10137
9958
10197
10031
10003
10045
10146
9981
9969
10062
10163
9879
10219
10015
9996
10071
10048
10064
10036
10175
10154
10091
9866
10278
10105
10153
10024
10045
9984
10154
9977
9896
10062
10005
10106
9913
9915
10101
9909
10004
10081
10026
9894
9905
10075
9968
10123
10049
10118
9875
10066
10099
10019
9987
10004
9975
9775
9923
9856
9920
10157
10049
10084
10054
9877
10169
10136
9856
9975
9953
9967
9940
10091
9853
9916
10078
9881
10029
9930
10145
9975
10140
10131
9833
10078
9848
9976
10113
10037
10042
10056
10026
10100
9970
9970
9916
9952
10077
9974
10062
9825
9982
9940
9938
9992
9924
9996
9982
10202
10013
9952
9971
10116
10107
10065
10114
9964
10033
10263
10031
10255
10074
9911
9945
9963
9996
9994
10003
9797
10005
10029
10121
10007
10187
9993
9921
9842
10034
9915
10053
9893
9941
10050
10008
9902
9796
9813
9906
9922
9900
10021
9987
10058
10039
10071
10128
10062
9957
10072
10127
10079
10067
10073
10084
9984
10085
9974
10098
10008
9889
10035
9814
10018
10143
10076
9864
10113
10041
10007
10002
10055
10256
10071
9870
9893
10198
10069
10029
