100
107
105
89
96
96
112
86
108
106
93
119
123
109
116
101
92
95
104
110
92
97
99
102
100
110
106
90
124
102
95
99
98
93
110
96
81
123
112
99
91
112
83
108
99
91
107
106
101
99
113
105
107
94
100
87
118
93
118
107
121
93
90
102
107
90
91
99
110
96
87
91
102
103
84
100
105
88
87
107
113
100
93
85
99
76
84
91
107
99
89
88
107
102
107
94
87
94
118
112
130
122
90
110
115
92
102
114
77
98
93
101
88
93
92
92
109
96
95
104
104
106
97
111
104
113
102
105
106
88
114
95
104
97
75
98
105
118
79
109
92
85
102
104
90
106
99
95
118
90
89
103
114
95
92
114
108
104
108
100
114
112
113
98
114
85
81
96
97
109
104
85
95
110
80
87
76
87
100
116
100
103
100
107
81
87
100
99
98
97
81
118
70
100
115
83
99
97
95
86
122
90
87
111
104
98
100
102
92
116
104
87
85
102
98
85
119
92
86
94
105
108
95
105
95
112
95
109
94
99
90
92
113
85
100
97
92
88
100
95
103
86
96
103
78
78
97
89
99
115
89
96
122
92
109
91
115
118
111
94
112
92
79
90
110
87
94
106
99
102
106
94
96
96
98
98
102
112
102
105
110
107
80
91
107
112
103
94
96
103
99
97
104
100
100
88
115
107
97
107
102
96
104
114
99
94
98
93
98
96
124
97
110
115
104
80
103
96
106
106
85
106
93
100
119
105
96
99
103
105
113
93
93
94
100
102
97
93
93
106
97
95
114
93
84
94
127
118
77
118
79
93
114
98
100
87
114
86
86
115
96
103
113
94
107
108
93
87
99
107
89
120
108
90
101
96
91
109
111
98
99
119
90
89
110
96
100
108
94
103
109
90
98
93
103
94
90
110
85
95
88
107
108
89
115
94
91
101
122
101
110
96
104
69
105
99
93
93
99
87
85
98
110
92
123
101
118
108
95
98
89
105
91
100
89
89
111
112
113
109
87
102
99
90
120
124
79
107
95
107
105
91
93
114
103
108
89
100
94
87
81
117
107
111
121
124
108
80
91
104
111
102
93
107
90
107
90
110
115
95
98
102
104
108
81
96
106
96
93
95
109
109
93
112
106
85
107
88
91
94
117
94
97
94
102
103
100
91
103
100
113
96
92
94
106
106
109
108
111
104
101
94
101
105
99
86
97
95
126
101
122
110
99
91
106
103
113
98
126
83
95
89
94
85
86
86
103
90
111
86
87
81
117
90
99
117
96
98
112
105
96
91
100
104
99
92
105
81
109
86
99
82
89
105
105
101
106
99
110
119
89
106
108
95
102
109
104
99
113
87
90
95
81
78
91
102
86
100
92
94
