100
94
100
104
101
89
99
79
96
118
109
110
103
110
111
95
98
110
102
105
107
96
103
103
78
95
84
98
111
95
95
95
101
95
104
98
98
113
102
93
100
94
77
114
103
101
90
97
120
96
102
99
104
114
103
94
94
84
116
101
81
87
97
110
101
110
100
96
97
93
86
92
96
105
110
93
84
90
101
103
90
91
83
98
113
116
102
93
101
106
91
99
97
92
108
109
101
104
109
100
98
108
97
87
108
104
93
87
101
88
98
89
109
106
97
105
84
93
89
112
102
97
84
95
120
82
98
95
90
117
113
98
101
103
93
76
95
87
103
104
100
98
102
94
80
110
91
99
98
90
112
100
115
103
106
117
84
104
106
75
99
84
108
105
104
101
93
98
95
87
101
93
86
111
91
103
91
103
97
111
111
93
103
99
106
108
104
107
96
95
90
92
94
104
101
103
108
101
103
115
111
109
89
90
94
110
90
85
101
88
109
102
106
102
110
96
103
93
99
86
102
110
115
93
108
95
106
102
104
87
89
88
99
115
80
95
97
111
84
104
80
94
107
96
97
119
94
88
116
105
101
100
97
98
105
92
113
97
82
117
90
109
110
103
102
96
89
93
102
93
99
106
99
101
95
89
103
110
112
92
101
101
105
88
114
106
93
89
75
98
104
101
106
102
95
107
96
107
102
87
95
90
111
92
97
102
103
91
100
95
83
98
130
123
86
92
110
120
92
105
81
104
95
98
92
90
105
103
110
91
89
100
102
100
85
119
89
98
110
87
107
97
102
104
92
102
97
103
89
100
109
97
86
96
116
106
92
106
92
86
118
99
90
74
104
83
95
110
108
114
84
91
108
107
91
110
105
108
108
92
96
107
104
91
88
99
97
95
106
122
111
98
87
123
107
98
89
86
108
103
118
92
91
103
111
116
89
103
101
112
84
88
116
99
120
104
90
81
85
107
99
109
88
102
92
111
104
100
97
112
83
101
101
98
86
107
94
92
96
103
87
107
109
69
97
102
107
86
77
103
110
109
93
103
93
108
100
100
113
90
95
115
82
119
98
96
110
97
118
88
91
99
106
111
83
98
108
105
90
89
101
88
78
92
110
116
97
79
97
89
102
107
87
80
93
110
97
92
109
105
99
116
79
99
103
100
87
94
96
109
97
77
94
100
93
101
96
93
95
95
94
124
95
118
109
114
106
101
104
89
92
112
94
112
105
105
105
101
98
108
88
96
107
94
82
106
109
109
103
114
116
107
91
103
89
100
110
109
103
107
103
91
107
81
81
114
107
100
91
91
97
130
101
98
91
94
104
95
90
118
99
96
95
103
108
102
115
100
103
88
83
106
92
93
112
98
101
109
101
109
