9677
10016
10081
9963
10078
9907
10013
9857
9940
9862
10023
9859
10110
10049
9992
10005
9774
10005
10064
10147
9886
10059
9853
10118
9962
10016
9985
9909
10102
9815
9950
10125
10009
9847
10022
9949
9894
9930
10181
10102
10082
9939
10057
9976
10090
9867
10105
9825
9998
10063
9885
9991
9884
10020
9937
10047
10099
9981
10046
10048
9952
9900
9962
10099
9866
10019
9974
9803
10025
10031
9975
9951
10072
9891
10033
10131
10124
9978
10038
10121
10114
10072
10180
9939
10111
9891
10208
10161
9907
10031
9952
9971
10088
10103
9990
9943
9968
9910
9877
9936
9910
10012
9914
10000
9793
9873
10073
10052
10159
10010
9960
9744
10156
9924
9981
9841
9980
10030
9946
10103
9981
10213
9997
9773
9985
9908
9890
9939
9993
10004
10046
9924
10090
9917
10023
10090
10029
10055
10092
9987
10086
10106
10130
9954
10201
10057
10111
10145
10140
9909
10077
10031
9986
9928
9958
9954
9869
9942
10199
9960
9918
9865
9893
9999
9928
9899
10150
10057
10030
10030
9815
9876
10130
10023
9994
9974
10151
10000
9974
9837
9858
10130
10005
10008
10154
9965
10101
10146
9952
10169
9945
9930
10017
9944
10025
9879
10066
9910
9981
9996
9945
9909
9931
9802
10118
10138
10012
10126
9797
10038
9909
10073
9888
10168
9996
10228
9904
10076
10016
10120
9812
10047
10058
9818
9880
9869
10047
10077
10059
9923
10076
9944
10049
9949
9859
10098
10079
10020
9993
9945
10043
9824
10007
10001
9959
10095
9978
10012
9968
10135
10067
9912
10052
10045
10109
10165
9824
9997
9983
9923
10033
10144
10140
10045
9948
9865
10059
9928
9924
10018
10027
9976
9982
9920
10013
9985
10106
9968
9886
9865
9946
10032
10072
9893
10258
9910
9912
10061
9967
10052
10038
9840
10128
9946
10091
9993
10142
9884
9920
9874
10059
10024
9797
10041
9930
9995
9837
10130
10007
10041
10019
9935
10092
9877
10026
10120
10194
10183
9851
9604
9903
9863
9927
10037
10052
9875
10122
9967
10007
10056
10089
10051
10001
10016
9961
9788
9805
9983
9910
10062
10044
10233
9909
10007
10058
10140
9942
9924
9870
9994
9997
9927
10095
9795
10088
9756
9925
10089
10011
9855
9899
10112
10045
9949
9912
10117
10101
10058
9966
9968
9892
9955
9909
10030
10029
9983
10118
9978
9888
9915
9931
10105
9949
10089
10108
10069
9944
9983
9969
10129
9911
10041
10108
10007
10057
10073
10010
10007
10060
10056
10124
10011
10123
9781
10076
9736
9977
10084
10088
10075
9973
10042
9965
9933
10037
9941
9841
10014
9989
9989
10019
9872
10046
10059
10040
9867
10093
10053
10028
10096
10080
9858
10042
10102
10039
9955
10080
9928
9809
10021
9868
10038
10159
10055
9899
9995
9861
9944
9905
10023
10066
9993
9965
10114
9995
9935
9977
9831
10053
10012
10121
10033
9979
9896
10022
10014
10015
10049
9979
9962
9922
10076
10018
9956
10117
10151
9944
10033
9932
10100
10067
10105
9983
10027
10012
10016
9945
10075
10047
10220
9891
9932
10185
10309
9965
9885
9939
9929
10104
10097
9958
9973
9841
10137
10048
10016
9965
10022
9877
9917
9900
10164
10000
10092
10099
10097
10067
10195
10027
10058
9920
9914
9989
9884
9969
10116
10123
10035
9876
10029
9991
9924
9942
9955
9909
9853
10133
9932
10016
10097
9987
9927
9909
10172
9872
10151
10087
9862
9866
9896
10037
10001
9966
10007
9853
10090
9835
10043
10006
10003
10157
10033
10045
10037
9948
9937
10210
9689
9943
9851
9885
10194
9885
9881
9987
10035
10032
10023
9937
10039
10147
10107
10098
9818
9987
9772
9885
10005
10167
9894
10075
9888
9959
9911
9755
9983
9964
9958
10099
9990
