83
100
105
106
116
94
116
99
98
102
107
93
108
102
107
104
85
86
102
102
101
87
101
94
107
100
93
113
98
94
83
110
126
110
103
125
112
123
100
85
93
89
94
91
93
96
116
103
88
92
110
95
103
93
81
108
96
100
113
84
107
112
98
113
102
97
103
95
107
94
115
78
92
102
94
104
103
96
96
103
101
111
108
83
119
117
106
102
106
102
97
107
115
94
111
95
115
99
93
101
97
116
113
96
102
98
99
108
88
94
93
93
105
86
93
97
89
82
100
88
100
96
98
111
102
96
113
103
98
85
90
114
108
84
108
83
98
103
97
102
105
130
107
98
112
92
114
111
98
86
80
96
113
94
96
90
104
109
102
87
90
116
111
78
105
89
98
88
106
93
106
95
105
110
78
100
103
110
120
100
111
109
106
111
97
86
103
112
101
111
89
90
107
99
96
87
84
98
106
110
93
91
81
92
79
99
114
107
95
103
101
101
95
90
84
98
110
104
85
106
97
110
102
83
99
104
101
100
82
104
116
92
85
105
102
87
105
107
87
89
71
103
89
106
84
94
103
88
98
87
93
117
99
97
100
92
98
96
109
88
96
89
110
96
86
108
110
100
107
100
99
96
94
113
107
100
123
85
110
104
92
93
97
95
117
116
94
100
97
87
93
110
91
111
99
92
86
97
106
105
102
109
85
105
108
80
107
94
93
86
105
115
93
110
97
129
103
84
90
86
103
105
97
79
92
120
91
109
110
96
104
92
85
121
104
83
110
97
88
92
104
92
105
110
83
117
97
109
93
106
101
97
95
94
97
103
102
89
95
99
85
92
91
85
93
96
99
105
114
104
102
94
87
117
95
96
101
119
100
104
117
77
86
94
92
90
110
107
88
106
111
105
101
111
93
104
116
105
96
109
97
98
91
89
84
107
99
107
102
100
97
107
103
102
99
91
92
92
103
114
111
91
107
77
95
80
98
112
103
109
100
98
88
103
88
102
108
119
121
111
109
108
119
111
107
98
109
111
89
98
104
105
118
99
107
108
96
90
99
102
97
92
87
90
105
96
105
102
99
87
104
101
101
93
82
98
87
90
97
75
89
94
103
108
125
107
80
105
94
90
89
95
94
86
111
93
95
84
104
95
91
98
89
113
114
114
112
104
89
118
101
90
99
106
83
90
102
91
105
122
101
101
89
92
98
77
109
101
118
95
96
118
93
101
111
101
91
98
110
87
94
101
105
112
92
104
93
99
98
103
90
101
106
102
80
99
92
124
96
84
112
112
94
103
96
100
93
90
97
86
96
100
113
123
95
84
87
108
105
114
93
102
123
104
110
106
121
109
104
99
73
113
123
109
106
110
95
110
93
110
